FNUS85 KMSO 232100
FWMMSO

FCST,101100,221024,13,6,50,62,1,1,,08,,54,36,74,49,0,3,N
FCST,101100,221025,13,1,56,49,1,1,,02,,56,39,82,49,10,0,N
FCST,101100,221026,13,2,52,56,1,1,,03,,57,39,79,42,2,6,N
FCST,101100,221027,13,2,54,50,1,1,,05,,54,33,77,50,4,0,N
FCST,101100,221028,13,2,58,41,1,1,,07,,58,38,66,41,0,0,N
FCST,101100,221029,13,2,59,44,1,1,,07,,60,40,69,36,0,1,N
FCST,101100,221030,13,2,57,58,1,1,,06,,61,43,84,39,3,2,N
FCST,101037,221024,13,6,48,65,1,1,,08,,51,28,99,58,1,3,N
FCST,101037,221025,13,1,53,54,1,1,,04,,53,32,100,54,10,0,N
FCST,101037,221026,13,2,49,60,1,1,,03,,55,31,100,47,1,6,N
FCST,101037,221027,13,2,51,53,1,1,,04,,51,27,100,53,4,0,N
FCST,101037,221028,13,2,56,45,1,1,,06,,56,30,88,45,0,0,N
FCST,101037,221029,13,2,58,47,1,1,,06,,58,33,91,39,0,1,N
FCST,101037,221030,13,2,55,65,1,1,,06,,59,37,100,44,3,2,N
FCST,100603,221024,13,6,39,96,1,1,,06,,45,30,100,70,0,8,N
FCST,100603,221025,13,2,45,79,1,1,,08,,45,34,100,79,10,1,N
FCST,100603,221026,13,2,41,90,1,1,,06,,47,33,100,70,7,5,N
FCST,100603,221027,13,2,46,76,1,1,,06,,46,31,100,76,1,0,N
FCST,100603,221028,13,2,49,64,1,1,,07,,49,34,98,64,1,1,N
FCST,100603,221029,13,2,50,70,1,1,,06,,50,37,94,62,3,2,N
FCST,100603,221030,13,2,48,84,1,1,,07,,50,38,100,69,3,2,N
FCST,100606,221024,13,7,33,99,1,1,,08,,37,29,100,87,0,8,N
FCST,100606,221025,13,2,36,99,1,1,,07,,37,33,100,93,10,2,N
FCST,100606,221026,13,2,35,100,1,1,,06,,37,31,100,82,7,5,N
FCST,100606,221027,13,2,35,100,1,1,,05,,36,30,100,83,3,0,N
FCST,100606,221028,13,2,38,88,1,1,,04,,38,32,100,73,1,1,N
FCST,100606,221029,13,2,41,93,1,1,,05,,41,35,99,71,3,2,N
FCST,100606,221030,13,2,40,100,1,1,,06,,42,36,100,81,3,2,N
FCST,100714,221024,13,6,39,99,1,1,,03,,47,32,100,76,0,3,N
FCST,100714,221025,13,2,48,83,1,1,,03,,48,38,100,83,11,1,N
FCST,100714,221026,13,2,44,90,1,1,,02,,49,35,100,77,2,5,N
FCST,100714,221027,13,2,46,87,1,1,,02,,46,33,100,87,1,0,N
FCST,100714,221028,13,2,46,79,1,1,,03,,48,33,99,79,0,1,N
FCST,100714,221029,13,2,50,81,1,1,,02,,51,35,99,74,2,2,N
FCST,100714,221030,13,2,49,92,1,1,,03,,52,40,100,77,3,2,N
FCST,100711,221024,13,6,36,100,1,1,,04,,41,23,100,82,0,3,N
FCST,100711,221025,13,2,43,82,1,1,,04,,43,28,100,82,15,1,N
FCST,100711,221026,13,2,40,90,1,1,,02,,44,24,100,76,2,6,N
FCST,100711,221027,13,2,42,83,1,1,,02,,42,23,100,83,5,0,N
FCST,100711,221028,13,2,46,76,1,1,,02,,46,21,100,76,0,1,N
FCST,100711,221029,13,2,47,78,1,1,,02,,47,25,100,69,2,1,N
FCST,100711,221030,13,2,46,89,1,1,,03,,48,30,100,75,3,2,N
FCST,100901,221024,13,6,36,99,1,1,,13,,38,33,99,71,0,3,N
FCST,100901,221025,13,1,41,75,1,1,,08,,41,36,100,75,10,1,N
FCST,100901,221026,13,2,36,93,1,1,,07,,42,35,93,68,6,6,N
FCST,100901,221027,13,2,40,77,1,1,,05,,40,33,93,71,4,0,N
FCST,100901,221028,13,2,43,68,1,1,,06,,43,36,77,62,0,1,N
FCST,100901,221029,13,2,44,72,1,1,,07,,45,39,72,58,2,2,N
FCST,100901,221030,13,2,44,87,1,1,,07,,46,40,89,68,3,2,N
FCST,101014,221024,13,6,39,91,1,1,,03,,41,28,100,81,0,3,N
FCST,101014,221025,13,2,45,69,1,1,,04,,45,33,100,69,15,1,N
FCST,101014,221026,13,2,40,81,1,1,,03,,46,31,99,66,2,6,N
FCST,101014,221027,13,2,43,72,1,1,,02,,43,28,100,72,5,0,N
FCST,101014,221028,13,2,47,64,1,1,,03,,47,30,96,64,0,0,N
FCST,101014,221029,13,2,48,68,1,1,,03,,49,33,94,62,0,1,N
FCST,101014,221030,13,2,46,85,1,1,,03,,50,36,99,67,3,2,N
FCST,100708,221024,13,7,36,96,1,1,,04,,37,25,100,74,1,3,N
FCST,100708,221025,13,2,36,93,1,1,,05,,37,29,100,93,16,1,N
FCST,100708,221026,13,2,36,99,1,1,,03,,37,24,100,90,2,5,N
FCST,100708,221027,13,2,35,97,1,1,,03,,36,24,100,95,3,0,N
FCST,100708,221028,13,2,42,82,1,1,,03,,42,23,100,79,0,0,N
FCST,100708,221029,13,2,43,83,1,1,,03,,43,28,100,79,1,1,N
FCST,100708,221030,13,2,40,98,1,1,,03,,43,31,100,83,3,2,N
FCST,101013,221024,13,6,42,79,1,1,,03,,43,29,88,63,1,3,N
FCST,101013,221025,13,1,46,59,1,1,,04,,46,34,91,59,15,1,N
FCST,101013,221026,13,2,42,70,1,1,,03,,47,31,84,57,1,6,N
FCST,101013,221027,13,2,43,64,1,1,,02,,43,29,83,64,4,0,N
FCST,101013,221028,13,2,50,56,1,1,,04,,50,30,76,56,0,0,N
FCST,101013,221029,13,2,50,57,1,1,,04,,51,33,77,55,0,1,N
FCST,101013,221030,13,2,48,69,1,1,,04,,52,37,86,57,3,2,N
FCST,101028,221024,13,6,45,73,1,1,,03,,47,24,100,66,1,2,N
FCST,101028,221025,13,2,47,68,1,1,,04,,49,31,100,68,16,1,N
FCST,101028,221026,13,2,44,75,1,1,,03,,51,25,100,59,1,5,N
FCST,101028,221027,13,2,44,70,1,1,,02,,48,25,100,66,2,0,N
FCST,101028,221028,13,2,51,63,1,1,,03,,51,22,100,59,0,0,N
FCST,101028,221029,13,2,52,64,1,1,,02,,56,26,100,53,0,1,N
FCST,101028,221030,13,2,47,79,1,1,,03,,56,32,100,55,3,2,N
FCST,101031,221024,13,6,42,68,1,1,,04,,42,20,100,64,2,2,N
FCST,101031,221025,13,2,41,64,1,1,,04,,43,26,100,64,16,1,N
FCST,101031,221026,13,2,41,68,1,1,,02,,43,19,100,59,2,5,N
FCST,101031,221027,13,2,41,68,1,1,,04,,42,21,100,64,3,0,N
FCST,101031,221028,13,2,47,57,1,1,,04,,47,18,100,57,0,0,N
FCST,101031,221029,13,2,48,56,1,1,,04,,48,23,100,53,0,1,N
FCST,101031,221030,13,2,45,70,1,1,,04,,49,28,100,53,3,2,N
FCST,101045,221024,13,6,43,59,1,1,,05,,43,16,100,57,1,2,N
FCST,101045,221025,13,1,46,44,1,1,,04,,46,23,100,44,15,1,N
FCST,101045,221026,13,2,42,55,1,1,,04,,46,19,100,44,1,8,N
FCST,101045,221027,13,2,43,51,1,1,,03,,43,16,100,51,5,0,N
FCST,101045,221028,13,2,50,43,1,1,,04,,50,16,100,43,0,0,N
FCST,101045,221029,13,2,51,43,1,1,,05,,51,20,100,43,0,1,N
FCST,101045,221030,13,2,49,58,1,1,,05,,51,26,100,43,3,2,N
FCST,101050,221024,13,6,37,85,1,1,,10,,37,28,100,69,1,3,N
FCST,101050,221025,13,1,41,63,1,1,,04,,41,31,100,63,11,1,N
FCST,101050,221026,13,2,38,74,1,1,,04,,42,29,91,62,2,6,N
FCST,101050,221027,13,2,41,65,1,1,,02,,41,26,95,65,4,0,N
FCST,101050,221028,13,2,46,55,1,1,,04,,46,29,81,55,0,0,N
FCST,101050,221029,13,2,47,58,1,1,,04,,47,32,81,55,1,1,N
FCST,101050,221030,13,2,44,75,1,1,,04,,47,35,96,58,3,2,N
FCST,101019,221024,13,7,28,80,1,1,,10,,30,20,97,56,4,2,N
FCST,101019,221025,13,1,29,65,1,1,,08,,29,27,99,65,14,1,N
FCST,101019,221026,13,2,26,79,1,1,,06,,29,22,79,60,1,6,N
FCST,101019,221027,13,2,28,72,1,1,,04,,28,21,99,63,4,0,N
FCST,101019,221028,13,1,34,59,1,1,,05,,34,23,83,54,0,0,N
FCST,101019,221029,13,1,36,58,1,1,,05,,36,27,73,51,0,0,N
FCST,101019,221030,13,2,32,78,1,1,,06,,36,30,78,57,3,2,N
FCST,240107,221024,13,6,45,68,1,1,,02,,51,26,100,44,0,8,N
FCST,240107,221025,13,2,46,59,1,1,,02,,46,28,100,59,13,1,N
FCST,240107,221026,13,2,44,66,1,1,,01,,47,25,100,55,3,2,N
FCST,240107,221027,13,2,44,70,1,1,,03,,46,26,100,59,2,1,N
FCST,240107,221028,13,2,48,67,1,1,,03,,48,25,100,65,2,1,N
FCST,240107,221029,13,2,49,67,1,1,,03,,50,28,100,60,3,2,N
FCST,240107,221030,13,2,47,79,1,1,,04,,51,32,100,62,3,2,N
FCST,240110,221024,13,6,39,76,1,1,,04,,47,27,100,46,0,8,N
FCST,240110,221025,13,2,42,61,1,1,,04,,44,30,99,61,6,1,N
FCST,240110,221026,13,2,41,65,1,1,,02,,45,27,100,55,2,1,N
FCST,240110,221027,13,2,41,69,1,1,,05,,45,28,100,56,2,1,N
FCST,240110,221028,13,2,44,67,1,1,,04,,44,28,100,64,2,1,N
FCST,240110,221029,13,2,45,71,1,1,,05,,48,29,100,59,2,2,N
FCST,240110,221030,13,2,44,80,1,1,,04,,49,32,100,65,3,2,N
FCST,240112,221024,13,6,42,70,1,1,,04,,50,27,100,43,0,8,N
FCST,240112,221025,13,2,44,59,1,1,,04,,45,29,100,59,13,1,N
FCST,240112,221026,13,2,44,64,1,1,,02,,46,27,100,54,2,2,N
FCST,240112,221027,13,2,42,68,1,1,,04,,45,28,100,59,2,1,N
FCST,240112,221028,13,2,48,61,1,1,,04,,48,27,100,61,2,2,N
FCST,240112,221029,13,2,48,66,1,1,,04,,50,29,100,57,3,2,N
FCST,240112,221030,13,2,47,74,1,1,,05,,50,32,100,61,3,2,N
FCST,240119,221024,13,7,37,83,1,1,,05,,44,28,98,50,0,8,N
FCST,240119,221025,13,2,40,70,1,1,,04,,40,31,88,70,13,1,N
FCST,240119,221026,13,2,39,74,1,1,,02,,41,29,91,68,2,1,N
FCST,240119,221027,13,2,38,80,1,1,,05,,41,29,92,70,2,1,N
FCST,240119,221028,13,2,42,76,1,1,,04,,42,28,94,76,2,2,N
FCST,240119,221029,13,2,43,76,1,1,,04,,44,30,94,73,3,2,N
FCST,240119,221030,13,2,41,85,1,1,,05,,45,33,99,74,3,2,N
FCST,240120,221024,13,6,40,72,1,1,,05,,49,22,100,41,0,8,N
FCST,240120,221025,13,2,42,61,1,1,,04,,44,24,100,61,5,1,N
FCST,240120,221026,13,2,41,67,1,1,,02,,45,21,100,53,2,1,N
FCST,240120,221027,13,2,41,71,1,1,,05,,44,22,100,57,2,1,N
FCST,240120,221028,13,2,45,68,1,1,,04,,45,20,100,63,3,2,N
FCST,240120,221029,13,2,46,70,1,1,,04,,48,24,100,57,3,2,N
FCST,240120,221030,13,2,45,76,1,1,,05,,48,26,100,61,3,2,N
FCST,241210,221024,13,6,40,83,1,1,,03,,48,26,100,54,0,7,N
FCST,241210,221025,13,2,43,72,1,1,,04,,43,31,100,72,15,2,N
FCST,241210,221026,13,2,43,73,1,1,,02,,44,27,100,69,3,2,N
FCST,241210,221027,13,2,42,79,1,1,,05,,45,28,100,68,2,1,N
FCST,241210,221028,13,2,47,70,1,1,,04,,47,26,100,70,2,1,N
FCST,241210,221029,13,2,48,72,1,1,,05,,49,29,100,65,2,2,N
FCST,241210,221030,13,2,46,83,1,1,,05,,50,33,100,69,3,2,N
FCST,240118,221024,13,7,36,79,1,1,,07,,52,22,100,43,0,7,N
FCST,240118,221025,13,2,38,66,1,1,,06,,49,23,100,54,15,2,N
FCST,240118,221026,13,2,38,68,1,1,,03,,49,21,100,52,3,2,N
FCST,240118,221027,13,2,37,72,1,1,,06,,48,23,100,55,3,1,N
FCST,240118,221028,13,2,42,66,1,1,,04,,50,21,100,54,2,1,N
FCST,240118,221029,13,2,43,69,1,1,,05,,52,25,100,54,3,2,N
FCST,240118,221030,13,2,41,78,1,1,,05,,53,27,100,56,3,2,N
FCST,240207,221024,13,6,39,81,1,1,,05,,44,24,100,54,0,3,N
FCST,240207,221025,13,2,42,72,1,1,,04,,42,27,100,72,13,1,N
FCST,240207,221026,13,2,41,74,1,1,,03,,42,23,100,69,2,1,N
FCST,240207,221027,13,2,40,79,1,1,,06,,42,25,100,71,2,1,N
FCST,240207,221028,13,1,44,71,1,1,,04,,44,24,100,71,1,1,N
FCST,240207,221029,13,2,45,75,1,1,,04,,45,27,100,68,2,1,N
FCST,240207,221030,13,2,44,82,1,1,,05,,46,29,100,72,3,2,N
FCST,240210,221024,13,7,39,72,1,1,,06,,42,19,100,51,0,7,N
FCST,240210,221025,13,2,41,63,1,1,,04,,41,22,100,63,10,1,N
FCST,240210,221026,13,2,40,67,1,1,,02,,42,19,100,57,2,1,N
FCST,240210,221027,13,2,39,71,1,1,,06,,42,20,100,59,1,1,N
FCST,240210,221028,13,1,43,69,1,1,,04,,43,20,100,64,2,1,N
FCST,240210,221029,13,2,44,72,1,1,,05,,45,22,100,62,2,1,N
FCST,240210,221030,13,2,43,77,1,1,,04,,46,25,100,63,3,2,N
FCST,240213,221024,13,7,32,87,1,1,,07,,32,24,91,78,1,3,N
FCST,240213,221025,13,2,31,89,1,1,,08,,32,29,100,84,16,5,N
FCST,240213,221026,13,2,31,85,1,1,,03,,31,24,95,76,2,2,N
FCST,240213,221027,13,2,30,93,1,1,,07,,32,26,94,77,3,0,N
FCST,240213,221028,13,2,36,81,1,1,,04,,36,28,96,69,0,0,N
FCST,240213,221029,13,2,37,82,1,1,,05,,37,30,88,66,1,1,N
FCST,240213,221030,13,2,36,95,1,1,,06,,38,32,96,74,3,2,N
FCST,240214,221024,13,6,42,62,1,1,,04,,43,23,99,56,1,3,N
FCST,240214,221025,13,2,42,62,1,1,,05,,42,29,95,62,16,5,N
FCST,240214,221026,13,2,43,60,1,1,,02,,43,22,91,60,2,2,N
FCST,240214,221027,13,2,40,66,1,1,,07,,43,26,92,60,3,0,N
FCST,240214,221028,13,2,48,57,1,1,,04,,48,25,88,57,0,0,N
FCST,240214,221029,13,2,48,59,1,1,,05,,48,28,89,56,1,0,N
FCST,240214,221030,13,2,46,67,1,1,,06,,49,30,100,58,3,2,N
FCST,240217,221024,13,6,40,76,1,1,,04,,45,25,100,51,0,3,N
FCST,240217,221025,13,2,43,67,1,1,,04,,43,28,100,67,15,1,N
FCST,240217,221026,13,2,42,70,1,1,,02,,43,23,100,63,2,1,N
FCST,240217,221027,13,2,41,70,1,1,,06,,43,26,100,67,2,1,N
FCST,240217,221028,13,2,45,66,1,1,,04,,45,24,100,66,1,1,N
FCST,240217,221029,13,2,47,68,1,1,,04,,47,27,100,64,2,1,N
FCST,240217,221030,13,2,45,77,1,1,,05,,47,30,100,65,3,2,N
FCST,240221,221024,13,6,40,74,1,1,,04,,45,20,100,50,0,7,N
FCST,240221,221025,13,2,43,61,1,1,,04,,43,25,100,61,13,1,N
FCST,240221,221026,13,2,43,66,1,1,,02,,43,21,100,58,2,2,N
FCST,240221,221027,13,2,41,69,1,1,,04,,44,22,100,60,3,1,N
FCST,240221,221028,13,2,45,66,1,1,,03,,45,21,100,66,2,1,N
FCST,240221,221029,13,2,47,68,1,1,,04,,47,23,100,63,2,2,N
FCST,240221,221030,13,2,45,77,1,1,,04,,47,26,100,66,3,2,N
FCST,240223,221024,13,7,29,83,1,1,,12,,33,25,87,58,0,7,N
FCST,240223,221025,13,2,32,70,1,1,,09,,32,28,88,70,10,1,N
FCST,240223,221026,13,2,31,73,1,1,,05,,32,25,86,67,2,2,N
FCST,240223,221027,13,2,30,81,1,1,,09,,31,26,87,70,3,1,N
FCST,240223,221028,13,2,34,73,1,1,,06,,34,26,86,73,2,1,N
FCST,240223,221029,13,2,35,75,1,1,,08,,35,28,86,71,2,1,N
FCST,240223,221030,13,2,33,83,1,1,,07,,36,30,91,75,3,2,N
FCST,240226,221024,13,7,37,74,1,1,,05,,42,23,100,53,0,3,N
FCST,240226,221025,13,2,41,58,1,1,,06,,41,28,100,58,15,2,N
FCST,240226,221026,13,2,41,60,1,1,,02,,41,23,100,58,3,2,N
FCST,240226,221027,13,2,40,62,1,1,,06,,41,25,100,60,3,1,N
FCST,240226,221028,13,2,44,59,1,1,,04,,44,24,99,59,2,1,N
FCST,240226,221029,13,2,46,58,1,1,,05,,46,27,100,58,3,2,N
FCST,240226,221030,13,2,44,71,1,1,,05,,46,30,100,58,3,2,N
FCST,240303,221024,13,2,37,64,1,1,,14,,37,23,92,64,1,1,N
FCST,240303,221025,13,1,38,58,1,1,,11,,38,29,86,58,3,1,N
FCST,240303,221026,13,1,38,59,1,1,,08,,38,24,88,58,1,1,N
FCST,240303,221027,13,2,38,64,1,1,,17,,38,27,83,59,2,0,N
FCST,240303,221028,13,2,43,56,1,1,,13,,43,30,78,56,0,0,N
FCST,240303,221029,13,2,43,58,1,1,,13,,43,32,76,56,1,0,N
FCST,240303,221030,13,2,42,63,1,1,,13,,43,32,86,58,2,2,N
FCST,240224,221024,13,7,27,96,1,1,,10,,29,25,98,70,0,7,N
FCST,240224,221025,13,2,28,84,1,1,,08,,31,27,98,75,10,1,N
FCST,240224,221026,13,2,30,84,1,1,,05,,30,26,88,72,2,1,N
FCST,240224,221027,13,2,27,100,1,1,,08,,31,27,100,71,1,1,N
FCST,240224,221028,13,2,33,89,1,1,,06,,33,27,100,65,2,1,N
FCST,240224,221029,13,2,32,93,1,1,,07,,34,31,93,67,2,2,N
FCST,240224,221030,13,2,31,100,1,1,,06,,37,31,100,74,3,2,N
FCST,240225,221024,13,7,37,68,1,1,,11,,39,24,96,57,1,3,N
FCST,240225,221025,13,2,38,67,1,1,,10,,39,28,94,65,12,1,N
FCST,240225,221026,13,2,39,62,1,1,,06,,39,23,92,62,2,2,N
FCST,240225,221027,13,2,36,71,1,1,,12,,40,26,93,60,3,0,N
FCST,240225,221028,13,1,44,61,1,1,,08,,44,26,88,61,0,0,N
FCST,240225,221029,13,2,44,65,1,1,,09,,44,29,88,59,1,1,N
FCST,240225,221030,13,2,43,68,1,1,,10,,45,31,99,63,2,2,N
FCST,241502,221024,13,6,42,61,1,1,,04,,43,20,100,56,1,2,N
FCST,241502,221025,13,2,42,61,1,1,,04,,43,25,100,61,16,1,N
FCST,241502,221026,13,2,42,60,1,1,,02,,43,19,100,59,2,2,N
FCST,241502,221027,13,2,42,63,1,1,,04,,43,22,100,58,3,0,N
FCST,241502,221028,13,2,48,56,1,1,,04,,48,19,100,56,0,0,N
FCST,241502,221029,13,2,49,56,1,1,,04,,49,22,100,53,1,1,N
FCST,241502,221030,13,2,47,66,1,1,,05,,49,26,100,52,3,2,N
FCST,241596,221024,13,2,42,55,1,1,,06,,42,19,93,53,1,2,N
FCST,241596,221025,13,2,42,52,1,1,,08,,44,25,93,52,15,1,N
FCST,241596,221026,13,2,42,52,1,1,,03,,43,19,85,49,1,2,N
FCST,241596,221027,13,2,41,58,1,1,,07,,43,23,87,49,3,0,N
FCST,241596,221028,13,2,48,48,1,1,,05,,48,22,83,48,0,0,N
FCST,241596,221029,13,2,48,53,1,1,,06,,49,25,83,44,0,0,N
FCST,241596,221030,13,2,46,60,1,1,,07,,49,28,93,48,2,2,N
FCST,241206,221024,13,6,42,70,1,1,,04,,47,26,100,52,0,3,N
FCST,241206,221025,13,2,45,60,1,1,,04,,45,31,100,60,16,5,N
FCST,241206,221026,13,2,44,64,1,1,,02,,46,26,100,54,2,2,N
FCST,241206,221027,13,2,44,64,1,1,,05,,45,27,100,57,3,0,N
FCST,241206,221028,13,2,49,58,1,1,,04,,49,24,100,58,1,1,N
FCST,241206,221029,13,2,50,61,1,1,,04,,51,28,100,51,2,1,N
FCST,241206,221030,13,2,47,78,1,1,,06,,51,33,100,55,3,2,N
FCST,241213,221024,13,6,40,81,1,1,,06,,47,26,100,55,0,3,N
FCST,241213,221025,13,2,43,72,1,1,,06,,44,30,100,72,16,2,N
FCST,241213,221026,13,2,42,73,1,1,,03,,45,26,100,65,3,2,N
FCST,241213,221027,13,2,41,76,1,1,,05,,45,27,100,66,3,1,N
FCST,241213,221028,13,2,48,65,1,1,,04,,48,24,100,65,1,1,N
FCST,241213,221029,13,2,49,70,1,1,,05,,51,28,100,56,3,2,N
FCST,241213,221030,13,2,45,84,1,1,,06,,51,32,100,63,3,2,N
FCST,241302,221024,13,6,44,69,1,1,,04,,48,26,100,52,0,3,N
FCST,241302,221025,13,2,45,60,1,1,,04,,46,30,100,60,16,2,N
FCST,241302,221026,13,2,45,63,1,1,,02,,46,26,100,58,3,5,N
FCST,241302,221027,13,2,45,63,1,1,,04,,46,26,100,61,3,0,N
FCST,241302,221028,13,2,50,55,1,1,,03,,50,24,100,55,1,1,N
FCST,241302,221029,13,2,51,57,1,1,,04,,51,28,100,52,2,2,N
FCST,241302,221030,13,2,48,71,1,1,,05,,52,32,100,55,3,2,N
FCST,241308,221024,13,7,40,72,1,1,,05,,41,28,87,63,0,3,N
FCST,241308,221025,13,2,39,70,1,1,,06,,40,32,87,70,16,5,N
FCST,241308,221026,13,2,39,72,1,1,,03,,39,29,86,69,2,5,N
FCST,241308,221027,13,2,39,73,1,1,,05,,39,29,87,71,3,0,N
FCST,241308,221028,13,2,44,62,1,1,,03,,44,29,81,62,0,1,N
FCST,241308,221029,13,2,45,67,1,1,,04,,45,33,79,60,2,1,N
FCST,241308,221030,13,2,42,84,1,1,,06,,46,34,93,65,3,2,N
FCST,241507,221024,13,6,45,67,1,1,,06,,46,28,92,60,0,2,N
FCST,241507,221025,13,2,46,61,1,1,,08,,46,36,86,61,15,5,N
FCST,241507,221026,13,2,44,66,1,1,,05,,46,30,84,60,2,2,N
FCST,241507,221027,13,2,45,60,1,1,,06,,45,32,83,60,3,0,N
FCST,241507,221028,13,2,49,54,1,1,,04,,49,30,80,54,0,1,N
FCST,241507,221029,13,2,51,57,1,1,,05,,51,33,79,54,2,1,N
FCST,241507,221030,13,2,48,71,1,1,,06,,52,36,89,57,3,2,N
FCST,241211,221024,13,6,44,66,1,1,,08,,48,24,100,47,0,3,N
FCST,241211,221025,13,2,47,53,1,1,,08,,47,31,100,53,16,2,N
FCST,241211,221026,13,2,46,55,1,1,,03,,48,26,99,51,3,2,N
FCST,241211,221027,13,2,46,54,1,1,,06,,46,27,96,53,3,1,N
FCST,241211,221028,13,2,49,50,1,1,,04,,49,25,96,50,1,1,N
FCST,241211,221029,13,2,52,51,1,1,,05,,52,29,93,48,2,1,N
FCST,241211,221030,13,2,49,67,1,1,,06,,53,32,100,51,3,2,N
FCST,241404,221024,13,7,39,76,1,1,,09,,42,29,92,58,0,3,N
FCST,241404,221025,13,2,42,66,1,1,,08,,42,34,94,66,16,5,N
FCST,241404,221026,13,2,40,72,1,1,,04,,42,30,86,63,2,2,N
FCST,241404,221027,13,2,42,68,1,1,,07,,42,32,87,68,3,1,N
FCST,241404,221028,13,2,43,66,1,1,,04,,43,30,85,65,1,1,N
FCST,241404,221029,13,2,45,66,1,1,,05,,46,33,83,63,2,1,N
FCST,241404,221030,13,2,44,82,1,1,,07,,47,36,90,64,3,2,N
FCST,241403,221024,13,6,40,81,1,1,,06,,43,28,97,69,0,3,N
FCST,241403,221025,13,2,42,77,1,1,,06,,42,34,100,77,16,5,N
FCST,241403,221026,13,2,41,80,1,1,,03,,42,28,100,75,2,2,N
FCST,241403,221027,13,2,42,76,1,1,,05,,42,30,95,76,3,1,N
FCST,241403,221028,13,2,46,70,1,1,,04,,46,28,94,70,0,1,N
FCST,241403,221029,13,2,48,69,1,1,,05,,48,32,97,68,2,1,N
FCST,241403,221030,13,2,45,88,1,1,,06,,49,34,99,67,3,2,N
FCST,241508,221024,13,3,39,59,1,1,,04,,40,18,100,56,1,2,N
FCST,241508,221025,13,2,40,57,1,1,,07,,41,25,100,57,15,1,N
FCST,241508,221026,13,2,39,63,1,1,,02,,41,16,100,53,1,2,N
FCST,241508,221027,13,2,37,65,1,1,,05,,40,20,100,58,2,0,N
FCST,241508,221028,13,2,43,57,1,1,,03,,43,17,100,57,0,0,N
FCST,241508,221029,13,2,45,56,1,1,,03,,45,20,100,52,0,0,N
FCST,241508,221030,13,2,43,69,1,1,,04,,47,24,100,51,3,2,N
FCST,241513,221024,13,2,41,60,1,1,,04,,43,24,100,57,1,2,N
FCST,241513,221025,13,2,42,63,1,1,,07,,46,30,100,57,15,1,N
FCST,241513,221026,13,2,40,67,1,1,,02,,45,23,100,53,1,2,N
FCST,241513,221027,13,2,40,65,1,1,,04,,43,24,100,57,3,0,N
FCST,241513,221028,13,2,44,58,1,1,,04,,45,23,98,54,0,0,N
FCST,241513,221029,13,2,47,58,1,1,,03,,50,26,100,50,1,1,N
FCST,241513,221030,13,2,43,76,1,1,,04,,51,30,100,51,3,2,N
FCST,241595,221024,13,3,39,57,1,1,,08,,39,26,89,54,1,2,N
FCST,241595,221025,13,2,40,54,1,1,,08,,40,32,94,54,15,1,N
FCST,241595,221026,13,2,39,57,1,1,,04,,40,29,84,54,2,2,N
FCST,241595,221027,13,2,40,55,1,1,,05,,40,29,87,55,3,0,N
FCST,241595,221028,13,2,44,45,1,1,,05,,44,30,77,45,0,0,N
FCST,241595,221029,13,2,46,48,1,1,,05,,46,33,72,45,1,1,N
FCST,241595,221030,13,2,44,60,1,1,,06,,46,35,78,48,3,2,N
FCST,243004,221024,13,2,40,52,1,1,,06,,40,21,91,52,4,0,N
FCST,243004,221025,13,1,38,58,1,1,,08,,42,29,87,52,13,1,N
FCST,243004,221026,13,2,36,65,1,1,,03,,39,23,83,54,1,2,N
FCST,243004,221027,13,2,37,60,1,1,,05,,37,23,89,60,2,0,N
FCST,243004,221028,13,2,43,53,1,1,,03,,43,25,77,53,0,0,N
FCST,243004,221029,13,1,44,54,1,1,,03,,44,28,79,50,0,0,N
FCST,243004,221030,13,2,41,70,1,1,,05,,46,31,88,51,2,2,N
FCST,241519,221024,13,2,24,99,1,1,,13,,24,20,100,80,1,2,N
FCST,241519,221025,13,2,25,90,1,1,,13,,27,24,100,85,15,5,N
FCST,241519,221026,13,2,25,92,1,1,,08,,25,22,92,76,2,2,N
FCST,241519,221027,13,2,26,93,1,1,,08,,26,23,97,81,3,0,N
FCST,241519,221028,13,2,30,77,1,1,,08,,30,23,93,66,0,0,N
FCST,241519,221029,13,2,32,77,1,1,,09,,32,27,83,71,1,1,N
FCST,241519,221030,13,2,29,100,1,1,,10,,32,28,100,77,3,2,N
FCST,241518,221024,13,2,36,60,1,1,,06,,36,24,88,59,1,0,N
FCST,241518,221025,13,2,35,64,1,1,,11,,37,30,95,60,13,1,N
FCST,241518,221026,13,2,34,66,1,1,,02,,35,26,76,63,1,2,N
FCST,241518,221027,13,2,34,66,1,1,,06,,34,27,84,66,2,0,N
FCST,241518,221028,13,2,39,57,1,1,,02,,39,28,78,57,0,0,N
FCST,241518,221029,13,1,41,58,1,1,,02,,41,30,73,56,0,0,N
FCST,241518,221030,13,2,39,75,1,1,,05,,41,33,81,57,2,2,N
FCST,243108,221024,13,2,42,57,1,1,,08,,42,17,100,57,5,0,N
FCST,243108,221025,13,1,41,57,1,1,,11,,44,26,100,57,9,1,N
FCST,243108,221026,13,2,39,61,1,1,,04,,41,17,100,54,1,2,N
FCST,243108,221027,13,1,39,58,1,1,,07,,39,19,100,58,1,0,N
FCST,243108,221028,13,1,46,49,1,1,,06,,46,19,99,49,0,0,N
FCST,243108,221029,13,1,48,49,1,1,,05,,48,22,97,48,0,0,N
FCST,243108,221030,13,2,46,59,1,1,,08,,49,25,100,47,1,2,N
FCST,243104,221024,13,2,32,63,1,1,,09,,32,18,94,63,4,0,N
FCST,243104,221025,13,1,30,68,1,1,,13,,34,26,94,63,13,1,N
FCST,243104,221026,13,2,29,68,1,1,,04,,31,21,79,65,1,2,N
FCST,243104,221027,13,2,30,66,1,1,,08,,30,22,86,66,2,0,N
FCST,243104,221028,13,2,36,57,1,1,,04,,36,21,73,57,0,0,N
FCST,243104,221029,13,1,38,57,1,1,,05,,38,26,73,56,0,0,N
FCST,243104,221030,13,2,35,71,1,1,,08,,39,29,83,55,2,2,N
FCST,241520,221024,13,2,43,46,1,1,,08,,43,18,100,46,1,0,N
FCST,241520,221025,13,2,43,48,1,1,,10,,44,26,100,46,13,1,N
FCST,241520,221026,13,2,42,51,1,1,,03,,44,17,100,43,1,2,N
FCST,241520,221027,13,2,42,50,1,1,,05,,43,20,100,46,2,0,N
FCST,241520,221028,13,2,46,45,1,1,,02,,46,17,100,45,0,0,N
FCST,241520,221029,13,2,48,44,1,1,,02,,48,20,100,41,0,0,N
FCST,241520,221030,13,2,46,56,1,1,,04,,50,25,100,40,2,2,N
FCST,242901,221024,13,2,44,54,1,1,,09,,44,23,93,48,4,2,N
FCST,242901,221025,13,1,43,53,1,1,,08,,46,31,94,53,15,1,N
FCST,242901,221026,13,2,41,61,1,1,,05,,44,25,82,52,1,5,N
FCST,242901,221027,13,2,43,54,1,1,,06,,43,26,87,54,2,0,N
FCST,242901,221028,13,1,48,48,1,1,,06,,48,25,80,48,0,0,N
FCST,242901,221029,13,1,50,50,1,1,,05,,50,30,75,48,0,0,N
FCST,242901,221030,13,2,47,65,1,1,,06,,50,33,82,49,3,2,N
FCST,242902,221024,13,2,31,65,1,1,,10,,31,21,94,57,5,2,N
FCST,242902,221025,13,1,29,62,1,1,,09,,32,26,95,62,15,1,N
FCST,242902,221026,13,2,27,71,1,1,,06,,30,23,73,61,1,6,N
FCST,242902,221027,13,2,28,64,1,1,,06,,28,23,84,64,5,0,N
FCST,242902,221028,13,1,35,54,1,1,,08,,35,24,75,54,0,0,N
FCST,242902,221029,13,1,36,54,1,1,,08,,36,29,70,54,0,0,N
FCST,242902,221030,13,2,33,70,1,1,,07,,37,31,72,54,3,2,N
FCST,242904,221024,13,2,45,57,1,1,,07,,45,21,100,57,1,2,N
FCST,242904,221025,13,2,44,59,1,1,,05,,47,28,100,57,15,1,N
FCST,242904,221026,13,2,42,65,1,1,,02,,46,21,100,53,1,2,N
FCST,242904,221027,13,2,44,59,1,1,,04,,44,23,100,59,3,0,N
FCST,242904,221028,13,2,49,55,1,1,,04,,49,20,100,54,0,0,N
FCST,242904,221029,13,1,50,55,1,1,,04,,51,25,100,52,0,1,N
FCST,242904,221030,13,2,47,71,1,1,,05,,52,29,100,50,3,2,N
FCST,242905,221024,13,2,45,39,1,1,,08,,45,16,99,39,4,0,N
FCST,242905,221025,13,2,43,38,1,1,,07,,47,22,100,38,13,1,N
FCST,242905,221026,13,2,41,45,1,1,,04,,44,19,93,36,1,6,N
FCST,242905,221027,13,1,42,40,1,1,,05,,42,18,97,40,4,0,N
FCST,242905,221028,13,1,48,33,1,1,,06,,48,18,87,33,0,0,N
FCST,242905,221029,13,1,50,33,1,1,,05,,50,22,85,32,0,0,N
FCST,242905,221030,13,2,48,45,1,1,,06,,51,23,94,32,2,2,N
FCST,242910,221024,13,2,35,53,1,1,,08,,35,20,87,53,6,0,N
FCST,242910,221025,13,2,33,54,1,1,,07,,35,26,88,53,13,1,N
FCST,242910,221026,13,2,31,62,1,1,,04,,33,23,70,52,1,6,N
FCST,242910,221027,13,1,32,56,1,1,,05,,32,22,76,56,4,0,N
FCST,242910,221028,13,1,38,48,1,1,,04,,38,24,69,48,0,0,N
FCST,242910,221029,13,1,41,46,1,1,,05,,41,28,61,46,0,0,N
FCST,242910,221030,13,2,37,62,1,1,,06,,41,31,69,45,3,2,N
FCST,242911,221024,13,2,36,55,1,1,,08,,36,20,92,51,5,2,N
FCST,242911,221025,13,2,35,53,1,1,,08,,37,27,96,53,15,1,N
FCST,242911,221026,13,2,33,62,1,1,,04,,35,23,74,53,1,6,N
FCST,242911,221027,13,2,35,55,1,1,,06,,35,23,84,55,5,0,N
FCST,242911,221028,13,1,41,48,1,1,,05,,41,24,77,48,0,0,N
FCST,242911,221029,13,1,42,47,1,1,,05,,42,29,68,47,0,0,N
FCST,242911,221030,13,2,39,61,1,1,,06,,42,30,72,47,3,2,N
FCST,242912,221024,13,2,37,60,1,1,,10,,37,26,75,53,4,2,N
FCST,242912,221025,13,2,36,57,1,1,,09,,39,32,83,57,15,1,N
FCST,242912,221026,13,2,34,65,1,1,,05,,36,28,68,56,1,5,N
FCST,242912,221027,13,2,36,59,1,1,,06,,36,28,76,59,3,0,N
FCST,242912,221028,13,2,42,54,1,1,,06,,42,30,68,54,0,0,N
FCST,242912,221029,13,1,43,54,1,1,,06,,43,34,64,53,0,0,N
FCST,242912,221030,13,2,40,70,1,1,,07,,43,35,72,54,3,2,N
FCST,242914,221024,13,2,39,59,1,1,,06,,39,27,79,49,4,2,N
FCST,242914,221025,13,2,37,57,1,1,,05,,40,34,81,57,15,1,N
FCST,242914,221026,13,2,35,65,1,1,,03,,37,30,68,57,1,5,N
FCST,242914,221027,13,2,36,60,1,1,,06,,36,29,76,59,3,0,N
FCST,242914,221028,13,2,42,53,1,1,,06,,42,30,66,51,0,0,N
FCST,242914,221029,13,1,44,52,1,1,,06,,44,35,60,51,0,0,N
FCST,242914,221030,13,2,41,68,1,1,,06,,44,38,70,51,3,2,N
FCST,242907,221024,13,2,40,50,1,1,,08,,40,19,90,44,4,2,N
FCST,242907,221025,13,2,39,45,1,1,,07,,41,25,86,45,15,1,N
FCST,242907,221026,13,2,37,52,1,1,,05,,40,22,82,44,1,6,N
FCST,242907,221027,13,1,38,47,1,1,,05,,38,18,87,47,4,0,N
FCST,242907,221028,13,1,44,40,1,1,,05,,44,18,80,40,0,0,N
FCST,242907,221029,13,1,46,39,1,1,,05,,46,23,78,39,0,0,N
FCST,242907,221030,13,2,43,51,1,1,,06,,47,27,87,39,3,2,N
FCST,243002,221024,13,2,42,48,1,1,,07,,42,15,100,48,5,0,N
FCST,243002,221025,13,1,40,49,1,1,,08,,44,21,100,48,13,1,N
FCST,243002,221026,13,2,39,54,1,1,,03,,41,16,100,46,1,2,N
FCST,243002,221027,13,1,39,51,1,1,,06,,39,16,100,51,1,0,N
FCST,243002,221028,13,1,47,44,1,1,,05,,47,17,93,44,0,0,N
FCST,243002,221029,13,1,49,43,1,1,,05,,49,21,95,43,0,0,N
FCST,243002,221030,13,2,45,56,1,1,,06,,49,24,100,41,2,2,N
FCST,244403,221024,13,2,39,50,1,1,,11,,39,13,100,49,6,0,N
FCST,244403,221025,13,1,37,47,1,1,,11,,41,21,100,47,11,1,N
FCST,244403,221026,13,2,36,54,1,1,,06,,37,15,97,46,1,2,N
FCST,244403,221027,13,1,37,52,1,1,,09,,37,15,100,52,1,0,N
FCST,244403,221028,13,1,44,43,1,1,,08,,44,17,93,43,0,0,N
FCST,244403,221029,13,1,46,42,1,1,,08,,46,21,85,42,0,0,N
FCST,244403,221030,13,2,43,53,1,1,,09,,46,23,99,42,2,2,N
FCST,244402,221024,13,1,41,48,1,1,,09,,41,21,83,47,5,0,N
FCST,244402,221025,13,1,39,48,1,1,,11,,43,29,81,48,9,1,N
FCST,244402,221026,13,2,37,57,1,1,,05,,39,23,74,47,1,2,N
FCST,244402,221027,13,2,38,50,1,1,,08,,38,23,78,50,1,0,N
FCST,244402,221028,13,1,45,45,1,1,,08,,45,25,72,45,0,0,N
FCST,244402,221029,13,1,46,44,1,1,,07,,46,29,69,44,0,0,N
FCST,244402,221030,13,2,44,55,1,1,,09,,46,32,72,43,2,2,N
FCST,245405,221024,13,1,43,44,1,1,,11,,43,13,100,44,5,0,N
FCST,245405,221025,13,1,40,43,1,1,,11,,44,20,97,43,9,0,N
FCST,245405,221026,13,2,38,50,1,1,,05,,41,15,100,39,1,2,N
FCST,245405,221027,13,2,39,48,1,1,,07,,39,14,100,48,1,0,N
FCST,245405,221028,13,1,46,44,1,1,,07,,46,14,94,44,0,0,N
FCST,245405,221029,13,1,47,42,1,1,,07,,47,18,94,40,0,0,N
FCST,245405,221030,13,2,45,52,1,1,,09,,48,21,100,37,1,2,N
FCST,245415,221024,13,1,38,39,1,1,,11,,38,16,83,39,4,0,N
FCST,245415,221025,13,1,36,37,1,1,,11,,39,24,77,37,6,0,N
FCST,245415,221026,13,2,33,52,1,1,,06,,36,20,68,36,1,6,N
FCST,245415,221027,13,1,35,45,1,1,,07,,35,18,74,45,4,0,N
FCST,245415,221028,13,1,39,40,1,1,,08,,39,19,61,40,0,0,N
FCST,245415,221029,13,1,42,37,1,1,,08,,42,23,62,37,0,0,N
FCST,245415,221030,13,2,40,47,1,1,,09,,42,26,64,37,1,2,N
FCST,245417,221024,13,2,38,47,1,1,,08,,38,15,100,47,5,0,N
FCST,245417,221025,13,2,36,49,1,1,,09,,40,23,92,47,11,1,N
FCST,245417,221026,13,2,35,56,1,1,,05,,37,19,83,42,1,6,N
FCST,245417,221027,13,2,35,54,1,1,,06,,35,16,95,54,4,0,N
FCST,245417,221028,13,1,42,46,1,1,,06,,42,18,80,46,0,0,N
FCST,245417,221029,13,1,44,44,1,1,,05,,44,21,83,43,0,0,N
FCST,245417,221030,13,2,41,55,1,1,,07,,45,25,90,41,2,2,N
FCST,243204,221024,13,1,42,54,1,1,,11,,42,20,100,54,4,0,N
FCST,243204,221025,13,1,44,48,1,1,,11,,46,27,92,47,2,0,N
FCST,243204,221026,13,2,40,60,1,1,,06,,45,23,100,45,0,2,N
FCST,243204,221027,13,1,41,55,1,1,,09,,42,19,100,55,1,0,N
FCST,243204,221028,13,1,44,52,1,1,,09,,44,21,92,51,0,0,N
FCST,243204,221029,13,1,47,49,1,1,,08,,47,24,91,49,0,0,N
FCST,243204,221030,13,2,47,56,1,1,,09,,49,28,93,45,0,1,N
FCST,243206,221024,13,1,33,56,1,1,,11,,33,18,97,56,5,0,N
FCST,243206,221025,13,1,33,55,1,1,,11,,35,26,88,55,6,1,N
FCST,243206,221026,13,2,31,60,1,1,,06,,33,21,74,54,0,2,N
FCST,243206,221027,13,1,32,58,1,1,,08,,32,20,84,58,1,0,N
FCST,243206,221028,13,1,37,52,1,1,,08,,37,23,75,52,0,0,N
FCST,243206,221029,13,1,39,49,1,1,,07,,39,26,74,49,0,0,N
FCST,243206,221030,13,2,38,59,1,1,,09,,39,28,74,49,1,1,N
FCST,245409,221024,13,1,40,38,1,1,,12,,40,18,85,38,2,0,N
FCST,245409,221025,13,1,38,39,1,1,,11,,42,26,76,38,2,0,N
FCST,245409,221026,13,2,34,55,1,1,,09,,39,23,69,36,1,6,N
FCST,245409,221027,13,1,35,44,1,1,,08,,35,19,78,44,4,0,N
FCST,245409,221028,13,1,42,39,1,1,,08,,42,20,63,39,0,0,N
FCST,245409,221029,13,1,44,36,1,1,,07,,44,23,61,36,0,0,N
FCST,245409,221030,13,2,42,46,1,1,,09,,45,27,66,34,1,2,N
FCST,245410,221024,13,1,34,58,1,1,,10,,34,10,100,58,4,0,N
FCST,245410,221025,13,1,38,46,1,1,,06,,38,18,100,46,9,1,N
FCST,245410,221026,13,7,35,63,1,1,,06,,39,16,100,44,1,3,N
FCST,245410,221027,13,1,34,56,1,1,,05,,36,9,100,56,4,0,N
FCST,245410,221028,13,1,37,53,1,1,,06,,37,11,100,52,0,0,N
FCST,245410,221029,13,1,41,48,1,1,,05,,41,12,99,48,0,0,N
FCST,245410,221030,13,2,38,57,1,1,,06,,41,15,100,46,0,1,N
FCST,245412,221024,13,1,35,60,1,1,,11,,35,14,90,60,4,0,N
FCST,245412,221025,13,1,36,50,1,1,,06,,36,23,86,50,2,0,N
FCST,245412,221026,13,2,33,67,1,1,,06,,37,22,88,46,1,6,N
FCST,245412,221027,13,1,32,60,1,1,,05,,33,14,90,60,4,0,N
FCST,245412,221028,13,1,34,59,1,1,,08,,34,18,93,55,0,0,N
FCST,245412,221029,13,1,38,53,1,1,,06,,38,20,83,53,0,0,N
FCST,245412,221030,13,2,38,60,1,1,,07,,39,24,88,50,0,2,N
FCST,245416,221024,13,1,35,42,1,1,,11,,35,15,83,41,4,0,N
FCST,245416,221025,13,1,34,40,1,1,,09,,36,23,84,40,6,0,N
FCST,245416,221026,13,7,31,65,1,1,,08,,34,19,74,39,1,6,N
FCST,245416,221027,13,1,31,51,1,1,,06,,31,15,85,51,4,0,N
FCST,245416,221028,13,1,35,50,1,1,,09,,35,16,77,50,0,0,N
FCST,245416,221029,13,1,39,43,1,1,,08,,39,20,76,43,0,0,N
FCST,245416,221030,13,2,37,55,1,1,,09,,39,23,74,43,1,2,N
FCST,245501,221024,13,2,40,55,1,1,,11,,40,16,100,55,9,0,N
FCST,245501,221025,13,1,42,48,1,1,,09,,42,24,96,48,2,0,N
FCST,245501,221026,13,2,40,59,1,1,,06,,42,21,100,44,1,2,N
FCST,245501,221027,13,1,40,52,1,1,,07,,40,16,100,52,2,0,N
FCST,245501,221028,13,1,44,50,1,1,,09,,44,18,98,48,0,0,N
FCST,245501,221029,13,1,47,45,1,1,,08,,47,22,89,45,0,0,N
FCST,245501,221030,13,2,46,55,1,1,,09,,48,24,99,41,0,1,N
FCST,245506,221024,13,2,34,58,1,1,,10,,34,14,89,56,9,0,N
FCST,245506,221025,13,1,35,47,1,1,,07,,35,23,85,47,6,0,N
FCST,245506,221026,13,2,33,63,1,1,,06,,36,21,83,46,1,3,N
FCST,245506,221027,13,1,32,56,1,1,,06,,33,14,84,56,4,0,N
FCST,245506,221028,13,1,37,52,1,1,,08,,37,17,81,52,0,0,N
FCST,245506,221029,13,1,40,49,1,1,,08,,40,22,73,49,0,0,N
FCST,245506,221030,13,2,38,58,1,1,,09,,40,24,78,48,1,1,N
