FNUS81 KGYX 232001
FWMGYX

FCST,170131,221024,13,3,58,96,1,2,ESE,10,,60,51,100,80,9,7,N
FCST,170131,221025,13,2,61,97,2,2,S,05,,61,55,100,93,0,0,N
FCST,170131,221026,13,2,63,90,1,2,E,07,,63,56,100,90,0,0,N
FCST,170131,221027,13,1,63,78,2,1,W,09,,63,56,100,78,0,0,N
FCST,170131,221028,13,1,55,57,1,1,NNE,11,,63,46,80,57,0,0,N
FCST,170131,221029,13,2,54,66,1,1,NE,08,,55,45,83,57,0,0,N
FCST,170131,221030,13,1,57,67,1,1,W,08,,57,47,89,66,0,0,N
FCST,171603,221024,13,3,59,93,1,2,NE,05,,61,51,100,67,9,7,N
FCST,171603,221025,13,2,64,90,2,2,ESE,02,,64,55,100,90,0,0,N
FCST,171603,221026,13,2,63,93,1,1,ENE,03,,64,55,100,90,0,0,N
FCST,171603,221027,13,1,66,68,1,1,NW,06,,66,56,100,68,0,0,N
FCST,171603,221028,13,1,55,57,1,1,NE,07,,66,44,83,57,0,0,N
FCST,171603,221029,13,2,54,66,1,1,NE,05,,55,41,89,57,0,0,N
FCST,171603,221030,13,1,57,67,1,1,ESE,05,,57,42,96,66,0,0,N
FCST,270301,221024,13,2,57,93,1,1,NNE,03,,63,47,100,54,7,7,N
FCST,270301,221025,13,2,65,81,1,1,SSE,01,,65,50,100,81,0,0,N
FCST,270301,221026,13,2,63,93,1,1,E,02,,65,56,100,81,0,0,N
FCST,270301,221027,13,1,63,65,1,1,NW,06,,63,52,100,65,0,0,N
FCST,270301,221028,13,1,55,47,1,1,NE,03,,63,37,85,47,0,0,N
FCST,270301,221029,13,2,53,57,1,1,ESE,02,,55,35,89,47,0,0,N
FCST,270301,221030,13,1,56,59,1,1,W,02,,56,37,92,57,0,0,N
FCST,270071,221024,13,2,60,81,1,1,ESE,02,,66,47,100,46,4,0,N
FCST,270071,221025,13,2,67,76,1,1,S,03,,67,51,100,75,0,0,N
FCST,270071,221026,13,2,65,85,1,1,SE,02,,67,56,100,75,0,0,N
FCST,270071,221027,13,2,56,69,1,1,WNW,06,,65,50,100,67,0,0,N
FCST,270071,221028,13,1,53,45,1,1,NNW,02,,57,32,96,44,0,0,N
FCST,270071,221029,13,1,53,51,1,1,W,02,,54,32,89,44,0,0,N
FCST,270071,221030,13,1,54,55,1,1,W,02,,55,34,96,50,0,0,N
FCST,270091,221024,13,2,61,81,1,1,ESE,03,,61,48,100,49,4,0,N
FCST,270091,221025,13,2,63,87,1,1,SSE,03,,63,52,100,81,0,0,N
FCST,270091,221026,13,2,64,87,1,1,SE,02,,64,56,100,87,0,0,N
FCST,270091,221027,13,1,59,64,1,1,NW,06,,64,52,100,64,0,0,N
FCST,270091,221028,13,1,55,47,1,1,NNW,01,,59,36,89,47,0,0,N
FCST,270091,221029,13,1,54,50,1,1,S,01,,55,34,89,47,0,0,N
FCST,270091,221030,13,1,56,55,1,1,WNW,02,,56,36,92,50,0,0,N
FCST,270131,221024,13,3,59,93,1,2,NE,04,,60,49,100,62,7,6,N
FCST,270131,221025,13,2,65,91,2,2,ESE,01,,65,54,100,86,0,0,N
FCST,270131,221026,13,2,63,97,1,1,ENE,03,,65,57,100,90,0,0,N
FCST,270131,221027,13,1,64,67,1,1,NW,09,,65,54,100,67,0,0,N
FCST,270131,221028,13,1,54,57,1,1,NNE,05,,65,40,89,57,0,0,N
FCST,270131,221029,13,2,53,67,1,1,NE,04,,55,37,92,57,0,0,N
FCST,270131,221030,13,1,57,66,1,1,NNW,04,,57,39,100,64,0,0,N
FCST,170171,221024,13,2,55,93,1,1,SE,02,,65,48,100,41,3,0,N
FCST,170171,221025,13,2,64,81,1,1,S,03,,64,52,100,81,0,0,N
FCST,170171,221026,13,2,62,90,1,1,SE,03,,64,55,100,81,0,0,N
FCST,170171,221027,13,2,54,69,1,1,WNW,08,,62,52,96,69,0,0,N
FCST,170171,221028,13,1,49,48,1,1,N,03,,54,35,82,48,0,0,N
FCST,170171,221029,13,2,49,54,1,1,SSW,02,,49,34,82,48,0,0,N
FCST,170171,221030,13,1,52,56,1,1,WNW,02,,52,36,85,54,0,0,N
FCST,170111,221024,13,8,59,96,1,2,ENE,04,,63,50,100,65,7,8,N
FCST,170111,221025,13,2,65,87,2,1,ESE,02,,65,56,100,87,10,0,N
FCST,170111,221026,13,2,64,97,1,1,E,03,,65,57,100,87,0,0,N
FCST,170111,221027,13,1,65,70,1,1,NW,07,,65,57,100,70,0,0,N
FCST,170111,221028,13,1,53,57,1,1,N,05,,65,41,82,57,0,0,N
FCST,170111,221029,13,2,53,66,1,1,N,03,,53,38,92,57,0,0,N
FCST,170111,221030,13,1,57,64,1,1,W,04,,57,40,100,64,0,0,N
FCST,170311,221024,13,8,59,90,1,2,NNE,04,,62,51,100,56,8,7,N
FCST,170311,221025,13,2,65,87,2,2,E,02,,65,54,100,87,6,0,N
FCST,170311,221026,13,2,63,97,1,1,ENE,03,,65,55,100,87,0,0,N
FCST,170311,221027,13,1,65,68,1,1,NW,06,,65,55,100,68,0,0,N
FCST,170311,221028,13,1,54,54,1,1,NNE,05,,65,42,86,54,0,0,N
FCST,170311,221029,13,2,53,66,1,1,NE,03,,54,38,89,54,0,0,N
FCST,170311,221030,13,1,57,64,1,1,WNW,03,,57,40,96,64,0,0,N
FCST,170151,221024,13,8,60,96,1,2,E,05,,64,52,100,72,8,8,N
FCST,170151,221025,13,2,64,93,2,2,SE,02,,64,56,100,93,10,0,N
FCST,170151,221026,13,2,63,97,1,1,E,04,,64,56,100,93,0,0,N
FCST,170151,221027,13,1,67,68,1,1,NW,07,,67,56,100,68,0,0,N
FCST,170151,221028,13,1,55,55,1,1,NNE,07,,67,43,79,55,0,0,N
FCST,170151,221029,13,2,54,66,1,1,NE,04,,55,39,92,55,0,0,N
FCST,170151,221030,13,1,58,67,1,1,W,04,,58,42,96,66,0,0,N
FCST,170132,221024,13,8,58,96,1,2,E,05,,62,51,100,72,8,8,N
FCST,170132,221025,13,2,63,100,2,2,SSE,03,,63,56,100,96,10,0,N
FCST,170132,221026,13,2,63,93,1,2,E,03,,63,57,100,93,0,0,N
FCST,170132,221027,13,1,65,70,2,1,NW,07,,65,57,100,70,0,0,N
FCST,170132,221028,13,1,53,54,1,1,N,07,,65,42,79,54,0,0,N
FCST,170132,221029,13,2,53,66,1,1,NE,04,,53,39,89,54,0,0,N
FCST,170132,221030,13,1,56,66,1,1,WNW,04,,56,42,93,66,0,0,N
