FSUS02 KWBC 231902
CODSRP
 
CODED SURFACE FRONTAL POSITIONS FORECAST
NWS WEATHER PREDICTION CENTER COLLEGE PARK MD
302 PM EDT SUN OCT 23 2022
 
12HR PROG VALID 240600Z
HIGHS 1026 43122 1025 45115 1024 40116 1030 4660 1024 3880 
LOWS 1017 3874 984 4799 1001 3899 1010 33113 1015 3475 0000 26102 
WARM WK 48127 46127 44128 43130 
COLD WK 48127 46130 45134 44139 43144 
OCFNT WK 55132 52129 49128 48127 
TROF 55127 53123 50120 45119 
TROF 57122 55118 52115 50113 
WARM WK 4799 4999 5096 5191 5184 5280 5376 5373 5369 
OCFNT WK 4799 4698 4698 
STNRY WK 3997 3998 3899 3899 
COLD WK 4697 4496 4197 3997 
COLD WK 3899 37100 35102 34104 33106 33109 33111 
TROF 3699 32102 30104 29106 
TROF 32113 30112 28111 25109 22107 
TROF 33118 34120 38122 40123 
TROF 47100 49102 51104 53108 
WARM WK 3874 4072 4170 4267 4264 4160 
STNRY WK 3874 3774 3574 3475 3475 
STNRY WK 3475 3475 3374 3173 2773 2376 2081 
TROF 35114 36115 38115 
STNRY WK 33111 33112 33113 
COLD WK 33113 29114 27116 25120 24124 
WARM WK 4698 4695 4492 4289 4086 
TROF 43115 42112 42108 43106 
TROF 2299 2499 26100 
WARM WK 58124 58122 56119 56115 55111 
 
24HR PROG VALID 241800Z
HIGHS 1020 3483 1026 40116 
LOWS 1006 28100 982 5196 1006 3795 1005 34100 1002 53116 1002 56119 1001 
55127 1021 40122 1016 3775 1016 3474 1017 46125 
COLD WK 5092 4891 4491 4093 
WARM WK 3775 4073 4270 4367 4364 4262 
TROF 41110 44109 46109 50112 52115 53116 
WARM WK 5092 4990 4787 4584 
OCFNT WK 5196 5195 5193 5092 
COLD WK 5197 5097 4898 4799 
COLD WK 4799 46101 45104 
WARM WK 5197 5295 5388 5383 5577 5472 
COLD WK 3895 3695 3597 3498 
STNRY WK 4093 3894 3895 
STNRY WK 3498 3499 3499 34100 
COLD WK 34100 32102 30105 30108 32111 
TROF 37104 36103 34101 
TROF 28100 27100 2499 2398 
TROF 32100 31101 29100 
TROF 40122 38122 35121 33119 30116 29113 
STNRY WK 32111 33112 34114 
COLD WK 56119 56122 57124 
STNRY WK 54112 56116 56119 
TROF 41122 45120 49120 53124 55126 
TROF 55118 55118 53116 
STNRY WK 3775 3674 3573 3474 
STNRY WK 3474 3273 2973 2575 2278 
TROF 54107 52104 51101 5199 
OCFNT WK 46125 44125 44126 
COLD WK 44126 43128 42132 42136 
WARM WK 43126 43126 41126 40127 
 
$$


