FSUS02 KWBC 231620
CODSRP
 
CODED SURFACE FRONTAL POSITIONS FORECAST
NWS WEATHER PREDICTION CENTER COLLEGE PARK MD
1220 PM EDT SUN OCT 23 2022
 
12HR PROG VALID 240000Z
HIGHS 1018 41118 1021 46117 1023 3780 1030 4560 1023 44123 1010 39107 
LOWS 1017 3774 985 4599 1006 34114 1006 42108 1015 3375 986 4599 
TROF 40122 39121 37120 35118 
TROF 38115 35115 34114 
STNRY WK 34111 34113 34114 
TROF 32113 29112 27111 24109 
TROF 44116 43113 42111 42109 
TROF 37108 39105 39103 40101 
TROF 55119 53117 50115 
TROF 54125 52123 49120 
TROF 52109 49106 47103 46101 
TROF 4199 3899 36100 32104 29105 
OCFNT WK 3375 3475 3474 
STNRY WK 3774 3674 3574 3474 
STNRY WK 3474 3373 2973 2674 2377 2080 
WARM WK 3774 3873 4069 4165 4063 
TROF 28102 26100 2599 2399 
COLD WK 4599 4299 40101 37102 35104 34106 34109 34111 
WARM WK 4599 4496 4392 3989 3787 
WARM WK 46100 4799 4997 5090 5085 5181 5375 5268 
WARM WK 48130 47129 45130 43131 
COLD WK 48130 47132 46135 45141 
OCFNT WK 58136 55132 51130 48130 
COLD WK 34114 30114 27117 25122 25125 
TROF 5595 5396 5098 
COLD WK 6375 5980 5785 
STNRY WK 56113 55114 55116 55119 
WARM WK 58123 56121 55119 
 
24HR PROG VALID 241200Z
HIGHS 1024 3781 1028 40116 1026 45115 1026 44111 1024 40108 
LOWS 0000 28101 982 4898 1005 35102 1013 47125 1005 56120 1017 3474 1018 3874 
1004 3499 
WARM WK 4998 5196 5193 5187 5283 5477 5370 
STNRY WK 35100 35101 35102 
OCFNT WK 4898 4997 4996 
WARM WK 4996 4893 4789 4587 4384 
COLD WK 35102 33104 32107 32110 33112 
TROF 38104 37103 35102 
WARM WK 45126 43126 42127 41127 
OCFNT WK 44127 
OCFNT WK 55128 53125 51124 49125 47125 
OCFNT WK 47125 46125 45126 
TROF 56120 53116 50113 48112 
COLD WK 45126 43130 43136 43141 
STNRY WK 3474 3273 2973 2575 2277 2081 
WARM WK 3874 3973 4171 4268 4262 4159 
TROF 39122 36121 33119 30117 29114 
STNRY WK 3874 3774 3574 3474 
COLD WK 4996 4794 4493 4194 3797 3598 35100 
TROF 28101 30101 32100 3499 3499 
TROF 27101 26100 2499 2399 
TROF 48131 51130 53130 54131 
STNRY WK 33112 33114 34115 
STNRY WK 55111 56113 56118 57122 58126 
 
$$


