SHUS65 KMWI 232031
FWOMSO
Weather Information Management System (WIMS)
USDA National Information Technology Center (KMWI)
23-OCT-22 20:31:26 GMT
 
Listing of Observations (Missoula, MT)
 
ST NME STAT'N   DATE HR T W DBT DPT  RH Y M DIR WS 10 TMX TMN HMX HMN PD PPAMT
------ ------ ------ -- - - --- --- --- - - --- -- -- --- --- --- --- -- -----
NWS Office:  MSO/Zone: 104
LIBBY  240107 221023 13 R 3  48  38  69 0 0  62  0     48  37 100  69 14 0.240
EUREKA 240110 221023 13 R 3  49  30  49 0 0 342  1     49  36  90  49  2 0.020
TROY R 240112 221023 13 R 1  51  38  61 0 0 308  6     51  37  97  61 11 0.350
FISHER 240118 221023 13 R 2  50  33  53 0 0 217  2     50  37  97  53 13 0.250
BIG CR 240119 221023 13 R 8  41  35  81 0 0 303  1     41  30 100  81  7 0.330
YAAK   240120 221023 13 R 3  45  36  71 0 0 124  0     45  33  98  71  7 0.170
BOORMA 240226 221023 13 R 3  42  31  65 0 0 297  2     42  31  99  65  9 0.160
TROUT  241210 221023 13 R 3  47  37  68 0 0 348  2     47  36  97  64 10 0.140
Count:     8  Zone Average:  47  35  65          2  0  47  35  97  64  9 0.207
 
Zone: 105
WEST G 240207 221023 13 R 1  49  28  45 0 0  39  4     49  31  99  45  4 0.050
POLEBR 240210 221023 12 R 3  43  28  56 0 0  35  4     44  31  96  51  4 0.050
SPOTTE 240214 221023 13 R 3  38  33  85 0 0 101  1     38  33  98  85 11 0.190
HUNGRY 240217 221023 13 R 1  47  30  53 0 0 235  2     47  31  97  53  6 0.170
STILLW 240221 221023 13 R 3  46  29  53 0 0 287  2     46  35  96  53  6 0.100
HORNET 240224 221023 13 R 7  28  22  80 0 0   8  9     28  22  96  80  3 0.150
FIELDI 240225 221023 12 R 3  34  31  92 0 0 279  3     36  30  97  85  3 0.050
CONDON 241502 221023 13 R 3  40  33  78 0 0 327  2     40  34  99  78 11 0.190
Count:     8  Zone Average:  41  29  68          3  0  41  31  97  66  6 0.119
 
Zone: 106
PLAINS 241206 221023 13 R 2  48  35  61 0 0 274  1     48  37  97  61  7 0.130
THOMPS 241213 221023 13 R 2  46  36  68 0 0 272  3     46  36  99  68  9 0.270
ST. RE 241302 221023 13 R 2  50  35  57 0 0 287  3     50  35  96  57  4 0.050
PARDEE 241308 221023 12 R 6  35  32  92 0 0 155  1     37  31  98  87  4 0.150
NINEMI 241507 221023 12 R 3  46  31  56 0 0 281  3     46  34  97  56  4 0.050
Count:     5  Zone Average:  45  34  67          2  0  46  35  98  66  6 0.130
 
Zone: 107
HSPRNG 241211 221023 13 R 1  50  28  44 0 0  28  9     50  36  94  44  4 0.060
Count:     1  Zone Average:  50  28  44          9  0  50  36  94  44  4 0.060
 
Zone: 108
SEELEY 241508 221023 13 R 3  38  28  69 0 0 335  7     38  32  99  69  5 0.070
BLUE M 241513 221023 13 R 3  41  36  84 0 0 208  0     42  33  97  84  4 0.070
STINKW 241518 221023 12 R 3  35  32  89 0 0 325  1     35  28  96  89  7 0.110
POINT  241519 221023 12 R 4  20  18  95 0 0 341 21     23  19  97  95  1 0.010
Count:     4  Zone Average:  34  29  84          7  0  35  28  97  84  4 0.065
 
Zone: 109
DEER M 242902 221023 13 R 3  24  22  94 0 0 292 10     27  20  97  94  0 0.000
STEVI  242904 221023 13 R 3  42  35  78 0 0 259  3     43  33  99  78  1 0.020
WESTFK 242907 221023 13 R 3  38  24  58 0 0 202  3     40  31  98  55  1 0.010
TEPEE  242910 221023 13 R 3  28  25  90 0 0 296  9     30  23  97  87  2 0.040
SMITH  242912 221023 13 R 3  31  29  93 0 0  95  2     32  26  98  82  7 0.190
LITTLE 242914 221023 13 R 3  31  24  75 0 0 277 15     34  28  97  72  7 0.180
Count:     6  Zone Average:  32  27  81          7  0  34  27  98  78  3 0.073
 
Zone: 110
PBURG  243002 221023 13 R 3  37  30  77 0 0 141  2     38  28 100  77  4 0.220
YANKEE 244403 221023 12 R 4  29  28  96 0 0 277  9     34  25  98  88  1 0.020
WISE R 245405 221023 13 R 3  34  23  65 0 0 270 13     39  29  81  63  0 0.000
FRENCH 245415 221023 13 R 3  29  14  54 0 0 342  9     35  23  92  54  0 0.000
STEELE 245417 221023 12 R 3  30  22  74 0 0 295  5     33  24  99  72  3 0.060
Count:     5  Zone Average:  32  23  73          8  0  36  26  94  71  2 0.060
 
Zone: 111
WHITEH 243204 221023 13 R 3  36  32  87 0 0 350  4     44  33  99  76  9 0.150
GALENA 243206 221023 12 R 3  27  24  91 0 0 324  9     32  25 100  87  0 0.000
BRENNE 245409 221023 12 R 3  28  21  77 0 0 286 15     35  25  87  71  0 0.000
RED RO 245410 221023 13 R 2  29  21  73 0 0 295 14     34  24  96  73  3 0.060
ANTELO 245412 221023 12 R 2  26  22  87 0 0 305 21     34  23  98  87  3 0.100
HARKNE 245416 221023 13 R 2  26  15  65 0 0 309 12     33  17  92  65  2 0.030
ENNIS  245501 221023 13 R 2  33  30  89 0 0  29  1     39  30  98  78  5 0.240
BURNT  245506 221023 12 R 3  29  24  84 0 0  12  1     34  24  97  82  6 0.070
Count:     8  Zone Average:  29  24  82         10  0  36  25  96  77  4 0.081
 
 
 
End of WIMS Bulletin @ 23-OCT-22 20:31:26 GMT

