SHUS65 KMWI 232115
FWOVEF
Weather Information Management System (WIMS)
USDA National Information Technology Center (KMWI)
23-OCT-22 21:15:30 GMT
 
Listing of Observations (Las Vegas, NV)
 
ST NME STAT'N   DATE HR T W DBT DPT  RH Y M DIR WS 10 TMX TMN HMX HMN PD PPAMT
------ ------ ------ -- - - --- --- --- - - --- -- -- --- --- --- --- -- -----
NWS Office:  VEF/Zone: 301
LOGAN  020107 221023 13 R 2  32  17  54 0 0 286  9     55  26 100  39  7 0.160
OLAF   020108 221023 13 R 0  57  25  30 0 0 328 13     79  44  90  16  4 0.360
TWEEDY 020109 221023 13 R 1  48  23  38 0 0 347  6     66  35  95  22  7 0.540
NIXON  020113 221023 12 R 1  42  25  51 0 0 308  7     62  29  99  34  6 0.550
BLACKR 020114 221023 12 R 2  33  28  82 0 0 324  3     56  26 100  31  8 0.500
MOSSBA 020115 221023 13 R 2  49  25  39 0 0 286  7     63  42  83  34  0 0.000
UNION  020116 221023 12 R 2  60  26  28 0 0 321  7     75  51  61  27  0 0.000
HURRIC 020117 221023 13 R 2  42  25  52 0 0 297 17     69  33  99  23  6 0.580
MUSIC  020119 221023 12 R 1  53  15  22 0 0 262  8     68  38  89  22  0 0.000
TRUXTO 020120 221023 13 R 1  47  14  27 0 0 301 16     67  37  99  27  2 0.050
YELLOW 020217 221023 12 R 1  44  22  43 0 0 279  6     66  32  98  27  8 0.170
BUCKSK 020224 221023 13 R 3  35  28  76 0 0 239 10     66  30  98  28  7 0.570
Count:    12  Zone Average:  45  23  45          9  0  66  35  93  28  5 0.290
 
Zone: 311
HAVASU 020118 221023 12 R 2  76  32  20 0 0 360  8     90  62  53  20  0 0.000
MONTRO 250103 221023 13 R 3  44  33  67 0 0 190 24     79  40  70  10  0 0.000
KINCAN 250203 221023 13 O 2  48  36  62 0 0 315 28     79  41  71   9  0 0.000
Count:     3  Zone Average:  56  34  50         20  0  83  48  65  13  0 0.000
 
Zone: 460
BUDDY  261408 221023 12 R 1  52   7  16 0 0 312 24     69  38  58  16  0 0.000
Count:     1  Zone Average:  52   7  16         24  0  69  38  58  16  0 0.000
 
Zone: 461
COYOTE 261603 221023 12 R 3  36  26  68 0 0 325  8     57  31  99  36  6 0.260
KANE S 261604 221023 12 R 2  49  17  28 0 0 345 20     68  39  82  19  3 0.190
IMMIGR 261608 221023 12 R 3  35  26  70 0 0 341  6     58  25  98  26  6 0.310
Count:     3  Zone Average:  40  23  55         11  0  61  32  93  27  5 0.253
 
Zone: 517
OWENS  044803 221023 12 O 0  54  17  23 0 0  57 14  4  74  36  51  16  0 0.000
OAK CR 044804 221023 12 O 1  54  14  20 0 0 350 10     72  37  43  17  0 0.000
Count:     2  Zone Average:  54  16  22         12  4  73  37  47  17  0 0.000
 
Zone: 543
LOST H 045614 221023 13 R 1  59  21  23 0 0 269 11     70  45  82  23  0 0.000
Count:     1  Zone Average:  59  21  23         11  0  70  45  82  23  0 0.000
 
 
 
End of WIMS Bulletin @ 23-OCT-22 21:15:30 GMT

