SHUS65 KMWI 232031
FWOBOU
Weather Information Management System (WIMS)
USDA National Information Technology Center (KMWI)
23-OCT-22 20:31:26 GMT
 
Listing of Observations (Denver/Boulder, CO)
 
ST NME STAT'N   DATE HR T W DBT DPT  RH Y M DIR WS 10 TMX TMN HMX HMN PD PPAMT
------ ------ ------ -- - - --- --- --- - - --- -- -- --- --- --- --- -- -----
NWS Office:  BOU/Zone: 212
SODA C 051703 221023 12 R 3  34  24  69 0 0 307  9     59  32  89  13  1 0.010
PICKLE 051901 221023 13 R 2  39  23  54 0 0 313  8     60  38  59  11  0 0.000
JONES  053004 221023 12 R 2  32  25  77 0 0 296 17     58  32  97  13  2 0.100
KENOSH 053005 221023 12 R 2  39  17  41 0 0 201 23     58  32  99  12  1 0.010
Count:     4  Zone Average:  36  22  60         14  0  59  34  86  12  1 0.030
 
Zone: 213
HARBIS 050402 221023 12 R 3  39  24  55 0 0 208 12     58  29  94  20  4 0.060
GUNSIG 050404 221023 12 R 2  39  32  77 0 0 202 14     60  30 100  19  5 0.390
DRY GU 050407 221023 12 R 3  37  32  83 0 0 161  7     61  33  98  22  8 0.550
Count:     3  Zone Average:  38  29  72         11  0  60  31  97  20  6 0.333
 
Zone: 214
LAKE G 053002 221023 12 R 3  48  28  47 0 0 264  9     66  41  73   9  0 0.000
Count:     1  Zone Average:  48  28  47          9  0  66  41  73   9  0 0.000
 
Zone: 215
ESTES  050507 221023 13 R 0  49  20  32 0 0 269 11     63  37  56  15  0 0.000
REDSTO 050508 221023 12 R 3  60  28  30 0 0 188  5     74  52  30   9  1 0.020
SUGARL 050604 221023 13 R 2  56  20  25 0 0 257 14     74  48  43   9  0 0.000
Count:     3  Zone Average:  55  23  29         10  0  70  46  43  11  0 0.007
 
Zone: 216
CORRAL 051804 221023 12 R 2  53  18  25 0 0 292 10     67  36  69   7  0 0.000
BAILEY 052001 221023 13 R 2  51  22  33 0 0 244 10     68  43  65   9  0 0.000
LOOKOU 052003 221023 13 R 2  56  19  24 0 0 221 12     66  48  39  13  0 0.000
LOST P 053006 221023 13 R 3  32  24  73 0 0 203  9     57  30  96  13  1 0.070
CHEESM 053102 221023 13 R 2  49  25  39 0 0 197 20     67  44  73   8  0 0.000
POLHEM 053103 221023 12 R 2  49  29  47 0 0 250 12     69  40  79  10  0 0.000
CARPEN 053105 221023 12 R 3  53  28  39 0 0 224 13     73  51  44   9  0 0.000
Count:     7  Zone Average:  49  24  40         12  0  67  42  67  10  0 0.010
 
Zone: 217
INDEPE 050305 221023 12 R 3  28  24  88 0 0   5  7     55  28 100  21  1 0.010
PORCUP 050406 221023 12 R 8  34  28  81 0 0 226  7     55  27  99  23  5 0.230
Count:     2  Zone Average:  31  26  85          7  0  55  28 100  22  3 0.120
 
Zone: 218
WILLOW 050304 221023 12 R 3  30  28  94 0 0 194 12     52  30 100  24  3 0.250
Count:     1  Zone Average:  30  28  94         12  0  52  30 100  24  3 0.250
 
Zone: 238
CROW C 050701 221023 12 R 2  64  31  30 0 0 318 19     77  38  43   9  0 0.000
Count:     1  Zone Average:  64  31  30         19  0  77  38  43   9  0 0.000
 
Zone: 241
FRANKT 053104 221023 13 R 1  62  24  24 0 0 334 17     78  55  35   7  0 0.000
Count:     1  Zone Average:  62  24  24         17  0  78  55  35   7  0 0.000
 
 
 
End of WIMS Bulletin @ 23-OCT-22 20:31:26 GMT

