SHUS65 KMWI 232100
FWOTFX
Weather Information Management System (WIMS)
USDA National Information Technology Center (KMWI)
23-OCT-22 21:00:13 GMT
 
Listing of Observations (Great Falls, MT)
 
ST NME STAT'N   DATE HR T W DBT DPT  RH Y M DIR WS 10 TMX TMN HMX HMN PD PPAMT
------ ------ ------ -- - - --- --- --- - - --- -- -- --- --- --- --- -- -----
NWS Office:  TFX/Zone: 112
ST MAR 240303 221023 13 R 3  32  28  88 0 0  41  9     33  29  97  85  2 0.060
BROWNI 240307 221023 13 R 3  32  29  90 0 0 342 12     34  28  95  86  1 0.030
DEEP C 240308 221023 13 R 4  28  27  97 0 0 341 18     31  26  99  93  1 0.010
Count:     3  Zone Average:  31  28  92         13  0  33  28  97  88  1 0.033
 
Zone: 113
ROCKY  240601 221023 13 R 4  31  30  97 0 0  17  7     38  31  99  93 14 0.380
LITTLE 240704 221023 12 R 4  34  33  97 0 0 311  4     43  32  99  89 19 0.610
FORT B 240705 221023 13 R 4  32  32 100 0 0   1 16     43  32 100  98 17 0.540
Count:     3  Zone Average:  32  32  98          9  0  41  32  99  93 17 0.510
 
Zone: 114
GLEASO 241802 221023 13 R 3  30  26  88 0 0 300  5     35  29  94  75  2 0.040
BENCHM 241901 221023 13 R 6  33  26  76 0 0  35  7     35  28  99  76  5 0.200
GATES  241909 221023 13 R 3  34  27  76 0 0   7 10     36  28  97  76  6 0.140
DEARBO 241910 221023 13 R 3  35  30  84 0 0   6  7     39  32  98  84 24 0.760
Count:     4  Zone Average:  33  27  81          7  0  36  29  97  78  9 0.285
 
Zone: 115
ARMELL 242205 221023 12 R 3  35  33  93 0 0 290  8     45  33  97  93 22 0.700
LITTLE 242207 221023 12 R 3  31  25  80 0 0 317 12     40  30  98  80  6 0.480
JUDITH 242208 221023 13 R 4  23  22  98 0 0 321 15     33  23 100  98  2 0.020
Count:     3  Zone Average:  30  27  90         12  0  39  29  98  90 10 0.400
 
Zone: 116
LINCOL 241904 221023 13 R 3  35  32  91 0 0 110  1     37  30  98  83 22 0.580
Count:     1  Zone Average:  35  32  91          1  0  37  30  98  83 22 0.580
 
Zone: 117
SOUTH  242102 221023 12 R 3  29  20  70 0 0 279  8     33  26  96  70  5 0.170
PORPHY 243402 221023 13 R 3  19  17  95 0 0 356  6     31  18 100  95 15 0.400
WHITE  243403 221023 12 R 3  31  27  88 0 0 309 14     38  28  97  84  4 0.120
NEWLAN 243404 221023 13 R 3  28  24  85 0 0 317  9     35  26  99  83  3 0.060
Count:     4  Zone Average:  27  22  85          9  0  34  25  98  83  7 0.188
 
Zone: 118
HELENA 241907 221023 12 R 3  34  29  85 0 0 349 15     39  33  90  77  7 0.130
GINGER 243302 221023 13 R 3  37  24  60 0 0 330 17     40  33  96  60  4 0.250
ELKHOR 243303 221023 12 R 3  28  21  75 0 0 325 19     33  26  99  75  0 0.000
Count:     3  Zone Average:  33  25  73         17  0  37  31  95  71  4 0.127
 
 
 
End of WIMS Bulletin @ 23-OCT-22 21:00:13 GMT

