SHUS61 KMWI 232025
FWOBTV
Weather Information Management System (WIMS)
USDA National Information Technology Center (KMWI)
23-OCT-22 20:25:41 GMT
 
Listing of Forecasted Observations (Burlington, VT)
 
ST NME STAT'N   DATE HR T W DBT DPT  RH Y M DIR WS 10 TMX TMN HMX HMN PD1 PD2
------ ------ ------ -- - - --- --- --- - - --- -- -- --- --- --- ---  --  --
Stations not in a Zone:
SCHUYL 300191 221024 13 F 2  63  53  70 1 1 113  3  0  65  48 100  52   0   0
SCHUYL 300191 221025 13 F 1  70  60  71 1 1 158  7  0  70  51 100  67   0   0
SCHUYL 300191 221026 13 F 1  69  59  73 1 1 158  6  0  70  57 100  71   0   0
SCHUYL 300191 221027 13 F 1  56  41  59 1 1 293  8  0  69  52 100  59   0   0
SCHUYL 300191 221028 13 F 1  53  34  50 1 1  23  6  0  56  37 100  50   0   0
SCHUYL 300191 221029 13 F 1  55  38  53 1 1  90  1  0  55  37 100  50   0   0
SCHUYL 300191 221030 13 F 1  56  41  59 1 1 113  2  0  56  39 100  53   0   0
SCHROO 300311 221024 13 F 2  64  54  70 1 1 135  1  0  68  45 100  40   0   0
SCHROO 300311 221025 13 F 2  66  58  78 1 1 180  5  0  66  49 100  70   0   0
SCHROO 300311 221026 13 F 2  67  58  75 1 1 158  4  0  67  57 100  75   0   0
SCHROO 300311 221027 13 F 1  57  42  59 1 1 338  4  0  67  49 100  59   0   0
SCHROO 300311 221028 13 F 0  53  33  48 1 1  45  4  0  57  35 100  48   0   0
SCHROO 300311 221029 13 F 1  55  37  51 1 1 158  0  0  55  35 100  48   0   0
SCHROO 300311 221030 13 F 1  57  41  55 1 1 135  2  0  57  37 100  51   0   0
MT. VA 300312 221024 13 F 1  60  52  75 1 1 158  3  0  68  44 100  34   0   0
MT. VA 300312 221025 13 F 1  60  56  87 1 1 180  9  0  61  49 100  72   0   0
MT. VA 300312 221026 13 F 2  63  57  81 1 1 180  7  0  63  56 100  81   0   0
MT. VA 300312 221027 13 F 1  49  38  68 1 1 315  5  0  63  47 100  68   0   0
MT. VA 300312 221028 13 F 1  49  32  52 1 1  45  4  0  49  33 100  52   0   0
MT. VA 300312 221029 13 F 1  51  34  52 1 1 315  0  0  51  34 100  52   0   0
MT. VA 300312 221030 13 F 1  52  38  59 1 1 180  1  0  52  36 100  52   0   0
WANAKE 300891 221024 13 F 1  66  50  58 1 1 113  2  0  70  46 100  28   0   0
WANAKE 300891 221025 13 F 1  69  58  68 1 1 180  7  0  69  49 100  58   0   0
WANAKE 300891 221026 13 F 1  67  56  70 1 1 180  8  0  69  57 100  68   0   0
WANAKE 300891 221027 13 F 1  51  38  63 1 1 338  6  0  67  45 100  63   0   0
WANAKE 300891 221028 13 F 1  53  32  46 1 1  45  4  0  53  35 100  46   0   0
WANAKE 300891 221029 13 F 1  54  36  52 1 1 270  2  0  54  38 100  46   0   0
WANAKE 300891 221030 13 F 1  55  40  57 1 1 180  1  0  55  39 100  52   0   0
BRASHE 300892 221024 13 F 1  67  49  53 1 1  45  3  0  74  49 100  29   0   0
BRASHE 300892 221025 13 F 1  71  57  63 1 1 180  3  0  71  50 100  52   0   0
BRASHE 300892 221026 13 F 1  72  58  62 1 1 180  5  0  72  58 100  61   0   0
BRASHE 300892 221027 13 F 1  53  38  57 1 1 315  6  0  72  48 100  57   0   0
BRASHE 300892 221028 13 F 1  52  33  49 1 1  45  6  0  53  37 100  48   0   0
BRASHE 300892 221029 13 F 1  55  37  51 1 1 315  1  0  55  38 100  48   0   0
BRASHE 300892 221030 13 F 1  57  41  56 1 1 338  0  0  57  40 100  51   0   0
NULHEG 430402 221024 13 F 3  62  55  78 1 1 158  4  0  70  46 100  30   0   0
NULHEG 430402 221025 13 F 1  67  58  73 1 1 180  5  0  67  51 100  73   0   0
NULHEG 430402 221026 13 F 2  67  58  73 1 1 158  4  0  67  55 100  73   0   0
NULHEG 430402 221027 13 F 1  54  44  69 1 1 315  5  0  67  50 100  69   0   0
NULHEG 430402 221028 13 F 1  52  31  46 1 1  23  4  0  54  33 100  46   0   0
NULHEG 430402 221029 13 F 1  52  33  50 1 1 248  2  0  52  33 100  46   0   0
NULHEG 430402 221030 13 F 1  55  38  53 1 1 270  0  0  55  34 100  50   0   0
ESSEX  430501 221024 13 F 2  63  53  72 1 1 203  1  0  68  50 100  42   0   0
ESSEX  430501 221025 13 F 1  70  60  71 1 1 180  7  0  70  52 100  70   0   0
ESSEX  430501 221026 13 F 1  69  61  76 1 1 180  6  0  71  59 100  68   0   0
ESSEX  430501 221027 13 F 1  56  44  64 1 1 315  8  0  69  53 100  64   0   0
ESSEX  430501 221028 13 F 1  53  35  52 1 1 360  6  0  56  38 100  52   0   0
ESSEX  430501 221029 13 F 1  55  38  53 1 1 248  1  0  55  38 100  52   0   0
ESSEX  430501 221030 13 F 1  56  43  62 1 1 225  1  0  56  40 100  53   0   0
ELMORE 430601 221024 13 F 2  62  53  75 1 1 180  3  0  70  47 100  41   0   0
ELMORE 430601 221025 13 F 2  67  59  78 1 1 180  7  0  67  51 100  75   0   0
ELMORE 430601 221026 13 F 2  66  60  81 1 1 158  6  0  68  58 100  75   0   0
ELMORE 430601 221027 13 F 1  53  44  74 1 1 293  4  0  66  52 100  74   0   0
ELMORE 430601 221028 13 F 1  52  34  52 1 1  23  4  0  53  36 100  52   0   0
ELMORE 430601 221029 13 F 1  53  36  54 1 1 248  1  0  53  36 100  52   0   0
ELMORE 430601 221030 13 F 1  55  40  59 1 1 180  0  0  55  38 100  54   0   0
MT. TA 431301 221024 13 F 2  61  54  78 1 1 113  4  0  64  46 100  37   0   0
MT. TA 431301 221025 13 F 1  68  60  76 1 1 158  6  0  68  50 100  75   0   0
MT. TA 431301 221026 13 F 2  66  61  84 1 1 135  4  0  68  57 100  76   0   0
MT. TA 431301 221027 13 F 1  59  48  67 1 1 315  4  0  66  52 100  67   0   0
MT. TA 431301 221028 13 F 1  55  38  53 1 1 360  3  0  59  37 100  53   0   0
MT. TA 431301 221029 13 F 1  55  40  57 1 1 180  0  0  55  37 100  53   0   0
MT. TA 431301 221030 13 F 1  57  42  59 1 1 248  0  0  57  39 100  57   0   0
 
 
 
End of WIMS Bulletin @ 23-OCT-22 20:25:41 GMT

