SHUS62 KMWI 231958
FWOFFC
Weather Information Management System (WIMS)
USDA National Information Technology Center (KMWI)
23-OCT-22 19:58:43 GMT
 
Listing of Observations (Atlanta, GA)
 
ST NME STAT'N   DATE HR T W DBT DPT  RH Y M DIR WS 10 TMX TMN HMX HMN PD PPAMT
------ ------ ------ -- - - --- --- --- - - --- -- -- --- --- --- --- -- -----
Stations not in a Zone:
ARMUCH 090201 221023 13 R 1  74  40  30 0 0 253  4     74  54  52  30  0 0.000
COHUTT 090402 221023 13 R 2  71  39  32 0 0   1  4     71  48  59  32  0 0.000
TOCCOA 090601 221023 13 R 1  72  32  23 0 0 148  5     72  35  95  23  0 0.000
BRASST 090701 221023 13 R 2  69  25  19 0 0 283  3     69  47  54  19  0 0.000
DAWSON 091101 221023 13 R 2  75  40  29 0 0 207  2     76  38  90  24  0 0.000
CAMP M 091201 221023 13 R 2  57  49  77 0 0  68  3     58  38  91  74  0 0.000
DALLAS 092201 221023 13 R 2  73  38  29 0 0 216  3     76  36  99  27  0 0.000
WATKIN 092702 221023 13 R 0  74  42  32 0 0 197  5     75  39 100  21  0 0.000
NEWNAN 092901 221023 13 R 1  73  43  35 0 0 320  2     75  41 100  29  6 0.160
WASHIN 093501 221023 13 R 1  76  44  33 0 0  37  3     76  42  91  21  0 0.000
MILLED 093601 221023 13 R 2  78  51  39 0 0  78  3     78  39 100  20  0 0.000
BRENDE 094301 221023 13 R 1  79  46  32 0 0 353  1     79  35  96  21  0 0.000
LOUISV 094501 221023 13 R 2  78  51  40 0 0  80  2     78  42  96  21  0 0.000
OAKLAN 095101 221023 13 R 2  78  37  23 0 0 145  2     78  44  75  20  0 0.000
COCHRA 095301 221023 13 R 2  78  48  36 0 0  86  6     78  36  98  21  0 0.000
AMERIC 095501 221023 13 R 2  77  44  32 0 0  56  3     78  40  92  20  0 0.000
BYROMV 095701 221023 13 R 1  77  48  36 0 0 205  4     77  38 100  20  0 0.000
MCRAE  096201 221023 13 R 1  80  52  38 0 0 151  3     80  40  98  21  0 0.000
 
 
 
End of WIMS Bulletin @ 23-OCT-22 19:58:43 GMT

