SHUS64 KMWI 232035
FWOSHV
Weather Information Management System (WIMS)
USDA National Information Technology Center (KMWI)
23-OCT-22 20:35:34 GMT
 
Listing of Observations (Shreveport, LA)
 
ST NME STAT'N   DATE HR T W DBT DPT  RH Y M DIR WS 10 TMX TMN HMX HMN PD PPAMT
------ ------ ------ -- - - --- --- --- - - --- -- -- --- --- --- --- -- -----
Stations not in a Zone:
CLARKS 410401 221023 13 O 2  83  61  48 0 0 188 18     83  67  86  41  0 0.000
TEXARK 410501 221023 13 O 2  83  61  47 0 0 174  7     84  64  92  36  0 0.000
LINDEN 411102 221023 13 O 2  82  60  47 0 0 162  7     84  65  88  36  0 0.000
GILMER 411401 221023 13 O 0  84  61  46 0 0 187 13     85  66  89  34  0 0.000
TYLER  411701 221023 12 O 1  84  60  45 0 0 180 21     86  66  88  37  0 0.000
CADDO  411901 221023 13 O 2  85  58  40 0 0 186  3  8  86  63  95  37  0 0.000
HENDER 412202 221023 13 O 2  83  59  44 0 0 177 11     85  66  90  32  0 0.000
LUMBER 412801 221023 13 O 2  84  57  40 0 0 176 13     85  65  92  37  0 0.000
SABINE 412901 221023 13 O 2  84  59  43 0 0 210  7     86  65  87  36  0 0.000
ZAVALL 413503 221023 13 O 3  84  61  46 0 0 177  4     84  63  96  41  0 0.000
LUFKIN 413509 221023 13 O 2  84  58  41 0 0 154  8     86  65  95  37  0 0.000
SABINE 413701 221023 13 O 3  84  62  48 0 0 202  4     86  65  90  38  0 0.000
COLDSP 414201 221023 13 O 3  84  62  47 0 0 132  4     86  63  99  36  0 0.000
NWS Office:  SHV/Zone: 840
CANEY  160401 221023 12 O 2  84  60  44 0 0 185  5  9  84  62  92  38  0 0.000
NATCHI 161803 221023 12 O 3  83  62  50 0 0 177  4 10  84  61  97  39  0 0.000
GUM SP 161902 221023 12 O 2  82  60  48 0 0  88 11  9  83  62  93  36  0 0.000
VERNON 162302 221023 12 O 3  83  62  49 0 0 134  3 10  84  61 100  38  0 0.000
DOVE F 162303 221023 12 O 3  84  62  48 0 0 130  6 10  84  59  99  38  0 0.000
EVANGE 162401 221023 12 O 3  83  61  48 0 0 149  6 10  84  61  96  41  0 0.000
CATAHO 162502 221023 12 O 2  82  61  49 0 0 176  6  9  84  62  91  43  0 0.000
Count:     7  Zone Average:  83  61  48          6 10  84  61  96  39  0 0.000
 
 
 
End of WIMS Bulletin @ 23-OCT-22 20:35:34 GMT

