SHUS61 KMWI 232025
FWOCTP
Weather Information Management System (WIMS)
USDA National Information Technology Center (KMWI)
23-OCT-22 20:25:41 GMT
 
Listing of Forecasted Observations (Central Pennsylvania, PA)
 
ST NME STAT'N   DATE HR T W DBT DPT  RH Y M DIR WS 10 TMX TMN HMX HMN PD1 PD2
------ ------ ------ -- - - --- --- --- - - --- -- -- --- --- --- ---  --  --
Stations not in a Zone:
DISTAN 360051 221024 13 F 0  67  45  46 1 1 180  6  0  67  36 100  43   0   0
DISTAN 360051 221025 13 F 2  71  49  47 1 1 180  9  0  71  40 100  41   0   0
DISTAN 360051 221026 13 F 2  64  53  69 1 1 203  9  0  71  54  95  47   0   5
DISTAN 360051 221027 13 F 1  57  40  54 1 1 270  9  0  64  45  95  54   0   0
DISTAN 360051 221028 13 F 2  59  42  55 1 1 180  9  0  59  39  92  54   0   0
DISTAN 360051 221029 13 F 2  58  45  63 1 1 135  5  0  60  43  96  53   0   0
DISTAN 360051 221030 13 F 2  58  45  64 1 1 135  6  0  60  44  97  58   0   0
BLAIR  360131 221024 13 F 1  70  53  55 1 1  45  1  0  70  42 100  40   0   0
BLAIR  360131 221025 13 F 2  68  55  65 1 1 158  4  0  72  45 100  53   0   0
BLAIR  360131 221026 13 F 2  68  57  68 1 1 180  5  0  70  54 100  61   0   0
BLAIR  360131 221027 13 F 1  59  43  57 1 1 338  6  0  68  47  96  57   0   0
BLAIR  360131 221028 13 F 2  58  43  59 1 1 113  4  0  59  40  96  57   0   0
BLAIR  360131 221029 13 F 2  58  47  69 1 1 135  5  0  58  44  96  59   0   0
BLAIR  360131 221030 13 F 2  57  48  72 1 1 135  6  0  58  45 100  64   0   0
DOLL H 360231 221024 13 F 0  68  50  54 1 1  90  1  0  68  41 100  38   0   0
DOLL H 360231 221025 13 F 2  65  54  68 1 1 158  4  0  69  45 100  53   0   0
DOLL H 360231 221026 13 F 2  63  54  75 1 1 180  5  0  67  53 100  65   0   0
DOLL H 360231 221027 13 F 1  55  40  57 1 1 360  5  0  63  45  93  57   0   0
DOLL H 360231 221028 13 F 2  55  40  57 1 1 113  4  0  55  37  96  57   0   0
DOLL H 360231 221029 13 F 2  56  43  62 1 1 158  3  0  56  42  96  57   0   0
DOLL H 360231 221030 13 F 2  55  43  64 1 1 158  5  0  56  42 100  62   0   0
GARDEN 360271 221024 13 F 1  63  51  67 1 1  23  1  0  63  43 100  44   0   0
GARDEN 360271 221025 13 F 2  62  57  84 1 1 158  4  0  65  48 100  65   0   0
GARDEN 360271 221026 13 F 2  65  54  70 1 1 180  7  0  65  54 100  70   0   0
GARDEN 360271 221027 13 F 1  55  40  59 1 1 360  7  0  65  47  96  59   0   0
GARDEN 360271 221028 13 F 2  53  39  59 1 1  90  4  0  55  39  96  59   0   0
GARDEN 360271 221029 13 F 2  54  42  64 1 1 135  4  0  54  42  93  59   0   0
GARDEN 360271 221030 13 F 2  54  42  66 1 1 135  4  0  54  43  96  64   0   0
BEAR K 360272 221024 13 F 1  63  49  62 1 1  45  2  0  63  44 100  44   0   0
BEAR K 360272 221025 13 F 2  60  54  81 1 1 158  4  0  65  47 100  60   0   0
BEAR K 360272 221026 13 F 2  58  52  83 1 1 180  7  0  62  54 100  72   0   0
BEAR K 360272 221027 13 F 1  52  39  63 1 1 360  7  0  60  47  86  63   0   0
BEAR K 360272 221028 13 F 2  52  38  61 1 1  90  5  0  52  39  89  61   0   0
BEAR K 360272 221029 13 F 2  51  43  74 1 1 135  5  0  52  43  89  61   0   0
BEAR K 360272 221030 13 F 2  51  43  74 1 1 135  6  0  51  44  89  74   0   0
KENNED 360331 221024 13 F 0  66  49  56 1 1  90  1  0  66  40 100  38   0   0
KENNED 360331 221025 13 F 2  66  53  65 1 1 158  5  0  68  44 100  52   0   0
KENNED 360331 221026 13 F 2  62  53  75 1 1 180  6  0  66  54 100  65   0   0
KENNED 360331 221027 13 F 1  54  40  59 1 1 360  6  0  62  45  89  59   0   0
KENNED 360331 221028 13 F 2  55  40  57 1 1 113  5  0  55  38  92  57   0   0
KENNED 360331 221029 13 F 2  54  44  69 1 1 135  5  0  55  43  93  57   0   0
KENNED 360331 221030 13 F 2  54  42  66 1 1 135  6  0  54  44  93  66   0   0
COFFIN 360351 221024 13 F 1  66  52  61 1 1  45  1  0  66  44 100  42   0   0
COFFIN 360351 221025 13 F 2  63  56  78 1 1 158  4  0  67  48 100  59   0   0
COFFIN 360351 221026 13 F 2  63  54  75 1 1 180  6  0  65  55 100  73   0   0
COFFIN 360351 221027 13 F 1  55  40  59 1 1 360  6  0  63  47  93  59   0   0
COFFIN 360351 221028 13 F 2  54  40  59 1 1  90  4  0  55  39  92  59   0   0
COFFIN 360351 221029 13 F 2  54  42  66 1 1 158  3  0  54  43  93  59   0   0
COFFIN 360351 221030 13 F 2  54  44  69 1 1 135  4  0  54  43  96  66   0   0
TUMBLI 360411 221024 13 F 1  65  56  73 1 1 360  3  0  65  47 100  62   0   0
TUMBLI 360411 221025 13 F 2  65  61  87 1 1 135  2  0  67  49 100  70   0   0
TUMBLI 360411 221026 13 F 2  65  59  81 1 1 180  5  0  67  54 100  81   0   0
TUMBLI 360411 221027 13 F 1  60  47  64 1 1 360  6  0  68  50  93  64   0   0
TUMBLI 360411 221028 13 F 2  57  46  67 1 1  68  4  0  60  43  93  62   0   0
TUMBLI 360411 221029 13 F 2  57  48  72 1 1  90  4  0  57  45  93  67   0   0
TUMBLI 360411 221030 13 F 2  57  49  77 1 1 113  4  0  57  46  96  72   0   0
BEAR G 360431 221024 13 F 2  64  57  78 1 1 360  1  0  64  48 100  56   0   0
BEAR G 360431 221025 13 F 2  66  62  87 1 1 158  1  0  66  51 100  73   0   0
BEAR G 360431 221026 13 F 2  66  60  81 1 1 180  5  0  68  56 100  78   0   0
BEAR G 360431 221027 13 F 1  60  46  60 1 1 360  6  0  68  50  93  60   0   0
BEAR G 360431 221028 13 F 2  58  45  62 1 1  68  2  0  60  42  93  59   0   0
BEAR G 360431 221029 13 F 2  57  46  67 1 1 113  2  0  58  44  89  62   0   0
BEAR G 360431 221030 13 F 2  58  47  69 1 1 113  2  0  58  45  96  64   0   0
MANADA 360432 221024 13 F 2  65  56  75 1 1 360  2  0  65  50 100  60   0   0
MANADA 360432 221025 13 F 2  67  63  87 1 1 135  2  0  67  53 100  73   0   0
MANADA 360432 221026 13 F 2  70  60  71 1 1 180  5  0  70  57 100  71   0   0
MANADA 360432 221027 13 F 1  61  47  60 1 1 360  6  0  70  52  86  60   0   0
MANADA 360432 221028 13 F 2  58  45  64 1 1  68  4  0  61  45  86  58   0   0
MANADA 360432 221029 13 F 2  58  45  64 1 1  90  3  0  58  46  86  64   0   0
MANADA 360432 221030 13 F 2  59  48  67 1 1 113  4  0  59  47  89  64   0   0
FORNEY 360571 221024 13 F 1  68  54  63 1 1  23  2  0  68  44 100  46   0   0
FORNEY 360571 221025 13 F 2  66  57  75 1 1 158  2  0  70  48 100  59   0   0
FORNEY 360571 221026 13 F 2  64  58  81 1 1 180  5  0  68  53 100  73   0   0
FORNEY 360571 221027 13 F 1  60  46  60 1 1 360  5  0  67  49  90  60   0   0
FORNEY 360571 221028 13 F 2  58  45  62 1 1  90  3  0  60  42  93  58   0   0
FORNEY 360571 221029 13 F 2  56  47  74 1 1 135  3  0  58  45  93  62   0   0
FORNEY 360571 221030 13 F 2  57  48  72 1 1 135  3  0  58  46  96  69   0   0
YELLOW 360631 221024 13 F 0  69  44  42 1 1 203  5  0  69  34 100  38   0   0
YELLOW 360631 221025 13 F 1  72  50  47 1 1 203  9  0  72  38 100  40   0   0
YELLOW 360631 221026 13 F 2  65  54  69 1 1 203 10  0  72  56  92  47   0   5
YELLOW 360631 221027 13 F 1  56  43  62 1 1 270  9  0  65  47  95  62   0   0
YELLOW 360631 221028 13 F 2  59  43  56 1 1 203 10  0  59  41  89  56   0   0
YELLOW 360631 221029 13 F 2  59  46  64 1 1 135  5  0  59  45  91  56   0   0
YELLOW 360631 221030 13 F 2  56  46  71 1 1 135  7  0  59  46  93  64   0   0
INDIAN 360751 221024 13 F 2  65  56  75 1 1 360  1  0  65  49 100  58   0   0
INDIAN 360751 221025 13 F 2  66  62  87 1 1 135  2  0  67  52 100  73   0   0
INDIAN 360751 221026 13 F 2  67  59  78 1 1 180  5  0  69  56 100  78   0   0
INDIAN 360751 221027 13 F 1  61  47  60 1 1 360  6  0  69  52  87  60   0   0
INDIAN 360751 221028 13 F 2  58  45  62 1 1  68  4  0  61  45  82  56   0   0
INDIAN 360751 221029 13 F 2  58  45  64 1 1  90  3  0  58  46  83  62   0   0
INDIAN 360751 221030 13 F 2  59  48  67 1 1 113  3  0  59  47  89  64   0   0
CHESTN 360871 221024 13 F 1  65  52  63 1 1  45  1  0  65  44 100  44   0   0
CHESTN 360871 221025 13 F 2  62  56  81 1 1 158  3  0  67  47 100  61   0   0
CHESTN 360871 221026 13 F 2  65  56  73 1 1 180  5  0  65  55 100  73   0   0
CHESTN 360871 221027 13 F 1  56  43  62 1 1 360  6  0  65  48  93  62   0   0
CHESTN 360871 221028 13 F 2  55  40  59 1 1  90  4  0  56  40  92  57   0   0
CHESTN 360871 221029 13 F 2  54  44  71 1 1 135  3  0  55  43  93  59   0   0
CHESTN 360871 221030 13 F 2  54  44  71 1 1 135  4  0  55  44  96  66   0   0
BIG KN 360991 221024 13 F 1  68  54  61 1 1  23  2  0  68  44 100  48   0   0
BIG KN 360991 221025 13 F 2  67  58  75 1 1 135  2  0  71  48 100  55   0   0
BIG KN 360991 221026 13 F 2  70  56  63 1 1 180  5  0  70  55 100  63   0   0
BIG KN 360991 221027 13 F 1  62  45  54 1 1 360  6  0  70  50  93  54   0   0
BIG KN 360991 221028 13 F 2  60  42  53 1 1  90  3  0  62  42  93  53   0   0
BIG KN 360991 221029 13 F 2  59  46  62 1 1 113  4  0  60  45  93  53   0   0
BIG KN 360991 221030 13 F 2  59  46  64 1 1 113  4  0  59  46 100  62   0   0
ALLEGH 361002 221024 13 F 0  68  42  40 1 1 180  6  0  68  38 100  33   0   0
ALLEGH 361002 221025 13 F 2  69  47  47 1 1 180  9  0  70  42 100  38   0   0
ALLEGH 361002 221026 13 F 2  62  52  71 1 1 203 10  0  69  54  95  47   0   5
ALLEGH 361002 221027 13 F 1  54  38  55 1 1 270  9  0  62  43  94  55   0   0
ALLEGH 361002 221028 13 F 2  58  39  50 1 1 180  9  0  58  37  92  50   0   0
ALLEGH 361002 221029 13 F 2  58  43  59 1 1 158  4  0  58  42  94  50   0   0
ALLEGH 361002 221030 13 F 2  56  43  62 1 1 158  6  0  58  43  94  59   0   0
BEARS  361071 221024 13 F 2  63  57  81 1 1  23  1  0  63  47 100  56   0   0
BEARS  361071 221025 13 F 2  65  61  90 1 1 135  1  0  65  51 100  78   0   0
BEARS  361071 221026 13 F 2  66  58  78 1 1 180  3  0  66  55 100  78   0   0
BEARS  361071 221027 13 F 1  58  45  64 1 1 360  6  0  67  50  96  64   0   0
BEARS  361071 221028 13 F 2  57  42  59 1 1  68  2  0  58  41  93  59   0   0
BEARS  361071 221029 13 F 2  56  43  62 1 1  90  2  0  57  42  89  59   0   0
BEARS  361071 221030 13 F 2  57  46  67 1 1 113  2  0  57  43  96  62   0   0
OLD MO 361171 221024 13 F 1  66  52  61 1 1  45  2  0  66  43 100  46   0   0
OLD MO 361171 221025 13 F 2  63  56  78 1 1 158  4  0  68  48 100  59   0   0
OLD MO 361171 221026 13 F 2  63  54  75 1 1 180  7  0  65  53 100  73   0   0
OLD MO 361171 221027 13 F 1  54  40  61 1 1 360  6  0  63  45  93  61   0   0
OLD MO 361171 221028 13 F 2  53  39  61 1 1  90  4  0  54  37  96  59   0   0
OLD MO 361171 221029 13 F 2  54  42  66 1 1 158  4  0  54  41  96  61   0   0
OLD MO 361171 221030 13 F 2  54  44  69 1 1 158  5  0  54  43  93  64   0   0
KINZUA 361231 221024 13 F 0  69  50  51 1 1 135  2  0  69  42 100  36   0   0
KINZUA 361231 221025 13 F 2  71  51  51 1 1 180  6  0  71  49 100  47   0   0
KINZUA 361231 221026 13 F 2  65  54  68 1 1 203  6  0  71  54  96  51   0   0
KINZUA 361231 221027 13 F 1  53  39  59 1 1 360  6  0  65  44  96  59   0   0
KINZUA 361231 221028 13 F 2  58  39  51 1 1 113  5  0  58  38  92  51   0   0
KINZUA 361231 221029 13 F 2  58  43  59 1 1 180  4  0  58  43  93  51   0   0
KINZUA 361231 221030 13 F 2  57  44  62 1 1 158  6  0  58  43  96  59   0   0
NWS Office:  CTP/Zone: 998
BIG KN 360991 221024 13 F 1  68  54  61 1 1  23  2  0  68  44 100  48   0   0
BIG KN 360991 221025 13 F 2  67  58  75 1 1 135  2  0  71  48 100  55   0   0
BIG KN 360991 221026 13 F 2  70  56  63 1 1 180  5  0  70  55 100  63   0   0
BIG KN 360991 221027 13 F 1  62  45  54 1 1 360  6  0  70  50  93  54   0   0
BIG KN 360991 221028 13 F 2  60  42  53 1 1  90  3  0  62  42  93  53   0   0
BIG KN 360991 221029 13 F 2  59  46  62 1 1 113  4  0  60  45  93  53   0   0
BIG KN 360991 221030 13 F 2  59  46  64 1 1 113  4  0  59  46 100  62   0   0
BLAIR  360131 221024 13 F 1  70  53  55 1 1  45  1  0  70  42 100  40   0   0
BLAIR  360131 221025 13 F 2  68  55  65 1 1 158  4  0  72  45 100  53   0   0
BLAIR  360131 221026 13 F 2  68  57  68 1 1 180  5  0  70  54 100  61   0   0
BLAIR  360131 221027 13 F 1  59  43  57 1 1 338  6  0  68  47  96  57   0   0
BLAIR  360131 221028 13 F 2  58  43  59 1 1 113  4  0  59  40  96  57   0   0
BLAIR  360131 221029 13 F 2  58  47  69 1 1 135  5  0  58  44  96  59   0   0
BLAIR  360131 221030 13 F 2  57  48  72 1 1 135  6  0  58  45 100  64   0   0
DOLL H 360231 221024 13 F 0  68  50  54 1 1  90  1  0  68  41 100  38   0   0
DOLL H 360231 221025 13 F 2  65  54  68 1 1 158  4  0  69  45 100  53   0   0
DOLL H 360231 221026 13 F 2  63  54  75 1 1 180  5  0  67  53 100  65   0   0
DOLL H 360231 221027 13 F 1  55  40  57 1 1 360  5  0  63  45  93  57   0   0
DOLL H 360231 221028 13 F 2  55  40  57 1 1 113  4  0  55  37  96  57   0   0
DOLL H 360231 221029 13 F 2  56  43  62 1 1 158  3  0  56  42  96  57   0   0
DOLL H 360231 221030 13 F 2  55  43  64 1 1 158  5  0  56  42 100  62   0   0
GARDEN 360271 221024 13 F 1  63  51  67 1 1  23  1  0  63  43 100  44   0   0
GARDEN 360271 221025 13 F 2  62  57  84 1 1 158  4  0  65  48 100  65   0   0
GARDEN 360271 221026 13 F 2  65  54  70 1 1 180  7  0  65  54 100  70   0   0
GARDEN 360271 221027 13 F 1  55  40  59 1 1 360  7  0  65  47  96  59   0   0
GARDEN 360271 221028 13 F 2  53  39  59 1 1  90  4  0  55  39  96  59   0   0
GARDEN 360271 221029 13 F 2  54  42  64 1 1 135  4  0  54  42  93  59   0   0
GARDEN 360271 221030 13 F 2  54  42  66 1 1 135  4  0  54  43  96  64   0   0
KENNED 360331 221024 13 F 0  66  49  56 1 1  90  1  0  66  40 100  38   0   0
KENNED 360331 221025 13 F 2  66  53  65 1 1 158  5  0  68  44 100  52   0   0
KENNED 360331 221026 13 F 2  62  53  75 1 1 180  6  0  66  54 100  65   0   0
KENNED 360331 221027 13 F 1  54  40  59 1 1 360  6  0  62  45  89  59   0   0
KENNED 360331 221028 13 F 2  55  40  57 1 1 113  5  0  55  38  92  57   0   0
KENNED 360331 221029 13 F 2  54  44  69 1 1 135  5  0  55  43  93  57   0   0
KENNED 360331 221030 13 F 2  54  42  66 1 1 135  6  0  54  44  93  66   0   0
COFFIN 360351 221024 13 F 1  66  52  61 1 1  45  1  0  66  44 100  42   0   0
COFFIN 360351 221025 13 F 2  63  56  78 1 1 158  4  0  67  48 100  59   0   0
COFFIN 360351 221026 13 F 2  63  54  75 1 1 180  6  0  65  55 100  73   0   0
COFFIN 360351 221027 13 F 1  55  40  59 1 1 360  6  0  63  47  93  59   0   0
COFFIN 360351 221028 13 F 2  54  40  59 1 1  90  4  0  55  39  92  59   0   0
COFFIN 360351 221029 13 F 2  54  42  66 1 1 158  3  0  54  43  93  59   0   0
COFFIN 360351 221030 13 F 2  54  44  69 1 1 135  4  0  54  43  96  66   0   0
BEAR G 360431 221024 13 F 2  64  57  78 1 1 360  1  0  64  48 100  56   0   0
BEAR G 360431 221025 13 F 2  66  62  87 1 1 158  1  0  66  51 100  73   0   0
BEAR G 360431 221026 13 F 2  66  60  81 1 1 180  5  0  68  56 100  78   0   0
BEAR G 360431 221027 13 F 1  60  46  60 1 1 360  6  0  68  50  93  60   0   0
BEAR G 360431 221028 13 F 2  58  45  62 1 1  68  2  0  60  42  93  59   0   0
BEAR G 360431 221029 13 F 2  57  46  67 1 1 113  2  0  58  44  89  62   0   0
BEAR G 360431 221030 13 F 2  58  47  69 1 1 113  2  0  58  45  96  64   0   0
BEARS  361071 221024 13 F 2  63  57  81 1 1  23  1  0  63  47 100  56   0   0
BEARS  361071 221025 13 F 2  65  61  90 1 1 135  1  0  65  51 100  78   0   0
BEARS  361071 221026 13 F 2  66  58  78 1 1 180  3  0  66  55 100  78   0   0
BEARS  361071 221027 13 F 1  58  45  64 1 1 360  6  0  67  50  96  64   0   0
BEARS  361071 221028 13 F 2  57  42  59 1 1  68  2  0  58  41  93  59   0   0
BEARS  361071 221029 13 F 2  56  43  62 1 1  90  2  0  57  42  89  59   0   0
BEARS  361071 221030 13 F 2  57  46  67 1 1 113  2  0  57  43  96  62   0   0
OLD MO 361171 221024 13 F 1  66  52  61 1 1  45  2  0  66  43 100  46   0   0
OLD MO 361171 221025 13 F 2  63  56  78 1 1 158  4  0  68  48 100  59   0   0
OLD MO 361171 221026 13 F 2  63  54  75 1 1 180  7  0  65  53 100  73   0   0
OLD MO 361171 221027 13 F 1  54  40  61 1 1 360  6  0  63  45  93  61   0   0
OLD MO 361171 221028 13 F 2  53  39  61 1 1  90  4  0  54  37  96  59   0   0
OLD MO 361171 221029 13 F 2  54  42  66 1 1 158  4  0  54  41  96  61   0   0
OLD MO 361171 221030 13 F 2  54  44  69 1 1 158  5  0  54  43  93  64   0   0
Count:    63  Zone Average:  60  48  66          4  0  62  46  97  59   0   0
 
 
 
End of WIMS Bulletin @ 23-OCT-22 20:25:41 GMT

