SHUS62 KMWI 232025
FWOCAE
Weather Information Management System (WIMS)
USDA National Information Technology Center (KMWI)
23-OCT-22 20:25:42 GMT
 
Listing of Forecasted Observations (Columbia, SC)
 
ST NME STAT'N   DATE HR T W DBT DPT  RH Y M DIR WS 10 TMX TMN HMX HMN PD1 PD2
------ ------ ------ -- - - --- --- --- - - --- -- -- --- --- --- ---  --  --
Stations not in a Zone:
CSNWR  381201 221024 13 F 0  73  51  47 1 1 360  1  0  74  47 100  33   0   0
CSNWR  381201 221025 13 F 1  73  53  50 1 1 180  1  0  74  47 100  43   0   0
CSNWR  381201 221026 13 F 1  74  58  59 1 1 203  5  0  75  55 100  46   0   0
CSNWR  381201 221027 13 F 1  72  51  49 1 1  45  5  0  77  53  89  48   0   0
CSNWR  381201 221028 13 F 1  70  52  53 1 1  45  4  0  74  53  86  46   0   0
CSNWR  381201 221029 13 F 2  68  55  64 1 1  45  5  0  72  53 100  49   0   0
CSNWR  381201 221030 13 F 2  68  56  66 1 1  68  5  0  70  54 100  61   0   0
LONG C 382301 221024 13 F 1  74  48  41 1 1  45  1  0  76  43 100  33   0   0
LONG C 382301 221025 13 F 1  75  52  46 1 1 180  2  0  75  45 100  38   0   0
LONG C 382301 221026 13 F 1  74  56  55 1 1 248  5  0  77  56 100  42   0   0
LONG C 382301 221027 13 F 0  73  53  51 1 1  68  5  0  76  51  89  48   0   0
LONG C 382301 221028 13 F 1  72  55  57 1 1  68  4  0  75  52  96  46   0   0
LONG C 382301 221029 13 F 2  69  55  63 1 1  68  5  0  74  53  96  51   0   0
LONG C 382301 221030 13 F 2  69  58  70 1 1  90  5  0  70  54 100  61   0   0
CONGAR 382603 221024 13 F 0  74  51  45 1 1  23  1  0  77  46 100  32   0   0
CONGAR 382603 221025 13 F 1  75  53  48 1 1 158  1  0  76  47 100  40   0   0
CONGAR 382603 221026 13 F 1  77  60  57 1 1 225  5  0  77  57 100  43   0   0
CONGAR 382603 221027 13 F 1  75  53  48 1 1  45  5  0  79  54  90  48   0   0
CONGAR 382603 221028 13 F 1  73  54  52 1 1  45  5  0  77  55  96  46   0   0
CONGAR 382603 221029 13 F 2  71  56  60 1 1  45  5  0  74  56 100  50   0   0
CONGAR 382603 221030 13 F 2  71  57  63 1 1  90  5  0  73  56 100  55   0   0
SAVRIV 383101 221024 13 F 1  74  50  43 1 1  45  1  0  77  46 100  36   0   0
SAVRIV 383101 221025 13 F 1  75  53  48 1 1 158  1  0  76  47 100  40   0   0
SAVRIV 383101 221026 13 F 1  76  62  62 1 1 248  4  0  77  58 100  43   0   0
SAVRIV 383101 221027 13 F 0  75  55  51 1 1  68  4  0  78  53  93  50   0   0
SAVRIV 383101 221028 13 F 1  73  57  58 1 1  68  5  0  77  55  96  47   0   0
SAVRIV 383101 221029 13 F 2  70  58  68 1 1  68  4  0  75  57  96  54   0   0
SAVRIV 383101 221030 13 F 2  70  60  73 1 1  90  4  0  72  58 100  64   0   0
SANTEE 383401 221024 13 F 0  72  53  53 1 1  23  2  0  76  47 100  37   0   0
SANTEE 383401 221025 13 F 1  73  55  55 1 1  90  1  0  74  50 100  48   0   0
SANTEE 383401 221026 13 F 1  75  63  67 1 1 225  5  0  76  57 100  50   0   0
SANTEE 383401 221027 13 F 1  74  56  55 1 1  45  5  0  78  55  93  52   0   0
SANTEE 383401 221028 13 F 1  72  56  58 1 1  45  6  0  76  57  93  50   0   0
SANTEE 383401 221029 13 F 2  71  59  66 1 1  45  5  0  74  56 100  53   0   0
SANTEE 383401 221030 13 F 2  70  60  72 1 1  90  6  0  73  58 100  59   0   0
SAVRAW 383701 221024 13 F 1  75  49  41 1 1  45  1  0  78  47 100  36   0   0
SAVRAW 383701 221025 13 F 1  75  53  48 1 1 158  1  0  76  47 100  39   0   0
SAVRAW 383701 221026 13 F 1  76  60  59 1 1 248  5  0  77  58 100  43   0   0
SAVRAW 383701 221027 13 F 0  75  54  49 1 1  68  5  0  78  52  93  48   0   0
SAVRAW 383701 221028 13 F 1  73  56  56 1 1  68  5  0  77  55  96  45   0   0
SAVRAW 383701 221029 13 F 2  70  58  67 1 1  68  5  0  75  58  90  52   0   0
SAVRAW 383701 221030 13 F 2  70  60  72 1 1  90  5  0  71  58 100  63   0   0
 
 
 
End of WIMS Bulletin @ 23-OCT-22 20:25:42 GMT

