SHUS64 KMWI 232035
FWOSJT
Weather Information Management System (WIMS)
USDA National Information Technology Center (KMWI)
23-OCT-22 20:35:35 GMT
 
Listing of Observations (San Angelo, TX)
 
ST NME STAT'N   DATE HR T W DBT DPT  RH Y M DIR WS 10 TMX TMN HMX HMN PD PPAMT
------ ------ ------ -- - - --- --- --- - - --- -- -- --- --- --- --- -- -----
Stations not in a Zone:
BARNHA 417701 221023 13 O 0  79  60  52 0 0 181 15     83  61  93  37  0 0.000
FORT L 417702 221023 13 O 0  76  62  62 0 0 144 10     84  64  87  36  0 0.000
MASON  417801 221023 13 O 1  85  59  41 0 0 155 18     88  67  84  29  0 0.000
KIMBLE 417803 221023 12 O 0  82  60  47 0 0 187 12     86  68  83  33  0 0.000
MENARD 417804 221023 13 O 1  82  58  44 0 0 163 17     88  67  87  30  0 0.000
FORT M 417805 221023 13 O 0  82  60  48 0 0 168 11     87  66  94  31  0 0.000
SWEETW 419104 221023 13 O 0  81  55  41 0 0 176 21     87  65  73  31  0 0.000
PAINT  419203 221023 13 O 0  84  57  40 0 0 171 12     90  67  76  27  0 0.000
MATHIS 419204 221023 12 O 0  84  56  38 0 0 183 17     90  64  88  29  0 0.000
FORT C 419206 221023 13 O 0  83  53  36 0 0 183 14     88  63  82  29  0 0.000
MERTZO 419209 221023 13 O 2  82  59  46 0 0 185 16     87  64 100  33  0 0.000
STERLI 419210 221023 13 O 0  83  57  41 0 0 166 15     90  64  77  29  0 0.000
THROCK 419306 221023 13 O 0  87  59  39 0 0 176 14     92  69  70  26  0 0.000
HAMBY  419401 221023 13 O 0  86  57  38 0 0 190 20     88  66  77  29  0 0.000
STAMFO 419405 221023 13 O 0  87  58  37 0 0 188 23     90  69  69  27  0 0.000
CLYDE  419407 221023 13 O 0  82  58  44 0 0 183 21     86  64  85  33  0 0.000
COLORA 419501 221023 13 O 0  83  58  42 0 0 180 15     85  67  84  30  0 0.000
COLEMA 419502 221023 13 O 0  86  58  39 0 0 154 15     92  66  86  24  0 0.000
 
 
 
End of WIMS Bulletin @ 23-OCT-22 20:35:35 GMT

