SHUS64 KMWI 232131
FWOHGX
Weather Information Management System (WIMS)
USDA National Information Technology Center (KMWI)
23-OCT-22 21:31:26 GMT
 
Listing of Forecasted Observations (Houston/Galveston, TX)
 
ST NME STAT'N   DATE HR T W DBT DPT  RH Y M DIR WS 10 TMX TMN HMX HMN PD1 PD2
------ ------ ------ -- - - --- --- --- - - --- -- -- --- --- --- ---  --  --
Stations not in a Zone:
RATCLI 413302 221024 13 F 2  79  65  64 1 3 180 11  0  86  69  90  40   0   0
RATCLI 413302 221025 13 F 1  67  44  44 3 3 315 11  0  81  57 100  44  13   1
RATCLI 413302 221026 13 F 0  72  37  28 1 1  23  4  0  73  44  86  27   0   0
RATCLI 413302 221027 13 F 0  74  43  33 1 1 135  5  0  75  44  94  25   0   0
RATCLI 413302 221028 13 F 2  67  57  72 1 2  90  9  0  75  51 100  31   0   5
RATCLI 413302 221029 13 F 1  68  53  60 2 1 338  8  0  69  51 100  59   2   0
RATCLI 413302 221030 13 F 1  69  51  54 1 1 315  5  0  70  48 100  53   0   0
EASTER 413901 221024 13 F 3  78  68  73 1 4 180 12  0  87  71  85  42   0   2
EASTER 413901 221025 13 F 0  69  43  40 4 3 338 14  0  80  56  92  37  12   0
EASTER 413901 221026 13 F 0  74  40  30 1 1  68  4  0  75  51  68  28   0   0
EASTER 413901 221027 13 F 1  74  48  40 1 1 158  8  0  76  50  73  24   0   0
EASTER 413901 221028 13 F 2  69  61  77 1 2 338 10  0  76  59  98  38   0   5
EASTER 413901 221029 13 F 1  69  53  57 2 1 338 11  0  72  53  99  52   0   0
EASTER 413901 221030 13 F 0  71  52  52 1 1 315  6  0  73  50  97  46   0   0
HUNTSV 414102 221024 13 F 2  80  67  65 1 3 158 11  0  86  70  87  43   0   0
HUNTSV 414102 221025 13 F 0  70  45  41 3 3 315 11  0  82  59  94  41  14   1
HUNTSV 414102 221026 13 F 0  74  39  29 1 1  23  4  0  74  46  85  28   0   0
HUNTSV 414102 221027 13 F 1  75  45  35 1 1 135  6  0  75  46  89  27   0   0
HUNTSV 414102 221028 13 F 2  69  62  81 1 2  90  6  0  76  56 100  34   0   5
HUNTSV 414102 221029 13 F 1  69  54  60 2 1 338 11  0  72  53 100  58   0   0
HUNTSV 414102 221030 13 F 1  71  53  53 1 1 315  6  0  71  50 100  52   0   0
COLDSP 414201 221024 13 F 2  80  67  65 1 3 180 11  0  86  69  90  44   0   0
COLDSP 414201 221025 13 F 0  69  45  43 3 3 315 11  0  82  58  97  42  14   1
COLDSP 414201 221026 13 F 0  74  38  28 1 1  23  4  0  74  44  91  28   0   0
COLDSP 414201 221027 13 F 1  74  44  35 1 1 135  6  0  75  44  97  27   0   0
COLDSP 414201 221028 13 F 2  69  62  80 1 2  68  8  0  76  54 100  33   0   5
COLDSP 414201 221029 13 F 1  68  54  62 2 1 338 11  0  71  51 100  60   2   0
COLDSP 414201 221030 13 F 1  70  52  54 1 1 338  6  0  71  49 100  53   0   0
CONROE 415109 221024 13 F 2  81  68  66 1 3 158 11  0  86  70  89  43   0   0
CONROE 415109 221025 13 F 0  70  45  41 3 3 315 11  0  82  59  95  41  14   1
CONROE 415109 221026 13 F 0  74  39  29 1 1  23  4  0  74  46  86  28   0   0
CONROE 415109 221027 13 F 1  75  46  36 1 1 135  6  0  76  45  94  27   0   0
CONROE 415109 221028 13 F 2  70  64  82 1 2  90  6  0  76  55 100  34   0   5
CONROE 415109 221029 13 F 1  69  54  59 2 1 338 10  0  73  52 100  57   0   0
CONROE 415109 221030 13 F 1  72  53  52 1 1 338  6  0  72  49 100  51   0   0
DAYTON 415201 221024 13 F 2  81  68  66 1 3 180 13  0  86  70  90  50   0   0
DAYTON 415201 221025 13 F 0  69  46  45 3 3 315 11  0  83  60  95  44  11   1
DAYTON 415201 221026 13 F 0  73  40  31 1 1  23  5  0  74  45  91  30   0   0
DAYTON 415201 221027 13 F 1  74  46  38 1 1 135  6  0  75  44 100  29   0   0
DAYTON 415201 221028 13 F 2  70  65  86 1 2  90  9  0  75  55 100  36   0   5
DAYTON 415201 221029 13 F 1  68  55  65 2 1 338 11  0  73  53 100  63   2   0
DAYTON 415201 221030 13 F 1  70  54  57 1 1 338  6  0  71  49 100  55   0   0
ANAHUA 416099 221024 13 F 2  82  68  64 1 3 180 14  0  83  72  86  56   0   0
ANAHUA 416099 221025 13 F 0  71  48  44 3 3 315 14  0  84  63  95  43   7   1
ANAHUA 416099 221026 13 F 0  73  40  31 1 1  45  6  0  73  48  88  30   0   0
ANAHUA 416099 221027 13 F 0  74  50  44 1 1 113 10  0  75  49  95  29   0   0
ANAHUA 416099 221028 13 F 2  73  66  79 1 2 113 14  0  74  58 100  41   0   5
ANAHUA 416099 221029 13 F 1  69  57  67 2 2 338 12  0  76  53 100  64   5   0
ANAHUA 416099 221030 13 F 1  70  54  58 1 1 315  9  0  72  51 100  57   0   0
SAN BE 418302 221024 13 F 2  81  70  70 1 3 180 16  0  84  74  84  53   0   0
SAN BE 418302 221025 13 F 0  72  47  42 3 3 338 14  0  83  63  91  40   7   1
SAN BE 418302 221026 13 F 0  74  43  34 1 1  68  8  0  75  51  80  32   0   0
SAN BE 418302 221027 13 F 1  77  56  50 1 1 113 11  0  78  55  86  32   0   0
SAN BE 418302 221028 13 F 2  76  69  80 1 2 248 12  0  78  65 100  49   0   5
SAN BE 418302 221029 13 F 1  69  55  62 2 1 338 13  0  78  54 100  60   0   0
SAN BE 418302 221030 13 F 0  71  54  55 1 1 360  9  0  72  53  97  54   0   0
 
 
 
End of WIMS Bulletin @ 23-OCT-22 21:31:26 GMT

