SHUS64 KMWI 232131
FWOBRO
Weather Information Management System (WIMS)
USDA National Information Technology Center (KMWI)
23-OCT-22 21:31:25 GMT
 
Listing of Forecasted Observations (Brownsville, TX)
 
ST NME STAT'N   DATE HR T W DBT DPT  RH Y M DIR WS 10 TMX TMN HMX HMN PD1 PD2
------ ------ ------ -- - - --- --- --- - - --- -- -- --- --- --- ---  --  --
Stations not in a Zone:
HEBBRO 418401 221024 13 F 1  89  67  50 1 3 180 11  0  89  73  96  44   0   0
HEBBRO 418401 221025 13 F 0  77  41  28 3 3 338  9  0  92  63  82  28   0   0
HEBBRO 418401 221026 13 F 0  80  44  29 1 1 113  8  0  80  56  63  26   0   0
HEBBRO 418401 221027 13 F 1  80  65  62 1 1 135  9  0  81  61  96  28   0   0
HEBBRO 418401 221028 13 F 1  80  55  43 1 1 315 10  0  82  68 100  43   0   0
HEBBRO 418401 221029 13 F 1  74  48  40 1 1 338  8  0  82  58  74  34   0   0
HEBBRO 418401 221030 13 F 1  77  50  40 1 1  90  4  0  77  54  88  37   0   0
SANTA  418602 221024 13 F 1  90  71  54 1 1 180 18  0  90  75  92  50   0   0
SANTA  418602 221025 13 F 1  80  37  22 1 3 360 12  0  90  68  89  22   0   0
SANTA  418602 221026 13 F 1  83  51  34 1 1  90  8  0  83  58  63  21   0   0
SANTA  418602 221027 13 F 2  83  69  63 1 3 135 11  0  83  67  89  34   0   0
SANTA  418602 221028 13 F 1  85  62  47 3 2 293  8  0  85  72  97  47   0   0
SANTA  418602 221029 13 F 1  77  50  40 2 1 338 10  0  85  62  67  40   0   0
SANTA  418602 221030 13 F 1  79  53  41 1 1  90  5  0  79  59  80  39   0   0
LAGUNA 418603 221024 13 F 2  84  75  75 1 1 180 20  0  84  76  88  66   0   0
LAGUNA 418603 221025 13 F 1  76  47  36 1 3 360 16  0  85  70  91  36   0   0
LAGUNA 418603 221026 13 F 1  78  60  55 1 1  68 10  0  78  66  65  36   0   0
LAGUNA 418603 221027 13 F 2  81  73  79 1 3 135 14  0  81  71  89  55   0   0
LAGUNA 418603 221028 13 F 2  82  71  70 3 3 225  9  0  82  75  97  70   0   0
LAGUNA 418603 221029 13 F 1  74  59  61 3 1 360 13  0  82  66  75  61   0   0
LAGUNA 418603 221030 13 F 1  76  59  57 1 1  45  9  0  76  64  81  57   0   0
LA PUE 418604 221024 13 F 1  94  69  45 1 2 180  8  0  94  73  92  42   0   0
LA PUE 418604 221025 13 F 0  82  40  23 2 3 338 10  0  97  67  88  23   0   0
LA PUE 418604 221026 13 F 0  85  47  27 1 1 113  6  0  85  57  64  22   0   0
LA PUE 418604 221027 13 F 1  85  68  57 1 1 135  6  0  86  64  91  27   0   0
LA PUE 418604 221028 13 F 1  87  56  36 1 1 338 10  0  87  70 100  36   0   0
LA PUE 418604 221029 13 F 1  80  50  36 1 1 338  8  0  88  60  67  29   0   0
LA PUE 418604 221030 13 F 1  81  53  38 1 1 113  3  0  81  57  82  34   0   0
LINN-S 418605 221024 13 F 1  90  71  55 1 1 180 18  0  90  73  94  49   0   0
LINN-S 418605 221025 13 F 1  79  42  27 1 4 360 11  0  91  66  94  26   0   0
LINN-S 418605 221026 13 F 1  82  53  37 1 1  90  9  0  82  56  72  26   0   0
LINN-S 418605 221027 13 F 2  82  69  65 1 3 135 11  0  82  64  96  36   0   0
LINN-S 418605 221028 13 F 1  85  63  49 3 3 293  9  0  85  70 100  49   0   0
LINN-S 418605 221029 13 F 1  77  53  44 3 1 338 10  0  85  59  77  44   0   0
LINN-S 418605 221030 13 F 1  79  55  44 1 1  68  5  0  79  56  92  43   0   0
 
 
 
End of WIMS Bulletin @ 23-OCT-22 21:31:25 GMT

