SHUS64 KMWI 232131
FWOSJT
Weather Information Management System (WIMS)
USDA National Information Technology Center (KMWI)
23-OCT-22 21:31:26 GMT
 
Listing of Forecasted Observations (San Angelo, TX)
 
ST NME STAT'N   DATE HR T W DBT DPT  RH Y M DIR WS 10 TMX TMN HMX HMN PD1 PD2
------ ------ ------ -- - - --- --- --- - - --- -- -- --- --- --- ---  --  --
Stations not in a Zone:
BARNHA 417701 221024 13 F 1  77  49  38 1 5 270 13  0  80  63  93  36   0   0
BARNHA 417701 221025 13 F 0  68  25  20 1 1 315  9  0  78  43  73  20   0   0
BARNHA 417701 221026 13 F 0  72  36  27 1 1 180 18  0  72  44  60  18   0   0
BARNHA 417701 221027 13 F 1  73  52  49 1 3 203 19  0  74  51  84  25   0   0
BARNHA 417701 221028 13 F 1  67  38  35 3 3 338 21  0  76  51  83  33   0   0
BARNHA 417701 221029 13 F 1  67  39  37 1 1 360 13  0  69  44  89  32   0   0
BARNHA 417701 221030 13 F 1  71  41  34 1 1 203 13  0  71  45  86  33   0   0
FORT L 417702 221024 13 F 0  78  48  36 1 4 270 13  0  81  63  86  34   0   0
FORT L 417702 221025 13 F 0  71  26  19 1 1 293  6  0  79  47  58  18   0   0
FORT L 417702 221026 13 F 0  74  36  26 1 1 180 16  0  75  47  60  15   0   0
FORT L 417702 221027 13 F 1  75  51  44 1 2 180 14  0  77  54  83  24   0   0
FORT L 417702 221028 13 F 0  70  38  31 2 3 338 21  0  80  53  70  30   0   0
FORT L 417702 221029 13 F 0  69  40  35 1 1 360 12  0  73  48  83  27   0   0
FORT L 417702 221030 13 F 1  72  42  35 1 1 180 10  0  74  48  83  31   0   0
MASON  417801 221024 13 F 2  75  63  68 1 5 293 11  0  85  68 100  41   0   6
MASON  417801 221025 13 F 0  71  34  26 4 1 338 12  0  78  49  71  25   0   0
MASON  417801 221026 13 F 0  75  37  26 1 1 158 11  0  76  43  76  22   0   0
MASON  417801 221027 13 F 1  77  54  46 1 3 180 14  0  78  50  85  24   0   0
MASON  417801 221028 13 F 0  71  46  42 3 4 338 16  0  80  57  99  41   0   0
MASON  417801 221029 13 F 0  69  44  42 1 1 360 14  0  73  48  93  37   0   0
MASON  417801 221030 13 F 0  74  44  35 1 1 225 11  0  74  46  94  34   0   0
KIMBLE 417803 221024 13 F 1  76  61  61 1 5 270  9  0  85  66 100  41   0   0
KIMBLE 417803 221025 13 F 0  73  30  21 2 1 338 11  0  79  47  68  21   0   0
KIMBLE 417803 221026 13 F 0  78  36  22 1 1 180 12  0  78  43  76  18   0   0
KIMBLE 417803 221027 13 F 1  78  56  47 1 3 180 17  0  79  50  87  22   0   0
KIMBLE 417803 221028 13 F 0  72  42  35 3 4 338 17  0  80  54 100  35   0   0
KIMBLE 417803 221029 13 F 1  71  42  36 1 1  23 12  0  74  46  96  32   0   0
KIMBLE 417803 221030 13 F 0  74  43  34 1 1 225 11  0  74  44 100  31   0   0
MENARD 417804 221024 13 F 1  75  57  55 1 5 293  9  0  84  64 100  41   0   4
MENARD 417804 221025 13 F 0  70  31  24 1 1 338 11  0  79  45  79  23   0   0
MENARD 417804 221026 13 F 0  76  36  24 1 1 180 12  0  77  43  73  21   0   0
MENARD 417804 221027 13 F 1  78  55  46 1 3 180 17  0  79  49  86  23   0   0
MENARD 417804 221028 13 F 0  69  43  40 3 4 338 18  0  80  53 100  39   0   0
MENARD 417804 221029 13 F 1  67  42  41 1 1  23 13  0  71  44 100  36   0   0
MENARD 417804 221030 13 F 1  73  44  36 1 1 225 11  0  74  43 100  35   0   0
FORT M 417805 221024 13 F 1  75  56  53 1 5 270  9  0  83  63 100  43   0   4
FORT M 417805 221025 13 F 0  71  31  23 1 1 338  9  0  79  44  79  22   0   0
FORT M 417805 221026 13 F 0  75  35  24 1 1 180 12  0  76  43  76  19   0   0
FORT M 417805 221027 13 F 1  76  55  49 1 3 203 17  0  78  49  92  22   0   0
FORT M 417805 221028 13 F 0  69  41  37 3 4 338 17  0  79  52 100  35   0   0
FORT M 417805 221029 13 F 1  67  41  40 1 1  23 12  0  71  44 100  32   0   0
FORT M 417805 221030 13 F 1  73  44  36 1 1 225 11  0  73  43 100  34   0   0
SWEETW 419104 221024 13 F 1  76  47  37 1 5 270 18  0  86  62  90  35   2   2
SWEETW 419104 221025 13 F 0  68  30  25 2 1 293 11  0  78  44  83  24   0   0
SWEETW 419104 221026 13 F 0  74  35  25 1 1 180 13  0  74  45  59  20   0   0
SWEETW 419104 221027 13 F 1  75  51  43 1 3 203 18  0  77  51  71  23   0   0
SWEETW 419104 221028 13 F 1  64  44  49 3 4 338 16  0  80  51  84  35   0   0
SWEETW 419104 221029 13 F 1  65  41  43 1 1 360 12  0  66  46  91  41   0   0
SWEETW 419104 221030 13 F 1  71  42  36 1 1 225 12  0  71  46  84  35   0   0
PAINT  419203 221024 13 F 1  78  48  36 1 5 270 16  0  87  64  90  34   2   4
PAINT  419203 221025 13 F 0  72  29  21 1 1 315  9  0  81  45  82  21   0   0
PAINT  419203 221026 13 F 0  77  37  24 1 1 180 13  0  77  44  68  18   0   0
PAINT  419203 221027 13 F 1  79  53  42 1 3 203 16  0  79  51  78  22   0   0
PAINT  419203 221028 13 F 1  68  44  43 3 4 338 17  0  82  52  83  34   0   0
PAINT  419203 221029 13 F 1  68  42  40 1 1 360 11  0  70  46  93  38   0   0
PAINT  419203 221030 13 F 1  72  43  36 1 1 225 11  0  73  45  89  35   0   0
MATHIS 419204 221024 13 F 1  78  53  42 1 5 270 13  0  86  64  97  39   0   0
MATHIS 419204 221025 13 F 0  72  31  22 1 1 315  8  0  81  45  79  22   0   0
MATHIS 419204 221026 13 F 0  77  37  24 1 1 180 13  0  77  43  71  20   0   0
MATHIS 419204 221027 13 F 1  78  56  47 1 3 203 18  0  79  52  79  24   0   0
MATHIS 419204 221028 13 F 0  69  43  40 3 4 338 17  0  80  53  89  40   0   0
MATHIS 419204 221029 13 F 1  68  43  41 1 1 360 11  0  71  46  89  38   0   0
MATHIS 419204 221030 13 F 1  73  44  36 1 1 225 12  0  73  45  93  36   0   0
FORT C 419206 221024 13 F 1  76  50  41 1 5 248 14  0  87  63  93  36   2   4
FORT C 419206 221025 13 F 0  69  31  25 1 1 315 10  0  80  45  79  22   0   0
FORT C 419206 221026 13 F 0  74  36  26 1 1 180 13  0  75  43  68  20   0   0
FORT C 419206 221027 13 F 1  76  51  43 1 3 203 18  0  77  50  74  24   0   0
FORT C 419206 221028 13 F 1  67  45  46 3 4 338 18  0  80  51  91  37   0   0
FORT C 419206 221029 13 F 1  67  43  42 1 1 360 12  0  69  45  93  40   0   0
FORT C 419206 221030 13 F 1  71  44  38 1 1 225 12  0  71  44  89  37   0   0
MERTZO 419209 221024 13 F 1  78  51  39 1 5 270 14  0  85  63  97  37   0   0
MERTZO 419209 221025 13 F 0  70  29  22 1 1 315  9  0  80  44  79  21   0   0
MERTZO 419209 221026 13 F 0  75  36  25 1 1 180 16  0  76  43  67  19   0   0
MERTZO 419209 221027 13 F 1  76  54  48 1 3 203 19  0  77  51  86  24   0   0
MERTZO 419209 221028 13 F 1  68  42  39 3 3 338 19  0  79  51  94  37   0   0
MERTZO 419209 221029 13 F 1  67  42  41 1 1  23 11  0  70  44  98  37   0   0
MERTZO 419209 221030 13 F 1  72  44  37 1 1 225 12  0  73  44  96  35   0   0
STERLI 419210 221024 13 F 1  78  47  34 1 5 270 18  0  87  62  92  32   0   0
STERLI 419210 221025 13 F 0  71  27  20 1 1 315  9  0  79  42  89  20   0   0
STERLI 419210 221026 13 F 0  76  36  24 1 1 180 13  0  77  43  65  17   0   0
STERLI 419210 221027 13 F 1  78  51  39 1 3 203 17  0  79  51  85  21   0   0
STERLI 419210 221028 13 F 1  68  42  39 3 3 338 18  0  81  50  86  33   0   0
STERLI 419210 221029 13 F 1  67  41  39 1 1 360 11  0  71  43 100  35   0   0
STERLI 419210 221030 13 F 1  73  43  34 1 1 225 11  0  74  43  96  33   0   0
THROCK 419306 221024 13 F 2  67  53  62 1 5 338 11  0  89  62 100  33   0   6
THROCK 419306 221025 13 F 0  68  33  28 5 5 315 11  0  75  45  96  26   0   0
THROCK 419306 221026 13 F 0  74  35  25 1 1 180 11  0  74  43  83  23   0   0
THROCK 419306 221027 13 F 1  75  49  41 1 4 180 18  0  76  49  80  22   0   0
THROCK 419306 221028 13 F 1  66  48  54 4 4  23 13  0  79  52 100  36   0   0
THROCK 419306 221029 13 F 1  66  44  45 1 1 360 12  0  67  45 100  44   0   0
THROCK 419306 221030 13 F 1  70  43  38 1 1 225 11  0  71  44 100  37   0   0
HAMBY  419401 221024 13 F 1  74  54  50 1 5 293 13  0  87  63 100  36   0   6
HAMBY  419401 221025 13 F 0  68  32  27 3 1 315 12  0  77  46  84  26   0   0
HAMBY  419401 221026 13 F 0  74  35  25 1 1 180 13  0  75  46  65  23   0   0
HAMBY  419401 221027 13 F 1  76  51  43 1 3 203 19  0  77  52  67  23   0   0
HAMBY  419401 221028 13 F 1  67  46  47 3 4 360 16  0  79  53  93  38   0   0
HAMBY  419401 221029 13 F 1  65  41  43 1 1 360 13  0  68  46  98  41   0   0
HAMBY  419401 221030 13 F 1  70  43  38 1 1 225 12  0  71  45  90  36   0   0
STAMFO 419405 221024 13 F 1  73  50  45 1 5 293 13  0  88  63 100  33   2   6
STAMFO 419405 221025 13 F 0  69  31  25 3 1 315 10  0  77  45  89  24   0   0
STAMFO 419405 221026 13 F 0  74  34  24 1 1 180 13  0  74  43  76  22   0   0
STAMFO 419405 221027 13 F 1  76  49  40 1 3 203 17  0  77  51  71  22   0   0
STAMFO 419405 221028 13 F 1  67  45  46 3 4 360 17  0  79  52  99  35   0   0
STAMFO 419405 221029 13 F 1  66  42  42 1 1 360 12  0  68  46 100  41   0   0
STAMFO 419405 221030 13 F 1  71  42  36 1 1 225 12  0  71  44  96  35   0   0
CLYDE  419407 221024 13 F 1  73  54  52 1 5 293 13  0  85  62 100  39   0   6
CLYDE  419407 221025 13 F 0  66  32  29 3 1 315 12  0  77  45  86  28   0   0
CLYDE  419407 221026 13 F 0  73  37  27 1 1 180 13  0  73  44  68  24   0   0
CLYDE  419407 221027 13 F 1  74  51  46 1 3 203 19  0  74  51  70  26   0   0
CLYDE  419407 221028 13 F 1  66  45  48 3 4 360 16  0  77  52  96  42   0   0
CLYDE  419407 221029 13 F 1  64  42  45 1 1 360 13  0  66  45  98  44   0   0
CLYDE  419407 221030 13 F 1  68  43  41 1 1 248 12  0  69  45  90  39   0   0
COLORA 419501 221024 13 F 2  74  64  73 1 5 293 13  0  84  68  97  41   0   7
COLORA 419501 221025 13 F 0  69  37  31 5 1 338 13  0  77  49  74  30   0   0
COLORA 419501 221026 13 F 0  75  40  29 1 1 180 10  0  75  45  70  27   0   0
COLORA 419501 221027 13 F 1  74  53  49 1 3 180 13  0  76  49  81  26   0   0
COLORA 419501 221028 13 F 1  70  52  53 3 4 338 14  0  77  57  94  45   0   0
COLORA 419501 221029 13 F 1  67  45  46 1 1 360 13  0  71  48  93  46   0   0
COLORA 419501 221030 13 F 0  71  45  40 1 1 248  9  0  71  46  94  39   0   0
COLEMA 419502 221024 13 F 1  77  55  48 1 5 270  9  0  87  66  97  35   0   6
COLEMA 419502 221025 13 F 0  70  33  26 1 1 315 12  0  81  48  77  25   0   0
COLEMA 419502 221026 13 F 0  76  37  25 1 1 180 12  0  76  45  70  22   0   0
COLEMA 419502 221027 13 F 1  77  52  43 1 3 180 17  0  79  51  77  23   0   0
COLEMA 419502 221028 13 F 1  70  45  42 3 4 338 18  0  81  55  99  39   0   0
COLEMA 419502 221029 13 F 1  68  42  40 1 1 360 13  0  71  48  89  39   0   0
COLEMA 419502 221030 13 F 0  73  44  36 1 1 225 12  0  73  47  89  35   0   0
 
 
 
End of WIMS Bulletin @ 23-OCT-22 21:31:26 GMT

