SHUS62 KMWI 232025
FWOMLB
Weather Information Management System (WIMS)
USDA National Information Technology Center (KMWI)
23-OCT-22 20:25:42 GMT
 
Listing of Forecasted Observations (Melbourne, FL)
 
ST NME STAT'N   DATE HR T W DBT DPT  RH Y M DIR WS 10 TMX TMN HMX HMN PD1 PD2
------ ------ ------ -- - - --- --- --- - - --- -- -- --- --- --- ---  --  --
Stations not in a Zone:
PAISLE 084001 221024 13 F 1  80  59  49 1 1  45  5  0  81  62  98  49   0   0
PAISLE 084001 221025 13 F 0  85  59  42 1 1  23  2  0  85  58 100  41   0   0
PAISLE 084001 221026 13 F 1  85  64  51 1 1 248  6  0  85  62  97  41   0   0
PAISLE 084001 221027 13 F 0  83  64  54 1 1 248  4  0  85  64  97  51   0   0
PAISLE 084001 221028 13 F 1  84  65  53 1 1  90  4  0  84  64  97  53   0   0
PAISLE 084001 221029 13 F 1  82  64  56 1 1 135  5  0  84  65  97  53   0   0
PAISLE 084001 221030 13 F 1  81  63  56 1 1 203  4  0  82  64  97  56   0   0
MERRIT 084402 221024 13 F 1  80  66  63 1 1  45 10  0  81  69  93  62   0   0
MERRIT 084402 221025 13 F 1  83  63  52 1 1  23  5  0  83  64 100  51   0   0
MERRIT 084402 221026 13 F 1  85  64  51 1 1 225  6  0  85  64 100  51   0   0
MERRIT 084402 221027 13 F 1  82  67  62 1 1  90  5  0  85  68  97  51   0   0
MERRIT 084402 221028 13 F 1  81  67  63 1 1  90  8  0  82  69  93  61   0   0
MERRIT 084402 221029 13 F 1  82  68  64 1 1  90  8  0  82  68  93  61   0   0
MERRIT 084402 221030 13 F 1  80  67  65 1 1 113  9  0  82  69  93  63   0   0
BREVAR 089901 221024 13 F 1  79  65  64 1 1  45 10  0  79  69  93  64   0   0
BREVAR 089901 221025 13 F 1  82  63  54 1 1  23  6  0  82  63 100  53   0   0
BREVAR 089901 221026 13 F 1  84  65  53 1 1 225  8  0  84  63 100  53   0   0
BREVAR 089901 221027 13 F 1  80  67  65 1 1  68  5  0  84  68  97  53   0   0
BREVAR 089901 221028 13 F 1  81  66  62 1 1  68  9  0  81  68  97  60   0   0
BREVAR 089901 221029 13 F 1  81  67  64 1 1  90 10  0  81  68  93  60   0   0
BREVAR 089901 221030 13 F 1  80  67  66 1 1  90  9  0  81  68  97  63   0   0
ORANGE 089904 221024 13 F 1  81  61  51 1 1  45  8  0  82  66 100  48   0   0
ORANGE 089904 221025 13 F 0  85  60  43 1 1  23  3  0  85  63  97  43   0   0
ORANGE 089904 221026 13 F 1  86  65  50 1 1 248  8  0  86  65  97  43   0   0
ORANGE 089904 221027 13 F 1  83  66  57 1 1 225  4  0  86  68  93  50   0   0
ORANGE 089904 221028 13 F 1  84  65  54 1 1  90  5  0  84  67  93  53   0   0
ORANGE 089904 221029 13 F 1  82  65  58 1 1 135  6  0  84  68  93  53   0   0
ORANGE 089904 221030 13 F 1  81  65  60 1 1 180  6  0  82  67  93  58   0   0
SEMINO 089906 221024 13 F 1  80  61  53 1 1  45  9  0  81  66  97  51   0   0
SEMINO 089906 221025 13 F 0  84  61  46 1 1  23  4  0  84  62  97  44   0   0
SEMINO 089906 221026 13 F 1  85  65  52 1 1 248  8  0  85  64  97  44   0   0
SEMINO 089906 221027 13 F 1  83  67  59 1 1 248  5  0  85  67  97  50   0   0
SEMINO 089906 221028 13 F 1  83  66  58 1 1  90  6  0  83  66  97  56   0   0
SEMINO 089906 221029 13 F 1  82  66  59 1 1 135  6  0  83  67  97  57   0   0
SEMINO 089906 221030 13 F 1  81  67  63 1 1 180  6  0  82  67  93  58   0   0
VOLUSI 089907 221024 13 F 1  79  61  55 1 1  45 10  0  79  64  95  54   0   0
VOLUSI 089907 221025 13 F 0  83  61  49 1 1  23  5  0  83  59 100  49   0   0
VOLUSI 089907 221026 13 F 1  84  65  54 1 1 248  8  0  84  61 100  49   0   0
VOLUSI 089907 221027 13 F 0  81  65  60 1 1 270  5  0  84  65  97  53   0   0
VOLUSI 089907 221028 13 F 1  82  65  58 1 1  90  6  0  82  65  97  58   0   0
VOLUSI 089907 221029 13 F 1  81  66  62 1 1  90  8  0  82  65 100  58   0   0
VOLUSI 089907 221030 13 F 1  80  65  62 1 1 158  6  0  81  65  97  60   0   0
LAKE   089925 221024 13 F 1  80  59  50 1 1  45  5  0  80  61  97  49   0   0
LAKE   089925 221025 13 F 0  85  60  44 1 1  23  2  0  85  57 100  43   0   0
LAKE   089925 221026 13 F 1  84  66  55 1 1 248  5  0  85  62  97  43   0   0
LAKE   089925 221027 13 F 0  82  65  57 1 1 248  3  0  84  64  97  55   0   0
LAKE   089925 221028 13 F 1  83  65  55 1 1 113  3  0  83  63 100  54   0   0
LAKE   089925 221029 13 F 1  81  65  60 1 1 113  4  0  83  64 100  54   0   0
LAKE   089925 221030 13 F 1  81  64  57 1 1 203  4  0  81  64  97  56   0   0
INDIAN 089963 221024 13 F 1  82  66  59 1 1  45 11  0  82  68  87  49   0   0
INDIAN 089963 221025 13 F 1  84  66  55 1 1  23  6  0  84  62 100  55   0   0
INDIAN 089963 221026 13 F 1  86  65  51 1 1 270  8  0  86  62 100  50   0   0
INDIAN 089963 221027 13 F 1  83  69  64 1 1 113  6  0  86  67  97  50   0   0
INDIAN 089963 221028 13 F 1  83  70  65 1 1  90  8  0  83  67  97  63   0   0
INDIAN 089963 221029 13 F 1  83  70  65 1 1  90  9  0  83  68  93  63   0   0
INDIAN 089963 221030 13 F 1  82  68  64 1 1 113  9  0  83  67  97  63   0   0
MARTIN 089964 221024 13 F 1  82  65  57 1 1  45  9  0  83  67  91  49   0   0
MARTIN 089964 221025 13 F 1  85  65  53 1 1  23  4  0  85  63 100  53   0   0
MARTIN 089964 221026 13 F 1  86  65  50 1 1 270  4  0  86  63 100  50   0   0
MARTIN 089964 221027 13 F 1  84  69  62 1 1 248  3  0  86  67  93  50   0   0
MARTIN 089964 221028 13 F 1  84  69  61 1 1  90  6  0  84  68  97  59   0   0
MARTIN 089964 221029 13 F 1  83  69  64 1 1  90  8  0  84  68  97  61   0   0
MARTIN 089964 221030 13 F 1  83  69  63 1 1 113  5  0  83  68  97  61   0   0
OKEECH 089965 221024 13 F 1  81  62  54 1 1  45  9  0  83  66  91  44   0   0
OKEECH 089965 221025 13 F 1  85  64  51 1 1  23  4  0  85  60 100  51   0   0
OKEECH 089965 221026 13 F 1  86  65  50 1 1 270  5  0  86  62 100  50   0   0
OKEECH 089965 221027 13 F 1  83  69  63 1 1 225  4  0  86  67  97  50   0   0
OKEECH 089965 221028 13 F 1  84  69  61 1 1  90  5  0  84  66  97  61   0   0
OKEECH 089965 221029 13 F 1  83  69  63 1 1 113  5  0  84  67  97  61   0   0
OKEECH 089965 221030 13 F 1  83  68  61 1 1 158  6  0  83  67  97  61   0   0
OSCEOL 089966 221024 13 F 1  82  64  56 1 1  45  9  0  82  66  97  45   0   0
OSCEOL 089966 221025 13 F 0  84  62  48 1 1 360  4  0  84  61 100  48   0   0
OSCEOL 089966 221026 13 F 1  86  65  50 1 1 248  8  0  86  62 100  48   0   0
OSCEOL 089966 221027 13 F 1  83  67  59 1 1 225  5  0  86  66  97  50   0   0
OSCEOL 089966 221028 13 F 1  84  66  55 1 1  90  6  0  84  66  93  55   0   0
OSCEOL 089966 221029 13 F 1  83  66  57 1 1 135  6  0  84  66 100  55   0   0
OSCEOL 089966 221030 13 F 1  82  65  58 1 1 180  6  0  83  66  97  57   0   0
ST. LU 089967 221024 13 F 1  81  67  63 1 1  45 10  0  83  67  92  50   0   0
ST. LU 089967 221025 13 F 1  84  66  55 1 1  45  5  0  84  62 100  55   0   0
ST. LU 089967 221026 13 F 1  86  65  50 1 1 270  4  0  86  62 100  50   0   0
ST. LU 089967 221027 13 F 1  84  69  61 1 1 158  4  0  86  67  93  50   0   0
ST. LU 089967 221028 13 F 1  83  69  63 1 1  90  8  0  84  68  97  59   0   0
ST. LU 089967 221029 13 F 1  83  69  63 1 1  90  8  0  83  68  97  63   0   0
ST. LU 089967 221030 13 F 1  83  68  62 1 1  90  6  0  83  68  97  61   0   0
 
 
 
End of WIMS Bulletin @ 23-OCT-22 20:25:42 GMT

