SHUS65 KMWI 232135
FWOREV
Weather Information Management System (WIMS)
USDA National Information Technology Center (KMWI)
23-OCT-22 21:35:34 GMT
 
Listing of Observations (Reno, NV)
 
ST NME STAT'N   DATE HR T W DBT DPT  RH Y M DIR WS 10 TMX TMN HMX HMN PD PPAMT
------ ------ ------ -- - - --- --- --- - - --- -- -- --- --- --- --- -- -----
NWS Office:  REV/Zone: 450
DOYLE  040724 221023 12 R 2  47  20  34 0 0  32  9     53  33  64  19  0 0.000
DOG VA 041302 221023 12 R 2  42  15  34 0 0  47  3     50  16  89  21  0 0.000
GALENA 260108 221023 12 R 0  42  17  37 0 0 339  6     52  27  78  33  2 0.040
DESERT 260114 221023 12 R 2  44  16  32 0 0  40  7     47  29  70  22  0 0.000
LITTLE 260116 221023 12 R 1  39  20  46 0 0  27  5     46  14  93  30  3 0.030
FISH S 261204 221023 12 R 3  44  20  39 0 0 104  5     57  28  93  24  2 0.040
ROCK C 353424 221023 13 R 1  39  20  47 0 0 312 14     40  27  88  47  0 0.000
Count:     7  Zone Average:  43  18  39          7  0  49  25  82  28  1 0.016
 
Zone: 453
BLUEWI 260202 221023 12 R 3  46  17  32 0 0 343 14     50  28  73  27  0 0.000
MAJUBA 260208 221023 12 R 2  41  18  40 0 0 305 10     44  25  89  40  1 0.020
SIARD  260402 221023 12 R 3  44  20  39 0 0 356 11     52  29  93  34  0 0.000
DEAD C 260701 221023 12 R 3  45  16  32 0 0 338 10     51  28  63  26  0 0.000
CHERRY 261301 221023 12 R 2  31  19  63 0 0 272  5     33  21  99  63  6 0.230
Count:     5  Zone Average:  42  18  41         10  0  46  26  84  38  1 0.050
 
Zone: 458
CATNIP 260109 221023 13 R 2  36  25  64 0 0   1 11     39  27  93  48  3 0.030
FOX MO 260110 221023 12 R 0  37  17  45 0 0 351 15     37  21  94  45  1 0.010
BARREL 260111 221023 12 R 2  39  17  41 0 0 345 10     41  25  90  38  1 0.010
JUNIPE 260112 221023 12 R 2  43  16  34 0 0 354 11     44  27  85  31  0 0.000
BUFFAL 260113 221023 12 R 3  47  20  35 0 0 102  6     53  34  67  22  0 0.000
Count:     5  Zone Average:  41  19  44         11  0  43  27  86  37  1 0.010
 
Zone: 518
BENTON 043708 221023 13 O 2  48  15  26 0 0  25 16     64  22  69  21  0 0.000
CRESTV 043709 221023 12 O 1  42  16  34 0 0   7  3     47  15  86  34  0 0.000
ROCK C 043710 221023 12 O 1  44  12  27 0 0 305  8     60  26  65  25  0 0.000
DEXTER 043711 221023 12 O 3  37  14  39 0 0 339  7     47  17  82  39  0 0.000
LUNDY  043712 221023 12 O 1  40  18  40 0 0 129  6     52  18  80  33  0 0.000
Count:     5  Zone Average:  42  15  33          8  0  54  20  77  30  0 0.000
 
Zone: 541
STAMPE 041310 221023 12 O 2  40  16  38 0 0  32  4     48  19  85  35  0 0.000
RICE C 041311 221023 12 O 0  40  15  36 0 0   8  9     42  22  83  36  0 0.000
Count:     2  Zone Average:  40  16  37          7  0  45  21  84  36  0 0.000
 
Zone: 542
HOMEWO 041909 221023 13 R 2  36  19  51 0 0 114  6     40  23  77  49  0 0.000
BARON  042616 221023 12 R 2  44  16  32 0 0   9  5     46  17  95  32  3 0.050
KNOX # 260117 221023 13 R 1  34  14  44 0 0  99  9     40  23  93  40  3 0.040
SKYLAN 261205 221023 13 R 2  41  20  43 0 0 117  4     48  28  98  37  2 0.030
Count:     4  Zone Average:  39  17  43          6  0  44  23  91  40  2 0.030
 
Zone: 572
JUNIPE 040308 221023 12 R 2  47  23  40 0 0 354 10     47  28  88  36  0 0.000
RAVEND 040714 221023 12 R 2  43  19  39 0 0  12  5     44  27  87  26  0 0.000
BLUE D 040725 221023 12 R 3  40  21  47 0 0 326  7     40  26  98  39  0 0.000
HORSE  040727 221023 12 R 3  42  18  39 0 0  28  6     47  25  88  31  0 0.000
BULL F 040728 221023 12 R 3  45  19  36 0 0  77  5     49  25  93  24  0 0.000
HIDDEN 040732 221023 13 R 2  47  16  29 0 0  24 11     51  28  73  25  0 0.000
Count:     6  Zone Average:  44  19  38          7  0  46  27  88  30  0 0.000
 
Zone: 576
MARKLE 042802 221023 12 R 1  45  16  32 0 0   2  6     56  24  90  29  0 0.000
BRIDGE 043702 221023 12 R 0  42  18  38 0 0  62 14     53  20  89  35  0 0.000
WALKER 043707 221023 12 R 3  45  19  36 0 0 354  8     55  30  93  28  4 0.050
Count:     3  Zone Average:  44  18  35          9  0  55  25  91  31  1 0.017
 
Zone: 598
BOGARD 040703 221023 13 R 2  44  18  36 0 0  43  3     45  25  90  26  0 0.000
WESTWO 040719 221023 12 R 1  43  17  35 0 0  53  5     44  26  86  26  0 0.000
GRASSH 040721 221023 12 R 2  39  21  49 0 0 350  3     44  24  87  41  0 0.000
LADDER 040723 221023 12 R 2  40  22  49 0 0  21 13     43  28  84  33  0 0.000
GORDON 040730 221023 13 R 2  38  19  46 0 0 339  4     40  21  96  46  0 0.000
BLACKS 040731 221023 13 R 2  42  20  41 0 0  98  2     48  21  91  30  0 0.000
PIERCE 040915 221023 13 O 2  40  15  36 0 0  81 10     46  28  73  24  0 0.000
DENTEN 040921 221023 12 O 0  52  15  23 0 0  41  3     58  26  74  21  0 0.000
Count:     8  Zone Average:  42  18  39          5  0  46  25  85  31  0 0.000
 
 
 
End of WIMS Bulletin @ 23-OCT-22 21:35:34 GMT

