SHUS62 KMWI 232025
FWOGSP
Weather Information Management System (WIMS)
USDA National Information Technology Center (KMWI)
23-OCT-22 20:25:42 GMT
 
Listing of Forecasted Observations (Greenville/Spartanburg, SC)
 
ST NME STAT'N   DATE HR T W DBT DPT  RH Y M DIR WS 10 TMX TMN HMX HMN PD1 PD2
------ ------ ------ -- - - --- --- --- - - --- -- -- --- --- --- ---  --  --
Stations not in a Zone:
TALLUL 090802 221024 13 F 1  68  41  38 1 1 158  3  0  68  46  73  33   0   0
TALLUL 090802 221025 13 F 1  65  49  57 1 1 180  3  0  69  48  83  37   0   0
TALLUL 090802 221026 13 F 1  64  49  59 1 1 270  2  0  66  52  92  55   0   0
TALLUL 090802 221027 13 F 0  65  45  50 1 1 135  2  0  65  46  83  50   0   0
TALLUL 090802 221028 13 F 1  63  49  61 1 1 113  3  0  66  50  83  49   0   0
TALLUL 090802 221029 13 F 2  59  49  71 1 1 113  3  0  64  51  84  57   0   0
TALLUL 090802 221030 13 F 2  58  51  79 1 1  90  3  0  60  51  90  69   0   0
CHATTO 091301 221024 13 F 1  73  44  36 1 1 203  3  0  74  42  99  26   0   0
CHATTO 091301 221025 13 F 1  71  51  51 1 1 158  5  0  75  46 100  35   0   0
CHATTO 091301 221026 13 F 1  69  51  53 1 1 270  5  0  73  52 100  48   0   0
CHATTO 091301 221027 13 F 0  71  49  46 1 1  90  5  0  71  45 100  46   0   0
CHATTO 091301 221028 13 F 1  68  51  56 1 1  90  6  0  72  49  97  45   0   0
CHATTO 091301 221029 13 F 2  65  52  63 1 1  90  6  0  69  51  97  54   0   0
CHATTO 091301 221030 13 F 2  64  55  74 1 1  90  6  0  66  51 100  62   0   0
SEVEN  313302 221024 13 F 1  75  41  30 1 1 338  3  0  75  40  94  30   0   0
SEVEN  313302 221025 13 F 1  72  47  42 1 1 158  5  0  77  43  95  29   0   0
SEVEN  313302 221026 13 F 1  65  52  63 1 1 293  5  0  74  51  99  40   0   0
SEVEN  313302 221027 13 F 1  67  47  49 1 1  45  3  0  67  44 100  49   0   0
SEVEN  313302 221028 13 F 1  68  49  51 1 1 158  5  0  70  44 100  45   0   0
SEVEN  313302 221029 13 F 2  64  50  62 1 1 135  4  0  69  46 100  47   0   0
SEVEN  313302 221030 13 F 2  62  52  71 1 1 158  5  0  65  48 100  60   0   0
BUSICK 313402 221024 13 F 1  68  40  37 1 1 315  2  0  68  41  78  37   0   0
BUSICK 313402 221025 13 F 1  64  46  52 1 1 158  3  0  69  44  81  37   0   0
BUSICK 313402 221026 13 F 1  62  50  65 1 1 248  3  0  65  48  95  51   0   0
BUSICK 313402 221027 13 F 1  62  45  55 1 1 113  2  0  62  43  92  55   0   0
BUSICK 313402 221028 13 F 1  59  46  62 1 1 113  3  0  62  44  88  53   0   0
BUSICK 313402 221029 13 F 2  56  48  75 1 1  90  3  0  60  44  95  59   0   0
BUSICK 313402 221030 13 F 2  55  48  80 1 1 135  4  0  57  46  98  74   0   0
JESSEN 313404 221024 13 F 1  68  39  35 1 1 338  3  0  68  42  82  35   0   0
JESSEN 313404 221025 13 F 1  66  45  47 1 1 158  4  0  69  45  84  35   0   0
JESSEN 313404 221026 13 F 2  57  49  75 1 1 270  5  0  67  50  97  45   0   0
JESSEN 313404 221027 13 F 1  59  45  60 1 1  45  3  0  59  44 100  60   0   0
JESSEN 313404 221028 13 F 1  61  46  59 1 1 135  4  0  61  44  95  56   0   0
JESSEN 313404 221029 13 F 2  57  48  72 1 1 135  5  0  61  46  97  56   0   0
JESSEN 313404 221030 13 F 2  55  50  84 1 1 158  8  0  58  47 100  71   0   0
BURNSV 313440 221024 13 F 1  72  41  33 1 1 338  1  0  72  40  88  33   0   0
BURNSV 313440 221025 13 F 1  68  47  48 1 1 158  4  0  73  43  90  32   0   0
BURNSV 313440 221026 13 F 1  63  51  67 1 1 270  4  0  69  49  98  47   0   0
BURNSV 313440 221027 13 F 1  64  47  55 1 1 113  2  0  64  43 100  55   0   0
BURNSV 313440 221028 13 F 1  63  48  59 1 1 135  3  0  65  44  95  51   0   0
BURNSV 313440 221029 13 F 2  60  50  71 1 1 113  4  0  64  44 100  56   0   0
BURNSV 313440 221030 13 F 2  57  50  80 1 1 158  4  0  60  46 100  69   0   0
MT MIT 313441 221024 13 F 1  58  34  41 1 1 315  2  0  58  35  85  38   0   0
MT MIT 313441 221025 13 F 1  53  37  56 1 1 180  8  0  58  39  70  41   0   0
MT MIT 313441 221026 13 F 1  49  44  84 1 1 225  9  0  54  43 100  55   0   0
MT MIT 313441 221027 13 F 1  50  39  68 1 1 135  6  0  50  36 100  68   0   0
MT MIT 313441 221028 13 F 1  47  40  78 1 1 135  8  0  51  37 100  65   0   0
MT MIT 313441 221029 13 F 2  44  42  94 1 1 113  9  0  48  38 100  74   0   0
MT MIT 313441 221030 13 F 2  43  42  99 1 1 135 10  0  45  39 100  89   0   0
TAYLOR 313601 221024 13 F 0  73  49  44 1 1 203  2  0  73  42 100  34   0   0
TAYLOR 313601 221025 13 F 1  70  54  57 1 1 180  3  0  74  46 100  42   0   0
TAYLOR 313601 221026 13 F 1  71  58  64 1 1 225  4  0  71  53 100  54   0   0
TAYLOR 313601 221027 13 F 1  69  51  54 1 1  68  4  0  71  49  95  54   0   0
TAYLOR 313601 221028 13 F 1  65  51  61 1 1  68  4  0  70  49  91  52   0   0
TAYLOR 313601 221029 13 F 2  63  55  76 1 1  68  4  0  66  49  98  59   0   0
TAYLOR 313601 221030 13 F 2  62  55  79 1 1  68  4  0  64  51 100  74   0   0
TAYLOR 313640 221024 13 F 0  73  49  43 1 1 225  2  0  73  41 100  34   0   0
TAYLOR 313640 221025 13 F 1  69  53  57 1 1 180  3  0  74  45 100  41   0   0
TAYLOR 313640 221026 13 F 1  71  58  64 1 1 225  4  0  71  52 100  54   0   0
TAYLOR 313640 221027 13 F 1  69  51  53 1 1  68  4  0  71  49  95  53   0   0
TAYLOR 313640 221028 13 F 1  65  51  61 1 1  68  4  0  70  48  94  51   0   0
TAYLOR 313640 221029 13 F 2  63  55  76 1 1  68  4  0  66  48 100  59   0   0
TAYLOR 313640 221030 13 F 2  62  55  79 1 1  68  4  0  63  50 100  74   0   0
CHEROK 313902 221024 13 F 1  74  38  28 1 1 360  3  0  74  40  82  21   0   0
CHEROK 313902 221025 13 F 1  69  43  40 1 1 180  5  0  75  43  83  28   0   0
CHEROK 313902 221026 13 F 1  64  50  61 1 1 270  6  0  71  48 100  39   0   0
CHEROK 313902 221027 13 F 0  67  46  47 1 1  90  4  0  67  41 100  47   0   0
CHEROK 313902 221028 13 F 1  67  48  51 1 1 158  5  0  69  42 100  44   0   0
CHEROK 313902 221029 13 F 2  62  49  64 1 1 135  5  0  69  43 100  48   0   0
CHEROK 313902 221030 13 F 2  60  50  72 1 1 180  6  0  64  45 100  60   0   0
COW MT 313903 221024 13 F 1  77  41  28 1 1  23  2  0  77  41  91  23   0   0
COW MT 313903 221025 13 F 1  72  48  44 1 1 180  4  0  79  44  93  27   0   0
COW MT 313903 221026 13 F 1  67  52  59 1 1 270  3  0  75  50 100  41   0   0
COW MT 313903 221027 13 F 0  72  48  44 1 1 158  2  0  72  43 100  44   0   0
COW MT 313903 221028 13 F 1  71  50  49 1 1 158  3  0  74  44 100  41   0   0
COW MT 313903 221029 13 F 2  67  52  60 1 1 135  4  0  73  46 100  46   0   0
COW MT 313903 221030 13 F 2  66  54  67 1 1 158  4  0  68  48 100  57   0   0
TOW ST 313904 221024 13 F 1  73  38  29 1 1 360  2  0  73  44  76  28   0   0
TOW ST 313904 221025 13 F 1  69  44  42 1 1 180  4  0  74  45  81  27   0   0
TOW ST 313904 221026 13 F 1  63  48  59 1 1 270  4  0  71  50  99  41   0   0
TOW ST 313904 221027 13 F 0  68  45  44 1 1 135  3  0  68  44  97  44   0   0
TOW ST 313904 221028 13 F 1  67  47  49 1 1 180  4  0  69  44  97  42   0   0
TOW ST 313904 221029 13 F 2  63  48  60 1 1 135  4  0  68  46  94  48   0   0
TOW ST 313904 221030 13 F 2  61  49  66 1 1 180  5  0  64  48  98  58   0   0
FRYING 314040 221024 13 F 1  60  35  39 1 1 360  2  0  62  40  80  33   0   0
FRYING 314040 221025 13 F 1  56  41  58 1 1 180  8  0  60  43  73  39   0   0
FRYING 314040 221026 13 F 1  54  44  71 1 1 248  8  0  56  47  92  58   0   0
FRYING 314040 221027 13 F 1  54  40  60 1 1  90  6  0  54  41  98  60   0   0
FRYING 314040 221028 13 F 1  52  42  70 1 1 135  8  0  55  43  93  59   0   0
FRYING 314040 221029 13 F 2  47  44  91 1 1 113  8  0  52  43  93  69   0   0
FRYING 314040 221030 13 F 2  46  45  99 1 1 135  9  0  47  44  99  90   0   0
MOUNTA 314041 221024 13 F 1  72  38  30 1 1 360  3  0  72  40  87  30   0   0
MOUNTA 314041 221025 13 F 1  68  45  45 1 1 180  5  0  73  43  84  30   0   0
MOUNTA 314041 221026 13 F 1  64  50  61 1 1 270  5  0  70  49 100  43   0   0
MOUNTA 314041 221027 13 F 0  64  46  52 1 1  90  4  0  65  41 100  52   0   0
MOUNTA 314041 221028 13 F 1  64  48  57 1 1 135  5  0  67  43 100  48   0   0
MOUNTA 314041 221029 13 F 2  60  49  69 1 1 113  5  0  65  44 100  53   0   0
MOUNTA 314041 221030 13 F 2  58  51  78 1 1 135  5  0  61  46 100  66   0   0
UNC AS 314141 221024 13 F 1  75  43  32 1 1 338  3  0  75  41  94  31   0   0
UNC AS 314141 221025 13 F 1  70  49  48 1 1 158  6  0  75  44  96  32   0   0
UNC AS 314141 221026 13 F 1  67  53  61 1 1 293  5  0  72  51 100  45   0   0
UNC AS 314141 221027 13 F 1  68  48  50 1 1 113  4  0  68  45 100  50   0   0
UNC AS 314141 221028 13 F 1  66  50  57 1 1 135  5  0  70  46  98  47   0   0
UNC AS 314141 221029 13 F 2  63  52  68 1 1 113  5  0  67  47 100  54   0   0
UNC AS 314141 221030 13 F 2  61  53  75 1 1 135  6  0  63  49  99  66   0   0
GRANDF 314201 221024 13 F 1  76  47  36 1 1 180  2  0  76  43  84  31   0   0
GRANDF 314201 221025 13 F 1  70  51  51 1 1 158  3  0  76  46  93  36   0   0
GRANDF 314201 221026 13 F 1  70  55  60 1 1 248  2  0  72  51  96  49   0   0
GRANDF 314201 221027 13 F 0  69  49  50 1 1  90  2  0  71  45  97  50   0   0
GRANDF 314201 221028 13 F 1  66  51  59 1 1  90  3  0  70  47  89  49   0   0
GRANDF 314201 221029 13 F 2  64  53  69 1 1  90  3  0  67  48  94  55   0   0
GRANDF 314201 221030 13 F 2  63  54  75 1 1  90  3  0  64  48  99  68   0   0
NORTH  314301 221024 13 F 1  73  45  38 1 1 203  2  0  73  43  83  36   0   0
NORTH  314301 221025 13 F 1  68  50  53 1 1 180  3  0  74  46  91  36   0   0
NORTH  314301 221026 13 F 1  68  54  61 1 1 248  3  0  70  50  95  50   0   0
NORTH  314301 221027 13 F 1  67  48  52 1 1  90  2  0  69  45  95  52   0   0
NORTH  314301 221028 13 F 1  64  49  59 1 1 113  3  0  68  47  88  49   0   0
NORTH  314301 221029 13 F 2  62  52  71 1 1  90  4  0  66  47  94  55   0   0
NORTH  314301 221030 13 F 2  60  53  80 1 1  90  4  0  62  48  99  67   0   0
PIEDMO 314541 221024 13 F 0  72  50  47 1 1 248  2  0  73  41 100  32   0   0
PIEDMO 314541 221025 13 F 1  71  54  55 1 1 180  2  0  74  45 100  42   0   0
PIEDMO 314541 221026 13 F 1  72  59  65 1 1 225  5  0  74  53 100  50   0   0
PIEDMO 314541 221027 13 F 1  69  52  55 1 1  45  4  0  74  49  95  55   0   0
PIEDMO 314541 221028 13 F 1  67  51  58 1 1  68  4  0  71  48  97  52   0   0
PIEDMO 314541 221029 13 F 2  65  56  73 1 1  68  4  0  69  50 100  55   0   0
PIEDMO 314541 221030 13 F 2  65  56  74 1 1  45  4  0  66  51 100  69   0   0
CHEOAH 315501 221024 13 F 1  76  42  30 1 1 248  2  0  76  40  93  23   0   0
CHEOAH 315501 221025 13 F 1  73  50  45 1 1 180  5  0  77  44  93  30   0   0
CHEOAH 315501 221026 13 F 1  64  50  61 1 1 293  5  0  74  50 100  44   0   0
CHEOAH 315501 221027 13 F 0  71  49  46 1 1 360  2  0  71  41 100  46   0   0
CHEOAH 315501 221028 13 F 1  71  50  49 1 1 158  4  0  72  44 100  44   0   0
CHEOAH 315501 221029 13 F 2  67  52  60 1 1 135  4  0  72  47 100  47   0   0
CHEOAH 315501 221030 13 F 2  65  54  68 1 1 158  5  0  68  48 100  59   0   0
LOCUST 315802 221024 13 F 1  74  40  30 1 1 113  1  0  74  39  97  25   0   0
LOCUST 315802 221025 13 F 1  69  49  49 1 1 180  4  0  75  43  97  29   0   0
LOCUST 315802 221026 13 F 1  65  50  59 1 1 293  4  0  71  50 100  46   0   0
LOCUST 315802 221027 13 F 0  69  46  45 1 1 135  2  0  69  41 100  45   0   0
LOCUST 315802 221028 13 F 1  67  49  53 1 1 135  3  0  71  44 100  43   0   0
LOCUST 315802 221029 13 F 2  64  51  64 1 1 135  3  0  69  46 100  51   0   0
LOCUST 315802 221030 13 F 2  61  52  74 1 1 135  3  0  65  48 100  62   0   0
HIGHLA 315803 221024 13 F 1  68  40  37 1 1 180  2  0  68  40  85  34   0   0
HIGHLA 315803 221025 13 F 1  63  48  58 1 1 180  5  0  68  44  86  37   0   0
HIGHLA 315803 221026 13 F 1  62  49  63 1 1 270  4  0  64  48 100  56   0   0
HIGHLA 315803 221027 13 F 0  63  46  54 1 1 158  3  0  63  41 100  54   0   0
HIGHLA 315803 221028 13 F 1  61  48  64 1 1 135  5  0  64  44 100  53   0   0
HIGHLA 315803 221029 13 F 2  57  49  75 1 1 135  5  0  61  45 100  62   0   0
HIGHLA 315803 221030 13 F 2  56  51  85 1 1 135  6  0  58  46 100  73   0   0
WAYAH  315840 221024 13 F 1  62  35  37 1 1 315  2  0  62  38  78  32   0   0
WAYAH  315840 221025 13 F 1  58  43  58 1 1 180  6  0  63  42  77  37   0   0
WAYAH  315840 221026 13 F 1  53  44  73 1 1 270  6  0  58  45  99  58   0   0
WAYAH  315840 221027 13 F 0  58  41  54 1 1 135  4  0  58  38 100  54   0   0
WAYAH  315840 221028 13 F 1  56  43  63 1 1 135  6  0  58  41  97  54   0   0
WAYAH  315840 221029 13 F 2  52  46  80 1 1 135  6  0  56  43  99  63   0   0
WAYAH  315840 221030 13 F 2  49  46  92 1 1 158  9  0  52  43 100  80   0   0
JACKSO 315902 221024 13 F 1  73  38  29 1 1  45  2  0  73  41  90  21   0   0
JACKSO 315902 221025 13 F 1  68  47  47 1 1 180  4  0  74  43  94  28   0   0
JACKSO 315902 221026 13 F 1  64  49  60 1 1 270  3  0  70  50 100  44   0   0
JACKSO 315902 221027 13 F 0  67  46  47 1 1 158  2  0  67  43 100  47   0   0
JACKSO 315902 221028 13 F 1  66  48  53 1 1 135  3  0  70  45 100  43   0   0
JACKSO 315902 221029 13 F 2  62  50  65 1 1 135  4  0  68  46 100  49   0   0
JACKSO 315902 221030 13 F 2  60  51  73 1 1 135  4  0  63  48 100  61   0   0
DAVIDS 316001 221024 13 F 1  69  40  35 1 1 360  3  0  69  38  86  33   0   0
DAVIDS 316001 221025 13 F 1  64  46  53 1 1 180  5  0  69  41  84  35   0   0
DAVIDS 316001 221026 13 F 1  63  49  61 1 1 248  5  0  65  47 100  50   0   0
DAVIDS 316001 221027 13 F 0  62  45  54 1 1  90  4  0  63  40 100  54   0   0
DAVIDS 316001 221028 13 F 1  59  46  63 1 1 113  5  0  63  41 100  52   0   0
DAVIDS 316001 221029 13 F 2  56  48  76 1 1 113  5  0  61  42 100  60   0   0
DAVIDS 316001 221030 13 F 2  54  49  84 1 1 113  5  0  57  43 100  73   0   0
GUION  316102 221024 13 F 1  69  45  43 1 1 315  3  0  69  40  92  29   0   0
GUION  316102 221025 13 F 1  65  50  59 1 1 180  5  0  70  44  94  42   0   0
GUION  316102 221026 13 F 1  66  54  67 1 1 225  4  0  66  50 100  57   0   0
GUION  316102 221027 13 F 1  64  48  58 1 1  90  3  0  66  44 100  58   0   0
GUION  316102 221028 13 F 1  62  50  67 1 1  90  4  0  65  46  96  56   0   0
GUION  316102 221029 13 F 2  58  51  79 1 1  90  4  0  62  46 100  64   0   0
GUION  316102 221030 13 F 2  57  53  89 1 1  90  5  0  59  47 100  77   0   0
BEARWA 316140 221024 13 F 1  62  39  43 1 1 315  3  0  62  41  83  37   0   0
BEARWA 316140 221025 13 F 1  58  45  62 1 1 158  6  0  62  45  82  43   0   0
BEARWA 316140 221026 13 F 1  57  48  72 1 1 270  8  0  59  49  96  59   0   0
BEARWA 316140 221027 13 F 1  56  43  63 1 1  90  5  0  58  44  92  63   0   0
BEARWA 316140 221028 13 F 1  53  45  76 1 1  90  6  0  57  46  87  60   0   0
BEARWA 316140 221029 13 F 2  50  45  86 1 1  90  8  0  54  46  93  71   0   0
BEARWA 316140 221030 13 F 2  48  47  99 1 1  90  9  0  50  46  99  86   0   0
MTN HO 316141 221024 13 F 1  73  38  29 1 1 338  3  0  73  40  94  28   0   0
MTN HO 316141 221025 13 F 1  68  46  46 1 1 158  6  0  74  44  95  29   0   0
MTN HO 316141 221026 13 F 1  66  49  55 1 1 293  6  0  70  50  99  43   0   0
MTN HO 316141 221027 13 F 1  66  44  45 1 1  90  5  0  66  44  98  45   0   0
MTN HO 316141 221028 13 F 1  64  45  50 1 1 113  6  0  68  45  93  43   0   0
MTN HO 316141 221029 13 F 2  61  46  59 1 1  90  6  0  65  46  95  48   0   0
MTN HO 316141 221030 13 F 2  60  48  65 1 1 113  6  0  62  48  99  58   0   0
RUTHER 316302 221024 13 F 1  73  43  35 1 1 180  3  0  74  41 100  29   0   0
RUTHER 316302 221025 13 F 1  70  49  49 1 1 180  3  0  75  45 100  33   0   0
RUTHER 316302 221026 13 F 1  70  54  57 1 1 225  3  0  72  52 100  46   0   0
RUTHER 316302 221027 13 F 1  69  47  46 1 1  68  3  0  71  46 100  46   0   0
RUTHER 316302 221028 13 F 1  66  47  52 1 1  68  4  0  70  47 100  45   0   0
RUTHER 316302 221029 13 F 2  63  49  61 1 1  68  4  0  67  48  99  51   0   0
RUTHER 316302 221030 13 F 2  62  52  70 1 1  45  4  0  63  49 100  61   0   0
MT. IS 316602 221024 13 F 0  73  49  43 1 1 248  2  0  73  43 100  37   0   0
MT. IS 316602 221025 13 F 1  72  54  54 1 1 180  3  0  75  46 100  42   0   0
MT. IS 316602 221026 13 F 1  72  58  63 1 1 225  5  0  74  55  99  50   0   0
MT. IS 316602 221027 13 F 1  70  52  54 1 1  45  5  0  74  51  90  54   0   0
MT. IS 316602 221028 13 F 1  68  52  58 1 1  45  5  0  72  51  92  51   0   0
MT. IS 316602 221029 13 F 2  65  56  75 1 1  68  5  0  69  51  97  55   0   0
MT. IS 316602 221030 13 F 2  65  57  78 1 1  68  5  0  66  53 100  71   0   0
ANDREW 380102 221024 13 F 1  70  45  41 1 1 180  3  0  70  44  86  32   0   0
ANDREW 380102 221025 13 F 1  67  50  56 1 1 180  3  0  72  47  94  39   0   0
ANDREW 380102 221026 13 F 1  67  52  60 1 1 248  3  0  70  52 100  53   0   0
ANDREW 380102 221027 13 F 0  68  49  52 1 1 113  3  0  69  46  95  52   0   0
ANDREW 380102 221028 13 F 1  66  52  61 1 1  90  4  0  69  50  90  51   0   0
ANDREW 380102 221029 13 F 2  62  52  71 1 1  90  4  0  66  51  90  59   0   0
ANDREW 380102 221030 13 F 2  61  55  81 1 1  90  4  0  63  51  99  69   0   0
TABLE  380201 221024 13 F 1  75  49  40 1 1 180  2  0  75  46  81  32   0   0
TABLE  380201 221025 13 F 1  70  53  56 1 1 180  3  0  76  48  91  39   0   0
TABLE  380201 221026 13 F 1  73  58  60 1 1 225  3  0  73  53  99  52   0   0
TABLE  380201 221027 13 F 0  71  52  52 1 1  90  3  0  74  48  90  52   0   0
TABLE  380201 221028 13 F 1  68  54  63 1 1  90  4  0  72  51  88  48   0   0
TABLE  380201 221029 13 F 2  66  55  70 1 1  90  4  0  69  51  90  57   0   0
TABLE  380201 221030 13 F 2  64  57  79 1 1  90  4  0  67  51  99  66   0   0
KINGS  380601 221024 13 F 0  73  47  40 1 1 225  2  0  73  42 100  32   0   0
KINGS  380601 221025 13 F 1  72  52  51 1 1 180  3  0  75  46 100  37   0   0
KINGS  380601 221026 13 F 1  72  56  59 1 1 225  4  0  74  55  98  46   0   0
KINGS  380601 221027 13 F 0  70  51  51 1 1  45  5  0  74  50  90  51   0   0
KINGS  380601 221028 13 F 1  68  51  55 1 1  68  5  0  72  51  88  48   0   0
KINGS  380601 221029 13 F 2  65  54  68 1 1  68  5  0  69  51  94  52   0   0
KINGS  380601 221030 13 F 2  65  56  75 1 1  68  5  0  67  52 100  65   0   0
WHITMI 380902 221024 13 F 1  73  44  36 1 1 225  2  0  74  41 100  33   0   0
WHITMI 380902 221025 13 F 1  73  51  46 1 1 180  3  0  75  45 100  33   0   0
WHITMI 380902 221026 13 F 1  73  54  52 1 1 225  5  0  75  55 100  42   0   0
WHITMI 380902 221027 13 F 1  71  49  46 1 1  45  5  0  75  51  90  46   0   0
WHITMI 380902 221028 13 F 1  69  49  50 1 1  68  5  0  73  52  91  44   0   0
WHITMI 380902 221029 13 F 2  68  53  59 1 1  68  5  0  72  52  93  47   0   0
WHITMI 380902 221030 13 F 2  65  54  69 1 1  68  5  0  69  53 100  58   0   0
 
 
 
End of WIMS Bulletin @ 23-OCT-22 20:25:42 GMT

