SHUS64 KMWI 232131
FWOEWX
Weather Information Management System (WIMS)
USDA National Information Technology Center (KMWI)
23-OCT-22 21:31:26 GMT
 
Listing of Forecasted Observations (Austin/San Antonio, TX)
 
ST NME STAT'N   DATE HR T W DBT DPT  RH Y M DIR WS 10 TMX TMN HMX HMN PD1 PD2
------ ------ ------ -- - - --- --- --- - - --- -- -- --- --- --- ---  --  --
Stations not in a Zone:
BASTRO 415501 221024 13 F 8  77  71  84 1 4 203 11  0  87  70  97  45   0   0
BASTRO 415501 221025 13 F 0  73  42  33 4 4 338 13  0  78  53 100  33   0   0
BASTRO 415501 221026 13 F 0  77  42  29 1 1 113  4  0  77  44  92  28   0   0
BASTRO 415501 221027 13 F 1  79  53  42 1 3 158  8  0  79  46  98  26   0   0
BASTRO 415501 221028 13 F 1  72  61  69 3 3 360  9  0  81  59 100  39   0   0
BASTRO 415501 221029 13 F 1  70  50  50 3 1 360 11  0  73  50 100  49   0   0
BASTRO 415501 221030 13 F 0  74  51  45 1 1 360  4  0  74  45 100  44   0   0
LAGRAN 415602 221024 13 F 3  79  72  80 1 5 180 12  0  86  72  90  46   0   0
LAGRAN 415602 221025 13 F 0  73  43  35 5 5 338 13  0  80  57 100  35   0   0
LAGRAN 415602 221026 13 F 0  76  39  27 1 1  90  3  0  76  47  82  27   0   0
LAGRAN 415602 221027 13 F 1  79  53  41 1 3 158  8  0  79  50  84  26   0   0
LAGRAN 415602 221028 13 F 1  73  61  68 3 3 338  9  0  80  61  98  40   0   0
LAGRAN 415602 221029 13 F 1  71  52  52 3 1 360 11  0  74  53  97  51   0   0
LAGRAN 415602 221030 13 F 0  74  52  47 1 1 360  4  0  74  50  94  46   0   0
NEASLO 416401 221024 13 F 2  80  72  77 1 4 203 13  0  87  70 100  45   0   0
NEASLO 416401 221025 13 F 0  75  40  29 4 4 360 11  0  82  55  98  29   0   0
NEASLO 416401 221026 13 F 0  78  39  25 1 1 113  5  0  78  46  83  25   0   0
NEASLO 416401 221027 13 F 1  79  56  46 1 3 158  9  0  79  50  93  24   0   0
NEASLO 416401 221028 13 F 1  74  60  63 3 3 338 11  0  81  61 100  45   0   0
NEASLO 416401 221029 13 F 1  72  49  45 2 1 360 11  0  76  51  97  45   0   0
NEASLO 416401 221030 13 F 0  75  50  42 1 1  23  5  0  75  48  93  42   0   0
LOST M 417802 221024 13 F 1  85  70  63 1 3 225  6  0  85  72 100  51   0   0
LOST M 417802 221025 13 F 0  77  36  23 2 2 338  9  0  89  59  63  22   0   0
LOST M 417802 221026 13 F 0  79  41  26 1 1 158  8  0  79  51  66  22   0   0
LOST M 417802 221027 13 F 1  77  63  64 1 2 158  9  0  81  58  87  23   0   0
LOST M 417802 221028 13 F 0  77  50  39 2 3 338 15  0  80  63 100  38   0   0
LOST M 417802 221029 13 F 0  74  48  40 1 1 360  8  0  78  55  78  33   0   0
LOST M 417802 221030 13 F 0  75  48  39 1 1 180  3  0  76  52  87  36   0   0
BIRD   417901 221024 13 F 2  77  67  73 1 4 248 11  0  84  68 100  43   0   0
BIRD   417901 221025 13 F 0  72  34  25 3 3 338 13  0  81  49  76  24   0   0
BIRD   417901 221026 13 F 0  75  35  24 1 1 180  7  0  75  41  84  23   0   0
BIRD   417901 221027 13 F 1  76  53  46 1 3 180 11  0  77  48  91  22   0   0
BIRD   417901 221028 13 F 1  71  52  52 3 3 338 11  0  78  58  99  45   0   0
BIRD   417901 221029 13 F 1  68  45  45 1 1 360 11  0  72  47  97  44   0   0
BIRD   417901 221030 13 F 0  72  45  38 1 1 270  4  0  73  44 100  37   0   0
BALCON 417902 221024 13 F 8  75  71  90 1 5 270 11  0  86  70 100  45   0   6
BALCON 417902 221025 13 F 0  73  40  31 5 3 338 11  0  78  53  97  31   4   0
BALCON 417902 221026 13 F 0  76  40  28 1 1 158  5  0  76  49  69  28   0   0
BALCON 417902 221027 13 F 1  77  54  46 1 3 158 10  0  77  51  82  27   0   0
BALCON 417902 221028 13 F 1  71  59  66 3 3 338  9  0  79  60  91  45   0   0
BALCON 417902 221029 13 F 1  69  49  50 2 1 360 10  0  72  52  86  50   0   0
BALCON 417902 221030 13 F 0  74  50  44 1 1 270  4  0  74  48  91  44   0   0
BALCON 417903 221024 13 F 8  74  69  87 1 5 248 13  0  85  69 100  45   0   6
BALCON 417903 221025 13 F 0  72  38  30 5 3 338 12  0  76  51  97  30   4   0
BALCON 417903 221026 13 F 0  76  39  27 1 1 158  6  0  76  47  73  27   0   0
BALCON 417903 221027 13 F 1  77  54  45 1 3 180 11  0  77  49  85  27   0   0
BALCON 417903 221028 13 F 1  70  56  63 3 3 338  9  0  78  59  93  44   0   0
BALCON 417903 221029 13 F 1  69  49  49 2 1 360 11  0  71  50  95  49   0   0
BALCON 417903 221030 13 F 0  73  47  41 1 1 270  5  0  73  46  95  41   0   0
EAST A 417904 221024 13 F 8  76  72  90 1 5 203 11  0  87  71 100  48   0   0
EAST A 417904 221025 13 F 0  73  42  33 5 4 338 12  0  78  56 100  33   0   0
EAST A 417904 221026 13 F 0  76  40  28 1 1 135  4  0  76  46  87  28   0   0
EAST A 417904 221027 13 F 1  78  55  46 1 3 158  8  0  78  50  92  26   0   0
EAST A 417904 221028 13 F 1  72  61  69 3 3 338  9  0  79  61 100  45   0   0
EAST A 417904 221029 13 F 1  71  51  51 3 1 360 10  0  73  52  93  50   0   0
EAST A 417904 221030 13 F 0  73  50  45 1 1 360  4  0  73  49  93  45   0   0
SOUTH  417905 221024 13 F 2  78  72  82 1 4 203 12  0  86  69 100  46   0   0
SOUTH  417905 221025 13 F 0  73  39  30 4 4 338 11  0  80  53  97  30   0   0
SOUTH  417905 221026 13 F 0  76  40  28 1 1 135  5  0  76  47  76  28   0   0
SOUTH  417905 221027 13 F 1  78  56  47 1 3 158  9  0  78  49  90  27   0   0
SOUTH  417905 221028 13 F 1  73  60  64 3 3 338 11  0  79  60  98  46   0   0
SOUTH  417905 221029 13 F 1  70  49  49 2 1 360 10  0  74  52  89  49   0   0
SOUTH  417905 221030 13 F 0  73  48  42 1 1 338  4  0  73  48  93  42   0   0
KICKAP 418001 221024 13 F 1  83  65  55 1 3 360  7  0  83  68 100  54   0   0
KICKAP 418001 221025 13 F 0  74  32  22 1 1 338  9  0  85  52  55  22   0   0
KICKAP 418001 221026 13 F 0  76  39  27 1 1 180 11  0  76  51  59  21   0   0
KICKAP 418001 221027 13 F 1  75  60  60 1 2 180 12  0  78  55  81  26   0   0
KICKAP 418001 221028 13 F 0  73  44  36 2 3 338 17  0  77  60  92  36   0   0
KICKAP 418001 221029 13 F 0  72  46  40 1 1 360  8  0  74  50  85  34   0   0
KICKAP 418001 221030 13 F 0  73  47  40 1 1 180  6  0  73  48  88  38   0   0
MERRIL 418002 221024 13 F 0  77  56  50 2 3 270  8  0  81  66 100  47   0   0
MERRIL 418002 221025 13 F 0  71  30  22 1 1 338  7  0  80  47  67  22   0   0
MERRIL 418002 221026 13 F 0  74  36  26 1 1 180 11  0  74  47  62  20   0   0
MERRIL 418002 221027 13 F 1  73  57  58 1 2 180 15  0  76  53  84  25   0   0
MERRIL 418002 221028 13 F 0  69  42  38 2 3 338 15  0  75  55  95  38   0   0
MERRIL 418002 221029 13 F 0  68  42  40 1 1  23 10  0  71  47  90  36   0   0
MERRIL 418002 221030 13 F 0  71  44  38 1 1 203  8  0  71  47  87  38   0   0
DEL RI 418003 221024 13 F 0  86  62  46 1 2 360  6  0  86  71  93  45   0   0
DEL RI 418003 221025 13 F 0  74  34  24 1 1 338  7  0  89  55  50  23   0   0
DEL RI 418003 221026 13 F 0  76  42  30 1 1 158 11  0  77  51  67  20   0   0
DEL RI 418003 221027 13 F 1  76  61  60 1 1 158 12  0  79  57  85  26   0   0
DEL RI 418003 221028 13 F 0  76  41  29 1 2 338 20  0  79  62  88  29   0   0
DEL RI 418003 221029 13 F 0  72  46  40 1 1 360  9  0  78  54  79  28   0   0
DEL RI 418003 221030 13 F 0  74  48  41 1 1 180  6  0  74  52  87  36   0   0
GUADAL 418101 221024 13 F 2  79  72  81 1 4 203 10  0  86  68 100  46   0   0
GUADAL 418101 221025 13 F 0  75  36  25 3 3 360 11  0  83  51  84  25   0   0
GUADAL 418101 221026 13 F 0  78  39  25 1 1 158  6  0  78  43  82  25   0   0
GUADAL 418101 221027 13 F 1  79  58  50 1 3 180 10  0  80  49  95  24   0   0
GUADAL 418101 221028 13 F 1  74  55  52 3 3 338 11  0  81  60 100  48   0   0
GUADAL 418101 221029 13 F 1  71  48  45 1 1 360 11  0  75  48  95  43   0   0
GUADAL 418101 221030 13 F 0  75  48  39 1 1 248  3  0  75  45 100  38   0   0
PEARSA 418102 221024 13 F 1  86  70  60 1 3 203  7  0  87  72  93  45   0   0
PEARSA 418102 221025 13 F 0  78  34  21 3 3 360 10  0  89  58  62  20   0   0
PEARSA 418102 221026 13 F 0  80  38  23 1 1 135  7  0  80  50  69  20   0   0
PEARSA 418102 221027 13 F 1  81  62  53 1 2 158 10  0  82  55  92  21   0   0
PEARSA 418102 221028 13 F 0  79  53  42 2 3 338 13  0  81  65 100  42   0   0
PEARSA 418102 221029 13 F 0  75  47  38 1 1 360  8  0  80  54  80  36   0   0
PEARSA 418102 221030 13 F 0  76  47  37 1 1 180  3  0  76  51  85  35   0   0
HONDO  418103 221024 13 F 1  83  70  66 1 3 225 10  0  87  71  97  43   0   0
HONDO  418103 221025 13 F 0  78  36  22 3 3 360 10  0  87  56  67  21   0   0
HONDO  418103 221026 13 F 0  79  39  24 1 1 158  7  0  80  46  76  19   0   0
HONDO  418103 221027 13 F 1  78  59  53 1 2 158 10  0  81  53  87  22   0   0
HONDO  418103 221028 13 F 0  77  52  43 2 3 338 12  0  80  63 100  42   0   0
HONDO  418103 221029 13 F 0  75  47  38 1 1  23  9  0  77  53  81  37   0   0
HONDO  418103 221030 13 F 0  76  47  36 1 1 203  5  0  76  49  87  35   0   0
STINSO 418104 221024 13 F 2  84  71  67 1 3 203 10  0  88  73  93  42   0   0
STINSO 418104 221025 13 F 0  77  37  24 3 3 360 10  0  87  59  74  23   0   0
STINSO 418104 221026 13 F 0  79  39  24 1 1 135  6  0  79  51  68  21   0   0
STINSO 418104 221027 13 F 1  80  59  49 1 3 158 10  0  81  56  81  22   0   0
STINSO 418104 221028 13 F 1  76  57  52 3 3 338 12  0  81  65  98  47   0   0
STINSO 418104 221029 13 F 1  75  49  40 1 1 360  9  0  78  57  77  38   0   0
STINSO 418104 221030 13 F 0  77  48  37 1 1 203  3  0  77  52  82  36   0   0
NEW BR 418105 221024 13 F 2  81  69  69 1 4 203 13  0  89  72  93  41   0   0
NEW BR 418105 221025 13 F 0  76  36  24 4 4 360 12  0  85  57  82  24   0   0
NEW BR 418105 221026 13 F 0  79  39  24 1 1 135  6  0  79  48  74  24   0   0
NEW BR 418105 221027 13 F 1  80  56  45 1 3 158 10  0  81  53  84  23   0   0
NEW BR 418105 221028 13 F 1  74  57  56 3 3 338 12  0  81  63  97  44   0   0
NEW BR 418105 221029 13 F 1  73  48  42 2 1 360 11  0  76  55  82  42   0   0
NEW BR 418105 221030 13 F 0  76  49  39 1 1  23  5  0  76  51  83  39   0   0
 
 
 
End of WIMS Bulletin @ 23-OCT-22 21:31:26 GMT

