SHUS66 KMWI 232131
FWOLOX
Weather Information Management System (WIMS)
USDA National Information Technology Center (KMWI)
23-OCT-22 21:31:27 GMT
 
Listing of Observations (Los Angeles, CA)
 
ST NME STAT'N   DATE HR T W DBT DPT  RH Y M DIR WS 10 TMX TMN HMX HMN PD PPAMT
------ ------ ------ -- - - --- --- --- - - --- -- -- --- --- --- --- -- -----
NWS Office:  LOX/Zone: 500
VANDEN 045220 221023 13 R 1  64  44  49 0 0 299 14     68  48  98  34  0 0.000
TEPUSQ 045225 221023 13 R 1  62  23  23 0 0  38 13     63  43 100  23  0 0.000
SEDGWI 045226 221023 13 R 2  72  26  18 0 0 357  7     72  45 100  18  0 0.000
Count:     3  Zone Average:  66  31  30         11  0  68  45  99  25  0 0.000
 
Zone: 501
SANTA  045216 221023 13 R 1  75  41  30 0 0 326  3     75  51  84  26  0 0.000
SANTA  045217 221023 13 R 1  60  45  59 0 0 287 16     64  51 100  56  0 0.000
MONTEC 045221 221023 13 R 2  71  39  32 0 0 141  3     71  52  95  24  0 0.000
SB BOT 045222 221023 13 R 2  72  40  32 0 0 196  5     72  54  92  28  0 0.000
REFUGI 045223 221023 13 R 1  71  26  19 0 0   7  9     71  47  91  19  0 0.000
SAN MA 045224 221023 13 R 1  72  41  33 0 0 210  7     72  50  88  31  0 0.000
GAVIOT 045227 221023 13 R 1  72  32  23 0 0 329 17     72  47  90  23  0 0.000
SANTA  045437 221023 12 R 2  73  47  41 0 0 216  5     73  58  99  41  2 0.060
BEVERL 045442 221023 12 R 2  74  43  34 0 0 172  6     74  54  93  19  1 0.010
CLAREM 045443 221023 12 R 1  67  47  49 0 0 232  7     67  53 100  49  5 0.290
WHITTI 045446 221023 12 R 1  72  47  41 0 0 209 10     73  54 100  41  2 0.020
LEO CA 045447 221023 12 R 2  69  55  62 0 0 264 12     69  55  84  56  0 0.000
TONNER 045453 221023 12 R 2  67  47  50 0 0 183  6     67  53  99  50  3 0.200
CATALI 045457 221023 12 R 3  59  51  76 0 0  51  6     61  51 100  70  0 0.000
Count:    14  Zone Average:  70  43  42          8  0  70  52  94  38  1 0.041
 
Zone: 503
CHUCHU 045302 221023 13 R 2  53  16  23 0 0 305  4     63  38  81  23  0 0.000
OZENA  045303 221023 13 R 1  64  24  22 0 0 290  6     75  42  95  22  0 0.000
ROSE V 045314 221023 13 R 2  62  43  51 0 0 240  6     63  32  96  28  0 0.000
Count:     3  Zone Average:  60  28  32          5  0  67  37  91  24  0 0.000
 
Zone: 504
CASITA 045308 221023 13 R 2  69  42  38 0 0 234  9     69  50  99  38  0 0.000
WILEY  045335 221023 12 O 2  70  32  24 0 0 327  4     70  52  98  24  2 0.040
VNC PO 045336 221023 13 O 2  76  44  32 0 0 269  4     76  54  97  24  2 0.020
HARMON 045337 221023 13 O 2  74  48  40 0 0 235  9     74  54 100  40  0 0.000
MILLER 045338 221023 13 O 2  67  48  51 0 0 268 13     68  54 100  42  0 0.000
Count:     5  Zone Average:  71  43  37          8  0  72  53  99  34  1 0.012
 
Zone: 505
TEMESC 045307 221023 13 R 2  74  29  19 0 0 245  1     74  49  95  19  0 0.000
CHEESE 045313 221023 12 R 2  70  28  21 0 0 357  6     71  53  99  20  0 0.000
SAUGUS 045412 221023 12 R 1  68  20  16 0 0 340 19     68  53  98  16  1 0.010
MALIBU 045433 221023 12 R 2  64  53  69 0 0 189  5     66  53 100  28  3 0.060
DEL VA 045445 221023 12 R 1  73  27  18 0 0 331  3     73  53 100  18  2 0.020
SAN RA 045451 221023 12 R 2  71  42  35 0 0 232  7     71  53 100  35  3 0.040
MALIBU 045452 221023 12 R 2  74  48  40 0 0 208 11     75  47  96  20  0 0.000
NEWHAL 045454 221023 12 R 2  66  19  17 0 0 359  8     66  50 100  17  6 0.180
TOPANG 045456 221023 12 R 1  69  20  16 0 0 354 14     69  52 100  16  0 0.000
Count:     9  Zone Average:  70  32  28          8  0  70  52  99  21  2 0.034
 
Zone: 506
CLEAR  045405 221023 12 O 2  61  42  50 0 0 186  4     61  44 100  41  5 0.280
WARM S 045426 221023 12 O 1  57  20  23 0 0 356 12     58  42 100  23  0 0.000
ACTON  045438 221023 12 R 2  68  27  22 0 0 258  5     69  44  88  22  0 0.000
HENNIN 045439 221023 12 R 3  62  46  57 0 0 212  4     62  49 100  57  7 0.210
CAMP 9 045441 221023 12 R 2  56  24  29 0 0 333 10     56  43 100  29  7 0.280
WHITAK 045448 221023 12 R 2  60  22  23 0 0 332  9     60  42 100  23  0 0.000
GRASS  045449 221023 12 O 1  56  26  31 0 0  58  4     56  38 100  31  6 0.060
Count:     7  Zone Average:  60  30  34          7  0  60  43  98  32  4 0.119
 
Zone: 507
BIG PI 045401 221023 12 O 0  47  20  34 0 0 299  3     49  31  99  34  1 0.010
MILL C 045435 221023 12 O 0  54  22  28 0 0 123  7     54  39 100  27  3 0.030
CHILAO 045436 221023 12 O 1  54  17  23 0 0 324 12     58  40 100  23  0 0.000
Count:     3  Zone Average:  52  20  28          7  0  54  37 100  28  1 0.013
 
Zone: 519
POPPY  045440 221023 12 R 1  62  24  24 0 0 268 14     64  47  94  24  0 0.000
SADDLE 045444 221023 12 R 1  65  23  20 0 0 277 10     71  48  77  20  0 0.000
LAKE P 045450 221023 12 R 1  62  22  22 0 0  12 10     66  46  86  22  0 0.000
Count:     3  Zone Average:  63  23  22         11  0  67  47  86  22  0 0.000
 
Zone: 520
LAS TA 044904 221023 13 R 1  72  26  18 0 0 304  2     72  32  98  18  0 0.000
Count:     1  Zone Average:  72  26  18          2  0  72  32  98  18  0 0.000
 
Zone: 525
CARRIZ 044916 221023 13 O 1  58  28  32 0 0  64 10     69  42  84  32  0 0.000
Count:     1  Zone Average:  58  28  32         10  0  69  42  84  32  0 0.000
 
 
 
End of WIMS Bulletin @ 23-OCT-22 21:31:27 GMT

