SHUS65 KMWI 232105
FWOPIH
Weather Information Management System (WIMS)
USDA National Information Technology Center (KMWI)
23-OCT-22 21:05:45 GMT
 
Listing of Observations (Pocatello/Idaho Falls, ID)
 
ST NME STAT'N   DATE HR T W DBT DPT  RH Y M DIR WS 10 TMX TMN HMX HMN PD PPAMT
------ ------ ------ -- - - --- --- --- - - --- -- -- --- --- --- --- -- -----
Stations not in a Zone:
CITY O 104106 221023 13 R 4  37  20  51 0 0 302 17     40  31  89  47  3 0.040
NWS Office:  PIH/Zone: 410
ARCO   101905 221023 12 R 3  40  15  37 0 0 360 10     46  28  86  36  1 0.010
GASCV  102106 221023 12 R 3  34  22  62 0 0 335 14     39  28  97  60  3 0.110
CRYSTA 103703 221023 12 R 3  36  27  72 0 0 277 11     40  28 100  69  0 0.000
Count:     3  Zone Average:  37  21  57         12  0  42  28  94  55  1 0.040
 
Zone: 411
3 MILE 102004 221023 13 R 3  28  22  78 0 0 320  4     34  24 100  75  3 0.170
ISLAND 102105 221023 12 R 3  31  26  82 0 0 299  3     37  27  99  69 16 0.360
MOODY  102301 221023 12 R 3  29  25  85 0 0  19  1     33  25 100  82  3 0.030
PINE C 102401 221023 13 R 3  27  24  89 0 0 274  5     32  24 100  86  3 0.040
COYOTE 480709 221023 13 R 3  30  27  90 0 0 242  2     35  26  98  88  4 0.090
Count:     5  Zone Average:  29  25  85          3  0  34  25 100  80  6 0.138
 
Zone: 413
DALE B 103102 221023 12 R 3  31  22  70 0 0 313 14     34  28  97  70  6 0.100
SCOUT  103103 221023 13 R 3  36  28  75 0 0 225  2     36  26  99  75  6 0.120
BULL C 103704 221023 12 R 3  28  24  86 0 0 341  3     33  25  97  86  5 0.100
GRACE  103902 221023 12 R 1  31  24  78 0 0 291  9     37  28  98  72  6 0.260
POLE C 103903 221023 12 R 3  29  23  80 0 0 324 11     32  24  99  78  4 0.100
DIAMON 103904 221023 13 R 3  28  23  83 0 0 311  4     35  24  98  76  5 0.080
FLINT  104203 221023 13 R 3  37  26  66 0 0 248  7     37  31 100  66  7 0.370
Count:     7  Zone Average:  32  24  77          7  0  35  27  98  75  6 0.161
 
Zone: 422
STANLE 101809 221023 12 R 3  30  17  59 0 0 314  8     37  18  96  59  7 0.090
HORTON 101812 221023 12 R 3  23  20  90 0 0 321  7     33  13  98  88  0 0.000
NORTH  102903 221023 12 R 1  38  11  33 0 0 300  9     42  22  92  33  1 0.010
OHIO G 102906 221023 12 R 2  42  15  33 0 0 221  5     43  26  87  33  1 0.010
Count:     4  Zone Average:  33  16  54          7  0  39  20  93  53  2 0.027
 
Zone: 425
POTTER 102907 221023 12 R 1  43  27  53 0 0 240 12     44  29  99  53  0 0.000
ROCK L 103403 221023 12 R 1  48  23  38 0 0 256 16     48  29 100  38  0 0.000
Count:     2  Zone Average:  46  25  46         14  0  46  29 100  46  0 0.000
 
Zone: 427
TRAIL  104004 221023 12 R 3  34  23  66 0 0 294 14     36  27 100  66  3 0.040
BULL S 104006 221023 12 R 1  38  22  53 0 0 300 16     40  28  95  53  0 0.000
COTTON 104007 221023 13 R 3  24  22  93 0 0 273 19     29  19  97  92  0 0.000
MOBERG 104103 221023 12 R 0  31  21  67 0 0 263 33     32  24 100  67  1 0.010
RAFT R 104104 221023 12 R 2  42  26  54 0 0 286 17     43  33  92  54  2 0.030
GOOSE  104105 221023 12 R 3  36  21  56 0 0 318  8     38  29  98  55  1 0.010
Count:     6  Zone Average:  34  23  65         18  0  36  27  97  65  1 0.015
 
Zone: 475
INDIAN 101303 221023 13 R 3  45  23  42 0 0 210  6     48  40  62  42  0 0.000
SKULL  101311 221023 12 R 3  31  23  72 0 0 261  8     36  26  94  70  1 0.010
RED RO 101316 221023 12 R 3  24  19  81 0 0 232  6     32  16  98  79  0 0.000
BONANZ 101801 221023 12 R 3  30  17  60 0 0  54  6     38  20  95  57  0 0.000
LITTLE 101805 221023 12 R 3  38  24  59 0 0 264  2     40  30  96  58  3 0.070
Count:     5  Zone Average:  34  21  63          6  0  39  26  89  61  1 0.016
 
Zone: 476
SALMON 101310 221023 12 R 3  37  24  61 0 0  49  7     40  33  92  49  0 0.000
LEADOR 101312 221023 12 R 3  29  25  86 0 0 289 17     40  25 100  69  1 0.020
EZRA C 101314 221023 12 R 3  29  16  59 0 0  20 16     33  25  97  57  1 0.010
KRILEY 101315 221023 12 R 3  36  21  56 0 0 330  8     39  31  86  55  0 0.000
COPPER 101804 221023 12 R 3  26  14  61 0 0 327 11     35  18  97  61  0 0.000
CHALLI 101817 221023 13 R 3  39  15  38 0 0 321  5     41  29  82  38  2 0.020
Count:     6  Zone Average:  33  19  60         11  0  38  27  92  55  1 0.008
 
 
 
End of WIMS Bulletin @ 23-OCT-22 21:05:46 GMT

