SHUS64 KMWI 232035
FWOFWD
Weather Information Management System (WIMS)
USDA National Information Technology Center (KMWI)
23-OCT-22 20:35:35 GMT
 
Listing of Observations (Dallas/Fort Worth, TX)
 
ST NME STAT'N   DATE HR T W DBT DPT  RH Y M DIR WS 10 TMX TMN HMX HMN PD PPAMT
------ ------ ------ -- - - --- --- --- - - --- -- -- --- --- --- --- -- -----
Stations not in a Zone:
CADDO  410202 221023 13 O 2  81  59  47 0 0 179 19     82  68  78  45  0 0.000
ATHENS 412101 221023 13 O 0  84  62  47 0 0 173 15     84  68  83  36  0 0.000
PALEST 412601 221023 13 O 2  83  59  44 0 0 168 10     86  67  90  32  0 0.000
ROUND  413101 221023 13 O 2  84  65  53 0 0 179 15     86  65  82  39  0 0.000
POSSUM 419402 221023 13 O 0  86  60  41 0 0 152 15     93  67  83  21  0 0.000
COMANC 419403 221023 13 O 0  84  59  43 0 0 166 21     87  66  88  32  0 0.000
MINERA 419404 221023 12 O 0  86  57  37 0 0 163 19     91  68  85  27  0 0.000
LBJ    419601 221023 13 O 3  85  61  45 0 0 160 16     88  67 100  33  0 0.000
GREENV 419602 221023 13 O 0  83  60  46 0 0 182 14     83  69  77  41  0 0.000
DENTON 419603 221023 12 O 0  84  60  45 0 0 177 25     88  68  83  36  0 0.000
MCKINN 419604 221023 12 O 2  84  57  40 0 0 180 26     84  70  78  40  0 0.000
CEDAR  419701 221023 13 O 1  85  61  44 0 0 161 16     87  70  81  35  0 0.000
GRANBU 419702 221023 13 O 1  85  59  42 0 0 155 22     91  69  82  29  0 0.000
TERREL 419703 221023 12 O 1  82  58  44 0 0 183 16     84  66  79  39  0 0.000
TEMPLE 419801 221023 13 O 2  83  61  48 0 0 203 21     85  66  91  38  0 0.000
MCGREG 419802 221023 13 O 1  85  60  43 0 0 182 22     85  68  86  38  0 0.000
WACO R 419803 221023 12 O 2  84  62  47 0 0 180 22     88  70  84  38  0 0.000
FORT H 419804 221023 13 O 1  86  59  40 0 0 176 12  7  86  69  80  35  0 0.000
 
 
 
End of WIMS Bulletin @ 23-OCT-22 20:35:35 GMT

