SHUS64 KMWI 232131
FWOCRP
Weather Information Management System (WIMS)
USDA National Information Technology Center (KMWI)
23-OCT-22 21:31:26 GMT
 
Listing of Forecasted Observations (Corpus Christi, TX)
 
ST NME STAT'N   DATE HR T W DBT DPT  RH Y M DIR WS 10 TMX TMN HMX HMN PD1 PD2
------ ------ ------ -- - - --- --- --- - - --- -- -- --- --- --- ---  --  --
Stations not in a Zone:
GEORGE 418201 221024 13 F 1  87  71  60 1 4 180 12  0  88  70 100  45   0   0
GEORGE 418201 221025 13 F 0  78  40  26 4 4 360 10  0  90  59  93  25   0   0
GEORGE 418201 221026 13 F 0  80  41  25 1 1  90  8  0  80  49  77  23   0   0
GEORGE 418201 221027 13 F 1  84  63  50 1 2 135 11  0  84  56  96  23   0   0
GEORGE 418201 221028 13 F 1  80  60  51 2 3 315 12  0  84  64 100  49   0   0
GEORGE 418201 221029 13 F 0  75  49  41 2 1 360 10  0  82  53  89  39   0   0
GEORGE 418201 221030 13 F 0  78  50  38 1 1  90  3  0  78  50  96  37   0   0
VICTOR 418202 221024 13 F 2  84  73  70 1 5 180 18  0  86  72  93  53   0   0
VICTOR 418202 221025 13 F 0  77  44  31 5 5 338 13  0  85  61  97  31  11   0
VICTOR 418202 221026 13 F 0  81  41  25 1 1  68  6  0  81  49  83  25   0   0
VICTOR 418202 221027 13 F 1  83  61  48 1 3 135 11  0  83  54  90  25   0   0
VICTOR 418202 221028 13 F 1  79  63  60 3 3 293 10  0  83  64 100  47   0   0
VICTOR 418202 221029 13 F 1  75  53  47 3 1 338 11  0  79  55  93  47   0   0
VICTOR 418202 221030 13 F 0  78  53  42 1 1 360  5  0  78  52  93  42   0   0
VICTOR 418203 221024 13 F 2  84  73  70 1 5 180 18  0  86  72  93  53   0   0
VICTOR 418203 221025 13 F 0  77  44  31 5 5 338 13  0  85  61  97  31  11   0
VICTOR 418203 221026 13 F 0  81  41  25 1 1  68  6  0  81  49  83  25   0   0
VICTOR 418203 221027 13 F 1  83  61  48 1 3 135 11  0  83  54  90  25   0   0
VICTOR 418203 221028 13 F 1  79  63  60 3 3 293 10  0  83  64 100  47   0   0
VICTOR 418203 221029 13 F 1  75  53  47 3 1 338 11  0  79  55  93  47   0   0
VICTOR 418203 221030 13 F 0  78  53  42 1 1 360  5  0  78  52  93  42   0   0
LA SAL 418402 221024 13 F 1  89  69  52 1 3 203  8  0  90  74  90  43   0   0
LA SAL 418402 221025 13 F 0  80  35  20 3 3 360  9  0  93  61  54  20   0   0
LA SAL 418402 221026 13 F 0  84  39  21 1 1 113  8  0  84  53  66  18   0   0
LA SAL 418402 221027 13 F 1  84  61  47 1 2 135 10  0  85  59  87  20   0   0
LA SAL 418402 221028 13 F 0  82  53  37 2 2 315 16  0  85  67  97  37   0   0
LA SAL 418402 221029 13 F 0  78  48  35 1 1 360  9  0  83  56  77  32   0   0
LA SAL 418402 221030 13 F 0  80  48  33 1 1 180  4  0  80  54  80  31   0   0
ARANSA 418502 221024 13 F 2  83  75  77 1 4 180 18  0  84  70 100  62   0   0
ARANSA 418502 221025 13 F 0  77  48  37 4 5 338 12  0  83  61  98  36  10   0
ARANSA 418502 221026 13 F 0  77  49  38 1 1  90  8  0  78  53  83  35   0   0
ARANSA 418502 221027 13 F 1  80  65  61 1 3 113 12  0  80  59  97  36   0   0
ARANSA 418502 221028 13 F 1  81  69  68 3 4 270 12  0  81  65 100  60   0   0
ARANSA 418502 221029 13 F 1  74  56  54 3 1 338 13  0  81  54 100  52   0   0
ARANSA 418502 221030 13 F 0  76  56  51 1 1  45  6  0  76  53 100  49   0   0
MATAGO 418503 221024 13 F 2  82  74  77 1 4 180 18  0  82  74  93  69   0   0
MATAGO 418503 221025 13 F 0  75  49  41 4 5 338 13  0  82  65  94  40   8   1
MATAGO 418503 221026 13 F 0  76  52  44 1 1  68 10  0  77  62  70  38   0   0
MATAGO 418503 221027 13 F 1  80  66  63 1 3 113 13  0  80  67  82  43   0   0
MATAGO 418503 221028 13 F 1  81  70  70 3 4 270 12  0  81  70 100  62   0   0
MATAGO 418503 221029 13 F 1  72  56  58 3 1 338 14  0  81  61  90  57   0   0
MATAGO 418503 221030 13 F 0  75  56  53 1 1  45  5  0  75  61  82  51   0   0
ALICE  418504 221024 13 F 1  87  71  61 1 4 180 13  0  88  72  97  49   0   0
ALICE  418504 221025 13 F 0  78  40  26 4 4 360 11  0  90  64  95  25   0   0
ALICE  418504 221026 13 F 0  81  45  29 1 1  90  9  0  81  51  80  25   0   0
ALICE  418504 221027 13 F 2  83  66  57 1 2 135 10  0  83  59  96  28   0   0
ALICE  418504 221028 13 F 1  83  60  47 2 3 315 14  0  83  67 100  47   0   0
ALICE  418504 221029 13 F 0  75  51  43 2 1 360 11  0  84  55  84  41   0   0
ALICE  418504 221030 13 F 0  78  51  40 1 1  45  4  0  79  53  89  39   0   0
 
 
 
End of WIMS Bulletin @ 23-OCT-22 21:31:26 GMT

