SHUS62 KMWI 232001
FWORAH
Weather Information Management System (WIMS)
USDA National Information Technology Center (KMWI)
23-OCT-22 20:01:56 GMT
 
Listing of Observations (Raleigh/Durham, NC)
 
ST NME STAT'N   DATE HR T W DBT DPT  RH Y M DIR WS 10 TMX TMN HMX HMN PD PPAMT
------ ------ ------ -- - - --- --- --- - - --- -- -- --- --- --- --- -- -----
Stations not in a Zone:
OXFORD 310841 221023 13 R 1  65  45  50 0 0 106  7     73  47  93  31  0 0.000
WARREN 311001 221023 13 R 2  68  54  63 0 0   5  6     72  48  92  36  0 0.000
NC A S 312342 221023 13 R 1  67  43  43 0 0  36  7     71  42  99  28  0 0.000
DUKE F 312501 221023 13 R 0  69  43  39 0 0  12  6     73  46  98  35  0 0.000
HORACE 312541 221023 13 R 2  65  44  47 0 0  65  5     71  49  92  33  0 0.000
N DURH 312640 221023 13 R 2  66  44  45 0 0 250  4     74  44 100  34  0 0.000
BUTNER 312641 221023 13 R 3  60  43  54 0 0 189  7     74  46  90  30  0 0.000
UPPER  312940 221023 13 R 3  63  55  77 0 0  18  7     73  52  91  39  0 0.000
LEXING 314602 221023 13 R 2  72  42  34 0 0   5  3     74  38  99  22  0 0.000
SILER  314840 221023 13 R 1  66  44  46 0 0  33  8     73  41 100  32  0 0.000
LAKE W 314941 221023 13 R 2  63  44  51 0 0 140  9     72  50  86  38  0 0.000
REEDY  314942 221023 13 R 2  62  42  48 0 0 143  7     73  47  98  36  0 0.000
N STAN 316941 221023 13 R 1  71  44  39 0 0 185  3     75  41 100  24  0 0.000
TROY   317001 221023 13 R 0  75  43  33 0 0  17  3     75  42  96  31  0 0.000
SANDHI 317040 221023 13 R 1  69  44  41 0 0  49  6     73  48  90  31  0 0.000
CENT C 317441 221023 13 O 1  66  50  56 1 1 149  7     72  50  92  37  0 0.000
DAQ CL 317442 221023 13 R 1  69  51  53 0 0 215  2     74  48  97  36  0 0.000
FINCH' 317501 221023 13 R 2  69  54  60 0 0  20  5     76  52  92  35  0 0.000
CHERRY 317540 221023 13 R 2  68  54  61 0 0  85 10     74  50  91  38  0 0.000
ANSON  318142 221023 13 R 0  72  43  36 0 0 186  4     76  45  92  29  0 0.000
ROCKIN 318202 221023 13 O 2  76  44  32 0 0  36  2     77  46 100  32  0 0.000
HORSES 318203 221023 13 O 0  74  42  32 0 0  11  6     76  39  97  32  0 0.000
HAMLET 318242 221023 13 R 2  70  43  38 0 0 178  7     74  44 100  34  0 0.000
FORT B 318503 221023 13 O 0  74  47  39 1 1  10  6     75  49  96  36  0 0.000
HORTIC 318640 221023 13 O 0  68  51  55 1 1 194  9  9  75  52  83  40  0 0.000
 
 
 
End of WIMS Bulletin @ 23-OCT-22 20:01:56 GMT

