SHUS65 KMWI 232105
FWOBOI
Weather Information Management System (WIMS)
USDA National Information Technology Center (KMWI)
23-OCT-22 21:05:45 GMT
 
Listing of Observations (Boise, ID)
 
ST NME STAT'N   DATE HR T W DBT DPT  RH Y M DIR WS 10 TMX TMN HMX HMN PD PPAMT
------ ------ ------ -- - - --- --- --- - - --- -- -- --- --- --- --- -- -----
NWS Office:  BOI/Zone: 400
CATFIS 101402 221023 12 R 0  45  26  47 0 0 314 24     47  35  87  47  0 0.000
Count:     1  Zone Average:  45  26  47         24  0  47  35  87  47  0 0.000
 
Zone: 401
WEISRV 101108 221023 12 R 3  41  31  69 0 0 335  6     48  33  85  52  0 0.000
SNAKE  101109 221023 12 R 3  35  30  83 0 0  36  1     43  31  98  64  2 0.060
SKIHIL 101223 221023 12 R 3  35  28  76 0 0 191  5     38  25  97  76  1 0.030
Count:     3  Zone Average:  37  30  76          4  0  43  30  93  64  1 0.030
 
Zone: 402
LODGPL 101044 221023 12 R 3  30  23  75 0 0 328  7     33  24  93  71  0 0.000
TEAPOT 101220 221023 12 R 3  32  28  87 0 0 254  1     36  25  95  70  4 0.060
Count:     2  Zone Average:  31  26  81          4  0  35  25  94  71  2 0.030
 
Zone: 403
BEARSK 101221 221023 13 R 3  27  18  70 0 0 327  0     30  16  95  67  4 0.060
PINE C 101222 221023 13 R 3  36  28  73 0 0 302  4     36  25  97  73  3 0.080
LITTLE 101710 221023 13 R 3  43  27  54 0 0 258  3     43  27  97  54  2 0.020
Count:     3  Zone Average:  35  24  66          2  0  36  23  96  65  3 0.053
 
Zone: 421
TOWN C 101708 221023 13 R 3  41  25  53 0 0 352  3     41  25 100  53  0 0.000
DEERHV 102711 221023 12 R 1  39  16  39 0 0 352 22     42  28  79  37  0 0.000
WAGONT 102712 221023 13 R 1  35  16  47 0 0   9 12     37  25  90  47  1 0.010
FLECK  102802 221023 12 R 2  34  12  41 0 0  60  5     35  23  99  41  4 0.070
Count:     4  Zone Average:  37  17  45         11  0  39  25  92  45  1 0.020
 
Zone: 423
BRACE  103207 221023 12 R 2  41  24  51 0 0 311 15     45  31  90  50  1 0.010
TRIANG 103208 221023 12 R 2  36  28  73 0 0 298 13     41  26  99  64  3 0.150
POLE C 103210 221023 12 R 3  33  23  69 0 0 332 11     44  26  97  58  2 0.020
Count:     3  Zone Average:  37  25  64         13  0  43  28  95  57  2 0.060
 
Zone: 424
MOUNTA 102709 221023 12 R 3  47  30  53 0 0 311 24     54  34  90  48  0 0.000
TWIN B 103209 221023 12 R 2  47  28  49 0 0 287 32     51  35  81  49  0 0.000
TICKVI 421104 221023 13 R 2  37  27  68 0 0 310 16     53  31  96  55 10 0.290
Count:     3  Zone Average:  44  28  57         24  0  53  33  89  51  3 0.097
 
Zone: 426
HORSE  103205 221023 12 R 3  39  25  59 0 0 301 25     41  28  94  59  1 0.010
Count:     1  Zone Average:  39  25  59         25  0  41  28  94  59  1 0.010
 
Zone: 636
RIDDLE 353511 221023 12 R 2  29  26  91 0 0 302  5     31  27 100  91  2 0.020
WAGONT 353512 221023 12 R 1  30  29  98 0 0 313 12     30  23 100  97  2 0.020
SAGE H 353517 221023 12 R 3  42  22  45 0 0 319 11     43  26  95  45  0 0.000
BASQUE 353520 221023 12 R 2  41  25  54 0 0 351 12     41  28  98  54  1 0.010
P HILL 353521 221023 12 R 2  39  25  58 0 0 301  2     39  30  93  58  3 0.070
BALD M 353522 221023 12 R 2  38  22  53 0 0 332  9     38  26  95  52  3 0.090
FOSTER 353525 221023 12 R 3  37  23  57 0 0 340 11     39  24  95  57  3 0.070
MOON H 353526 221023 12 R 3  31  23  74 0 0 318  4     32  25  98  74  5 0.120
LITTLE 353527 221023 12 R 1  40  20  45 0 0 296 10     40  32  87  45  3 0.030
Count:     9  Zone Average:  36  24  64          9  0  37  27  96  64  3 0.048
 
Zone: 637
GRASMT 353612 221023 13 R 2  40  21  47 0 0 323 16     42  31  94  47  0 0.000
KELSEY 353613 221023 12 R 3  35  18  51 0 0 349 11     39  28  90  51  0 0.000
OWYRID 353614 221023 12 R 3  39  25  57 0 0 322 13     44  31  87  57  1 0.010
REDBU  353616 221023 12 R 2  43  26  52 0 0 306 12     45  31  93  52  0 0.000
ALKALI 353618 221023 13 R 2  50  26  39 0 0 340 17     54  36  82  39  0 0.000
Count:     5  Zone Average:  42  23  49         14  0  45  31  89  49  0 0.002
 
Zone: 646
FLAGST 352123 221023 13 R 1  43  25  49 0 0 338 15     44  31  98  49  1 0.010
BLUE C 352416 221023 12 R 3  41  27  58 0 0  29  9     45  27  97  57  1 0.030
MORGAN 352420 221023 12 R 1  43  26  52 0 0 322 13     45  32  97  52  0 0.000
Count:     3  Zone Average:  42  26  53         12  0  45  30  97  53  1 0.013
 
 
 
End of WIMS Bulletin @ 23-OCT-22 21:05:45 GMT

