SHUS66 KMWI 232131
FWOMTR
Weather Information Management System (WIMS)
USDA National Information Technology Center (KMWI)
23-OCT-22 21:31:27 GMT
 
Listing of Observations (San Francisco Bay Area, CA)
 
ST NME STAT'N   DATE HR T W DBT DPT  RH Y M DIR WS 10 TMX TMN HMX HMN PD PPAMT
------ ------ ------ -- - - --- --- --- - - --- -- -- --- --- --- --- -- -----
NWS Office:  MTR/Zone: 521
BIG SU 044302 221023 13 R 1  71  39  32 0 0 287  3     73  41  91  21  0 0.000
Count:     1  Zone Average:  71  39  32          3  0  73  41  91  21  0 0.000
 
Zone: 522
ARROYO 044301 221023 13 R 1  70  23  17 0 0  90  7     71  39  85  17  0 0.000
HUNTER 044317 221023 13 R 1  71  22  16 0 0 327  6     71  36  86  16  0 0.000
HASTIN 044319 221023 13 R 2  62  30  30 0 0 281 14     62  39  94  30  0 0.000
Count:     3  Zone Average:  68  25  21          9  0  68  38  88  21  0 0.000
 
Zone: 523
BRADLE 044303 221023 13 R 2  70  33  26 0 0 313 13     73  40  90  26  0 0.000
HOLLIS 044406 221023 13 R 2  69  37  32 0 0 219  3     70  43  87  32  0 0.000
Count:     2  Zone Average:  70  35  29          8  0  72  42  89  29  0 0.000
 
Zone: 524
PARKFI 044310 221023 12 R 2  68  22  18 0 0  62  4     71  33  90  18  0 0.000
SANTA  044408 221023 12 O 1  52  23  32 0 0 272  4     58  37  84  32  0 0.000
HERNAN 044409 221023 13 R 1  58  22  25 0 0  52  4     59  40  85  24  0 0.000
PINNAC 044410 221023 12 R 1  66  32  28 0 0 322 10     67  45  85  28  0 0.000
Count:     4  Zone Average:  61  25  26          6  0  64  39  86  26  0 0.000
 
Zone: 546
DIABLO 043502 221023 13 R 1  62  23  23 0 0 323  9     71  50  49  23  0 0.000
Count:     1  Zone Average:  62  23  23          9  0  71  50  49  23  0 0.000
 
Zone: 547
MALLOR 043011 221023 13 R 1  60  22  23 0 0 294  9     66  49  59  23  0 0.000
LOS VA 043013 221023 12 R 2  64  24  22 0 0 359 20     69  45  84  22  0 0.000
CALAVE 043405 221023 12 R 2  64  27  25 0 0 338  7     64  48  75  25  0 0.000
ALTAMO 043407 221023 13 R 1  65  25  22 0 0 335  8     65  49  70  22  0 0.000
SAN JO 043915 221023 12 R 1  66  37  35 0 0 240  6     67  41  95  35  0 0.000
CORDOZ 043916 221023 13 R 1  59  23  25 0 0 342  7     61  44  90  25  0 0.000
Count:     6  Zone Average:  63  26  25         10  0  65  46  79  25  0 0.000
 
Zone: 549
LA HON 043304 221023 13 R 1  66  31  27 0 0   6  3     66  39  99  27  0 0.000
SPRING 043308 221023 13 R 1  59  43  56 0 0 269 10     61  48  90  53  0 0.000
PULGAS 043309 221023 12 R 1  68  29  24 0 0 322  8     68  47  86  24  0 0.000
BEN LO 043809 221023 12 R 1  58  31  36 0 0 358  4     58  43  80  36  0 0.000
LOS AL 043912 221023 13 R 2  69  32  26 0 0 331  3     69  46  72  26  0 0.000
LOS GA 043913 221023 12 R 2  63  33  33 0 0 119  7     68  43  79  33  0 0.000
Count:     6  Zone Average:  64  33  34          6  0  65  44  84  33  0 0.000
 
Zone: 550
POVERT 043914 221023 13 R 1  60  25  26 0 0 326 10     60  44 100  26  0 0.000
Count:     1  Zone Average:  60  25  26         10  0  60  44 100  26  0 0.000
 
Zone: 559
HAWKEY 042010 221023 12 R 0  62  20  20 0 0 352 12     63  46  54  20  0 0.000
BARNAB 042308 221023 12 R 2  67  30  25 0 0 319  4     67  47  75  25  0 0.000
WOODAC 042309 221023 12 R 1  68  29  24 0 0 327  5     68  43  83  24  0 0.000
BIG RO 042310 221023 12 R 2  67  24  20 0 0 126  5     67  49  60  20  0 0.000
MIDDLE 042312 221023 12 R 2  61  27  28 0 0 351  7     61  43  73  28  0 0.000
ROBINH 042313 221023 12 R 1  72  24  17 0 0  16 10     75  49  59  17  0 0.000
Count:     6  Zone Average:  66  26  22          7  0  67  46  67  22  0 0.000
 
 
 
End of WIMS Bulletin @ 23-OCT-22 21:31:27 GMT

