SHUS61 KMWI 232025
FWOALY
Weather Information Management System (WIMS)
USDA National Information Technology Center (KMWI)
23-OCT-22 20:25:41 GMT
 
Listing of Forecasted Observations (Albany, NY)
 
ST NME STAT'N   DATE HR T W DBT DPT  RH Y M DIR WS 10 TMX TMN HMX HMN PD1 PD2
------ ------ ------ -- - - --- --- --- - - --- -- -- --- --- --- ---  --  --
Stations not in a Zone:
ALBANY 300011 221024 13 F 2  60  56  88 1 1 338  2  0  62  50 100  48   0   0
ALBANY 300011 221025 13 F 2  65  62  93 1 1 158  5  0  65  56 100  84   0   0
ALBANY 300011 221026 13 F 2  69  63  84 1 1 158  5  0  69  56 100  84   0   0
ALBANY 300011 221027 13 F 1  62  48  62 1 1 315  9  0  70  53 100  62   0   0
ALBANY 300011 221028 13 F 1  57  40  53 1 1  23  4  0  63  41  93  53   0   0
ALBANY 300011 221029 13 F 2  57  42  59 1 1  68  2  0  58  40  92  51   0   0
ALBANY 300011 221030 13 F 2  59  46  62 1 1  68  3  0  59  41 100  57   0   0
LAKE P 300411 221024 13 F 2  59  52  78 1 1  90  2  0  62  47 100  38   0   0
LAKE P 300411 221025 13 F 2  64  58  81 1 1 158  6  0  64  51 100  78   0   0
LAKE P 300411 221026 13 F 2  62  58  87 1 1 158  8  0  65  51 100  75   0   0
LAKE P 300411 221027 13 F 1  55  40  57 1 1 338  9  0  64  45 100  57   0   0
LAKE P 300411 221028 13 F 1  54  33  45 1 1  68  4  0  56  34  93  45   0   0
LAKE P 300411 221029 13 F 2  54  34  48 1 1 158  2  0  55  34  98  45   0   0
LAKE P 300411 221030 13 F 2  55  38  53 1 1 180  4  0  55  37  96  46   0   0
CATSKI 301111 221024 13 F 2  59  56  92 1 1  68  3  0  64  48 100  41   0   0
CATSKI 301111 221025 13 F 2  63  60  92 1 1 158  8  0  65  51 100  84   0   0
CATSKI 301111 221026 13 F 2  65  61  87 1 1 158  8  0  68  52 100  81   0   0
CATSKI 301111 221027 13 F 1  56  45  68 1 1 338  9  0  69  47 100  67   0   0
CATSKI 301111 221028 13 F 2  56  40  55 1 1  68  4  0  60  36  96  53   0   0
CATSKI 301111 221029 13 F 2  55  40  59 1 1  90  3  0  60  35  95  50   0   0
CATSKI 301111 221030 13 F 2  57  44  62 1 1 135  4  0  59  38 100  54   0   0
SARA   301901 221024 13 F 2  60  56  89 1 1  23  2  0  63  50 100  52   0   0
SARA   301901 221025 13 F 2  66  62  90 1 1 158  5  0  66  55 100  84   0   0
SARA   301901 221026 13 F 2  71  64  80 1 1 158  5  0  71  54 100  79   0   0
SARA   301901 221027 13 F 1  63  50  64 1 1 338  9  0  72  53  98  62   0   0
SARA   301901 221028 13 F 1  58  40  52 1 1  23  5  0  65  41  89  51   0   0
SARA   301901 221029 13 F 1  58  43  58 1 1 338  2  0  59  38  96  48   0   0
SARA   301901 221030 13 F 2  59  46  62 1 1 270  3  0  60  40 100  55   0   0
STONYK 305103 221024 13 F 2  60  57  91 1 1  23  4  0  61  52 100  53   0   0
STONYK 305103 221025 13 F 2  66  63  92 1 1 135  6  0  66  57 100  87   0   0
STONYK 305103 221026 13 F 2  67  64  91 1 1 158  4  0  67  57 100  86   0   0
STONYK 305103 221027 13 F 1  66  50  58 1 1 338  9  0  69  54  94  56   0   0
STONYK 305103 221028 13 F 1  58  41  54 1 1  23  6  0  67  45  86  51   0   0
STONYK 305103 221029 13 F 2  57  43  60 1 1  45  4  0  61  42  89  49   0   0
STONYK 305103 221030 13 F 2  60  46  62 1 1  45  4  0  60  42 100  55   0   0
WOODFO 431303 221024 13 F 3  53  53 100 1 1  68  2  0  55  46 100  51   0   0
WOODFO 431303 221025 13 F 2  60  58  96 1 1 158  6  0  60  51 100  96   0   0
WOODFO 431303 221026 13 F 2  60  58  96 1 1 135  5  0  60  55 100  96   0   0
WOODFO 431303 221027 13 F 1  53  45  77 1 1 315  9  0  61  48 100  77   0   0
WOODFO 431303 221028 13 F 1  50  34  56 1 1  45  4  0  54  36  92  56   0   0
WOODFO 431303 221029 13 F 2  49  38  66 1 1  90  2  0  52  34  92  54   0   0
WOODFO 431303 221030 13 F 2  51  40  66 1 1 360  3  0  51  36  98  63   0   0
 
 
 
End of WIMS Bulletin @ 23-OCT-22 20:25:41 GMT

