SHUS61 KMWI 232025
FWORLX
Weather Information Management System (WIMS)
USDA National Information Technology Center (KMWI)
23-OCT-22 20:25:40 GMT
 
Listing of Forecasted Observations (Charleston, WV)
 
ST NME STAT'N   DATE HR T W DBT DPT  RH Y M DIR WS 10 TMX TMN HMX HMN PD1 PD2
------ ------ ------ -- - - --- --- --- - - --- -- -- --- --- --- ---  --  --
Stations not in a Zone:
DEAN   338401 221024 13 F 1  73  45  37 1 1 180  2  0  75  44 100  30   0   0
DEAN   338401 221025 13 F 2  73  49  43 1 1 180  3  0  76  51  83  29   0   0
DEAN   338401 221026 13 F 2  60  49  67 1 1 270  4  0  76  55  93  39   8   2
DEAN   338401 221027 13 F 1  58  45  62 1 1  45  2  0  61  46  96  62   0   0
DEAN   338401 221028 13 F 2  64  48  58 1 1 113  2  0  64  45 100  55   0   0
DEAN   338401 221029 13 F 2  63  51  65 1 1  90  2  0  67  49  96  52   0   0
DEAN   338401 221030 13 F 2  61  49  67 1 1 180  2  0  64  48  96  60   0   0
ZALESK 338403 221024 13 F 1  72  45  39 1 1 180  2  0  73  41 100  34   0   0
ZALESK 338403 221025 13 F 2  73  49  43 1 1 180  4  0  75  48  86  31   0   0
ZALESK 338403 221026 13 F 2  60  49  67 1 1 248  5  0  74  52 100  41   6   3
ZALESK 338403 221027 13 F 1  58  42  57 1 1  45  2  0  60  42 100  57   0   0
ZALESK 338403 221028 13 F 2  63  48  58 1 1 113  2  0  63  42 100  53   0   0
ZALESK 338403 221029 13 F 2  62  50  65 1 1  90  2  0  66  46 100  52   0   0
ZALESK 338403 221030 13 F 2  61  49  65 1 1 180  2  0  63  45 100  60   0   0
CONAWA 461601 221024 13 F 1  68  45  45 1 1 180  2  0  71  42  99  36   0   0
CONAWA 461601 221025 13 F 2  70  51  51 1 1 180  3  0  71  47  89  38   0   0
CONAWA 461601 221026 13 F 2  60  54  81 1 1 248  6  0  71  54  93  49   2   2
CONAWA 461601 221027 13 F 1  57  46  67 1 1  23  4  0  60  46 100  67   0   0
CONAWA 461601 221028 13 F 2  63  49  62 1 1 113  4  0  63  44 100  62   0   0
CONAWA 461601 221029 13 F 2  62  52  70 1 1 135  4  0  64  48  96  58   0   0
CONAWA 461601 221030 13 F 2  60  52  75 1 1 203  4  0  62  47 100  67   0   0
LAKIN  463001 221024 13 F 0  71  46  41 1 1 180  2  0  74  44  95  29   0   0
LAKIN  463001 221025 13 F 2  73  51  46 1 1 180  3  0  75  50  86  33   0   0
LAKIN  463001 221026 13 F 2  60  52  75 1 1 248  5  0  75  54 100  41   5   2
LAKIN  463001 221027 13 F 1  58  45  64 1 1  23  2  0  61  45 100  64   0   0
LAKIN  463001 221028 13 F 2  65  49  58 1 1 113  2  0  65  45 100  58   0   0
LAKIN  463001 221029 13 F 2  64  52  65 1 1  90  3  0  67  48 100  52   0   0
LAKIN  463001 221030 13 F 2  61  51  70 1 1 180  3  0  65  47 100  58   0   0
FLATWO 463301 221024 13 F 0  69  44  42 1 1 338  2  0  71  43  89  34   0   0
FLATWO 463301 221025 13 F 2  71  49  46 1 1 180  3  0  72  47  86  37   0   0
FLATWO 463301 221026 13 F 2  61  54  78 1 1 248  5  0  72  53  93  44   2   3
FLATWO 463301 221027 13 F 2  57  46  69 1 1 360  3  0  61  47 100  69   0   0
FLATWO 463301 221028 13 F 2  64  51  63 1 1 180  4  0  64  45  96  63   0   0
FLATWO 463301 221029 13 F 2  62  52  70 1 1 158  3  0  65  48 100  58   0   0
FLATWO 463301 221030 13 F 2  59  49  72 1 1 180  4  0  62  46 100  67   0   0
BEE MO 463802 221024 13 F 1  71  47  43 1 1 270  2  0  71  46  89  35   0   0
BEE MO 463802 221025 13 F 2  72  50  46 1 1 180  3  0  73  50  89  37   0   0
BEE MO 463802 221026 13 F 2  61  53  75 1 1 248  6  0  73  55  96  44   4   2
BEE MO 463802 221027 13 F 2  58  49  72 1 1  23  3  0  61  48 100  72   0   0
BEE MO 463802 221028 13 F 2  65  50  60 1 1 158  4  0  65  46 100  60   0   0
BEE MO 463802 221029 13 F 2  62  52  72 1 1 113  5  0  66  50 100  58   0   0
BEE MO 463802 221030 13 F 2  60  52  75 1 1 180  5  0  62  48 100  70   0   0
MARLIN 464203 221024 13 F 1  64  40  42 1 1  68  2  0  64  39  90  37   0   0
MARLIN 464203 221025 13 F 2  63  45  52 1 1 158  4  0  66  44  86  39   0   0
MARLIN 464203 221026 13 F 2  57  49  77 1 1 225  6  0  64  48  96  50   0   0
MARLIN 464203 221027 13 F 2  56  44  64 1 1  23  4  0  57  44  96  64   0   0
MARLIN 464203 221028 13 F 2  56  45  69 1 1 135  5  0  57  42  96  62   0   0
MARLIN 464203 221029 13 F 2  54  46  77 1 1 113  5  0  57  45  96  64   0   0
MARLIN 464203 221030 13 F 2  53  44  74 1 1 158  5  0  55  44 100  72   0   0
BEECH  464302 221024 13 F 1  72  46  40 1 1 203  2  0  75  45  92  28   0   0
BEECH  464302 221025 13 F 2  74  50  43 1 1 180  4  0  76  50  86  32   0   0
BEECH  464302 221026 13 F 2  61  51  70 1 1 248  5  0  76  54  96  40   7   2
BEECH  464302 221027 13 F 1  59  46  64 1 1  45  3  0  62  46  96  64   0   0
BEECH  464302 221028 13 F 2  66  50  58 1 1 113  3  0  66  44 100  58   0   0
BEECH  464302 221029 13 F 2  64  52  65 1 1 113  4  0  68  49 100  52   0   0
BEECH  464302 221030 13 F 2  63  51  65 1 1 158  4  0  65  47 100  60   0   0
LOGAN  464601 221024 13 F 1  69  44  42 1 1 248  2  0  70  47  83  37   0   0
LOGAN  464601 221025 13 F 1  71  49  46 1 1 158  3  0  71  51  89  38   0   0
LOGAN  464601 221026 13 F 2  60  52  75 1 1 248  6  0  72  55  96  44   5   2
LOGAN  464601 221027 13 F 2  57  48  72 1 1  23  3  0  60  48 100  72   0   0
LOGAN  464601 221028 13 F 2  64  51  63 1 1 158  4  0  64  47 100  63   0   0
LOGAN  464601 221029 13 F 2  62  50  67 1 1 135  5  0  66  51 100  56   0   0
LOGAN  464601 221030 13 F 2  59  49  72 1 1 158  5  0  62  50 100  65   0   0
GRANDV 464901 221024 13 F 0  67  42  41 1 1 360  2  0  67  43  81  37   0   0
GRANDV 464901 221025 13 F 2  66  45  48 1 1 158  6  0  69  48  83  38   0   0
GRANDV 464901 221026 13 F 2  58  49  72 1 1 248  8  0  68  52  93  43   2   0
GRANDV 464901 221027 13 F 2  55  43  66 1 1  23  6  0  58  47  93  66   0   0
GRANDV 464901 221028 13 F 2  59  46  62 1 1 158  7  0  59  45  89  62   0   0
GRANDV 464901 221029 13 F 2  57  46  67 1 1 135  8  0  61  47  93  56   0   0
GRANDV 464901 221030 13 F 2  56  44  66 1 1 158  8  0  58  47  89  62   0   0
ELKHOR 465201 221024 13 F 1  68  44  43 1 1 360  2  0  70  42  88  32   0   0
ELKHOR 465201 221025 13 F 1  71  49  46 1 1 158  3  0  71  46  93  37   0   0
ELKHOR 465201 221026 13 F 2  62  53  75 1 1 270  6  0  72  53  96  44   3   0
ELKHOR 465201 221027 13 F 1  60  49  67 1 1  23  2  0  62  46 100  67   0   0
ELKHOR 465201 221028 13 F 2  65  52  63 1 1 158  5  0  65  45 100  63   0   0
ELKHOR 465201 221029 13 F 2  62  52  72 1 1 135  5  0  66  49 100  61   0   0
ELKHOR 465201 221030 13 F 2  59  51  75 1 1 158  6  0  62  48 100  70   0   0
PIPEST 465401 221024 13 F 1  67  43  42 1 1  45  1  0  67  39  94  37   0   0
PIPEST 465401 221025 13 F 2  65  46  52 1 1 158  2  0  69  42  97  40   0   0
PIPEST 465401 221026 13 F 2  60  49  69 1 1 248  4  0  66  51  97  49   0   0
PIPEST 465401 221027 13 F 1  56  44  65 1 1  23  2  0  60  45 100  65   0   0
PIPEST 465401 221028 13 F 2  60  44  57 1 1 135  2  0  60  41  99  57   0   0
PIPEST 465401 221029 13 F 2  57  46  69 1 1 135  3  0  61  44  98  54   0   0
PIPEST 465401 221030 13 F 2  54  47  78 1 1 135  4  0  58  46 100  66   0   0
 
 
 
End of WIMS Bulletin @ 23-OCT-22 20:25:40 GMT

