SHUS61 KMWI 232025
FWOLWX
Weather Information Management System (WIMS)
USDA National Information Technology Center (KMWI)
23-OCT-22 20:25:41 GMT
 
Listing of Forecasted Observations (Baltimore/Washington DC, MD)
 
ST NME STAT'N   DATE HR T W DBT DPT  RH Y M DIR WS 10 TMX TMN HMX HMN PD1 PD2
------ ------ ------ -- - - --- --- --- - - --- -- -- --- --- --- ---  --  --
Stations not in a Zone:
GREEN  180201 221024 13 F 1  67  54  65 1 1 360  0  0  67  46  93  46   0   0
GREEN  180201 221025 13 F 2  67  56  68 1 1 158  1  0  69  45 100  61   0   0
GREEN  180201 221026 13 F 2  66  53  65 1 1 180  2  0  68  51 100  65   0   0
GREEN  180201 221027 13 F 1  59  46  62 1 1 338  2  0  67  47 100  62   0   0
GREEN  180201 221028 13 F 2  59  48  67 1 1  90  2  0  61  44 100  58   0   0
GREEN  180201 221029 13 F 2  57  49  77 1 1 113  2  0  61  46 100  64   0   0
GREEN  180201 221030 13 F 2  57  49  76 1 1 113  2  0  59  45 100  72   0   0
PATUXE 181501 221024 13 F 2  69  64  87 1 1 338  2  0  69  52  96  70   0   0
PATUXE 181501 221025 13 F 2  70  61  75 1 1 158  2  0  70  53 100  75   0   0
PATUXE 181501 221026 13 F 1  71  59  66 1 1 180  4  0  71  57 100  66   0   0
PATUXE 181501 221027 13 F 1  67  52  59 1 1 360  4  0  72  53  93  59   0   0
PATUXE 181501 221028 13 F 2  64  52  67 1 1  45  4  0  67  50  93  59   0   0
PATUXE 181501 221029 13 F 2  61  53  75 1 1  68  4  0  64  51 100  67   0   0
PATUXE 181501 221030 13 F 2  61  52  74 1 1  68  4  0  62  51 100  72   0   0
CEDARV 181510 221024 13 F 2  68  62  84 1 1 338  2  0  68  51  96  72   0   0
CEDARV 181510 221025 13 F 2  70  62  78 1 1 158  2  0  70  53 100  78   0   0
CEDARV 181510 221026 13 F 1  70  58  68 1 1 203  4  0  71  55 100  68   0   0
CEDARV 181510 221027 13 F 1  67  52  59 1 1 360  4  0  72  53  96  59   0   0
CEDARV 181510 221028 13 F 2  64  52  67 1 1  45  4  0  69  50 100  55   0   0
CEDARV 181510 221029 13 F 2  62  53  75 1 1  45  4  0  66  51 100  65   0   0
CEDARV 181510 221030 13 F 2  62  52  71 1 1  68  4  0  63  50 100  71   0   0
FORT V 440402 221024 13 F 1  70  56  63 1 1 360  1  0  70  47  96  50   0   0
FORT V 440402 221025 13 F 1  72  58  63 1 1 158  2  0  72  46 100  61   0   0
FORT V 440402 221026 13 F 2  71  55  59 1 1 203  3  0  73  52 100  59   0   0
FORT V 440402 221027 13 F 1  63  48  60 1 1 360  3  0  72  47 100  57   0   0
FORT V 440402 221028 13 F 2  62  50  67 1 1  45  2  0  65  45 100  56   0   0
FORT V 440402 221029 13 F 2  60  52  75 1 1  90  2  0  64  47 100  63   0   0
FORT V 440402 221030 13 F 2  61  52  74 1 1  68  2  0  62  47 100  70   0   0
HEADQU 440901 221024 13 F 1  69  56  65 1 1 338  1  0  69  46 100  50   0   0
HEADQU 440901 221025 13 F 2  70  57  65 1 1 158  2  0  70  47 100  63   0   0
HEADQU 440901 221026 13 F 1  69  53  57 1 1 203  4  0  71  52 100  57   0   0
HEADQU 440901 221027 13 F 1  64  47  54 1 1 360  4  0  70  47 100  54   0   0
HEADQU 440901 221028 13 F 2  60  47  64 1 1  45  3  0  64  45  96  54   0   0
HEADQU 440901 221029 13 F 2  59  49  72 1 1  90  2  0  62  47 100  60   0   0
HEADQU 440901 221030 13 F 2  59  49  71 1 1  68  2  0  61  46 100  67   0   0
PRINCE 441531 221024 13 F 1  70  63  81 1 1 338  2  0  70  51  96  65   0   0
PRINCE 441531 221025 13 F 2  72  64  76 1 1 158  2  0  72  52 100  76   0   0
PRINCE 441531 221026 13 F 1  71  59  66 1 1 203  4  0  73  56 100  66   0   0
PRINCE 441531 221027 13 F 1  69  52  55 1 1 360  5  0  73  54  87  55   0   0
PRINCE 441531 221028 13 F 2  67  53  61 1 1  45  4  0  70  50  89  53   0   0
PRINCE 441531 221029 13 F 2  64  55  75 1 1  68  4  0  67  52  96  61   0   0
PRINCE 441531 221030 13 F 2  65  54  68 1 1  45  4  0  65  51 100  68   0   0
AUGUST 461102 221024 13 F 1  68  54  63 1 1 360  2  0  68  43  93  48   0   0
AUGUST 461102 221025 13 F 2  69  56  65 1 1 135  3  0  69  44 100  59   0   0
AUGUST 461102 221026 13 F 2  67  54  65 1 1 203  4  0  70  50 100  61   0   0
AUGUST 461102 221027 13 F 1  60  46  62 1 1 338  4  0  67  46  96  62   0   0
AUGUST 461102 221028 13 F 2  60  47  64 1 1  90  3  0  62  42  96  58   0   0
AUGUST 461102 221029 13 F 2  58  50  75 1 1 113  4  0  62  46 100  62   0   0
AUGUST 461102 221030 13 F 2  60  49  69 1 1 113  4  0  60  45 100  69   0   0
KEARNE 462901 221024 13 F 1  69  58  70 1 1 338  1  0  69  47  96  58   0   0
KEARNE 462901 221025 13 F 2  69  58  70 1 1 158  2  0  70  47 100  70   0   0
KEARNE 462901 221026 13 F 2  69  57  66 1 1 180  3  0  70  54 100  66   0   0
KEARNE 462901 221027 13 F 1  64  49  60 1 1 360  4  0  69  50  96  60   0   0
KEARNE 462901 221028 13 F 2  60  50  72 1 1  68  2  0  64  46 100  60   0   0
KEARNE 462901 221029 13 F 2  59  52  80 1 1  90  2  0  62  49 100  67   0   0
KEARNE 462901 221030 13 F 2  59  52  79 1 1  90  2  0  61  47 100  75   0   0
UPPER  463501 221024 13 F 1  71  50  49 1 1  68  2  0  71  41  96  39   0   0
UPPER  463501 221025 13 F 1  72  52  51 1 1 158  3  0  72  44 100  46   0   0
UPPER  463501 221026 13 F 2  68  52  57 1 1 225  4  0  73  51 100  49   0   0
UPPER  463501 221027 13 F 1  62  46  56 1 1 360  4  0  68  45 100  56   0   0
UPPER  463501 221028 13 F 2  64  48  56 1 1  90  3  0  64  42 100  54   0   0
UPPER  463501 221029 13 F 2  60  47  64 1 1 113  4  0  65  45 100  54   0   0
UPPER  463501 221030 13 F 2  59  47  66 1 1 113  4  0  62  43 100  60   0   0
 
 
 
End of WIMS Bulletin @ 23-OCT-22 20:25:41 GMT

