SHUS62 KMWI 231900
FWOTBW
Weather Information Management System (WIMS)
USDA National Information Technology Center (KMWI)
23-OCT-22 19:00:58 GMT
 
Listing of Observations (Tampa Bay Area, FL)
 
ST NME STAT'N   DATE HR T W DBT DPT  RH Y M DIR WS 10 TMX TMN HMX HMN PD PPAMT
------ ------ ------ -- - - --- --- --- - - --- -- -- --- --- --- --- -- -----
Stations not in a Zone:
LOWER  083001 221023 13 R 2  84  55  38 0 0 310  2     84  47  97  24  0 0.000
LAKE W 084802 221023 12 R 2  86  62  46 0 0  20  5     86  61  99  38  0 0.000
AVON P 085301 221023 13 R 2  82  62  52 0 0  17  8     84  62  99  41  0 0.000
SUMTER 089927 221023 13 O 1  77  59  54 0 0  26  6     78  54  96  53  0 0.000
CITRUS 089940 221023 13 O 0  77  60  56 0 0  44  5     78  50  94  48  0 0.000
HERNAN 089942 221023 13 O 1  79  62  57 0 0  17  5     79  57  91  52  0 0.000
LEVY   089943 221023 13 O 0  78  59  52 0 0   5  4     78  51  93  46  0 0.000
PASCO  089945 221023 13 O 1  79  62  57 0 0  17  5     79  57  91  52  0 0.000
CHARLO 089947 221023 13 O 1  80  62  54 0 0  40  8     82  62 100  37  0 0.000
DESOTO 089948 221023 13 O 1  80  65  61 0 0  53  8     81  61  95  41  0 0.000
HARDEE 089949 221023 13 O 1  80  65  61 0 0  53  8     81  61  95  41  0 0.000
HILLSB 089950 221023 13 O 1  80  66  62 0 0  57  7     80  60  92  51  0 0.000
LEE    089951 221023 13 O 1  84  64  51 0 0  70  9     84  64 100  41  0 0.000
MANATE 089952 221023 13 O 1  82  62  51 0 0  50  5     82  62  88  33  0 0.000
PINELL 089953 221023 13 O 2  77  70  78 0 0  50  6     78  66  93  40  0 0.000
POLK   089954 221023 13 O 1  79  63  58 0 0  33  4     81  60  92  49  0 0.000
SARASO 089955 221023 13 O 1  81  68  65 0 0  60  6     81  62  97  49  0 0.000
HIGHLA 089962 221023 13 O 1  81  68  64 0 0  18  5     83  63  96  46  0 0.000
 
 
 
End of WIMS Bulletin @ 23-OCT-22 19:00:58 GMT

