SHUS62 KMWI 232025
FWOJAX
Weather Information Management System (WIMS)
USDA National Information Technology Center (KMWI)
23-OCT-22 20:25:43 GMT
 
Listing of Forecasted Observations (Jacksonville, FL)
 
ST NME STAT'N   DATE HR T W DBT DPT  RH Y M DIR WS 10 TMX TMN HMX HMN PD1 PD2
------ ------ ------ -- - - --- --- --- - - --- -- -- --- --- --- ---  --  --
Stations not in a Zone:
OLUSTE 081301 221024 13 F 1  82  53  37 1 1  45  3  0  82  51 100  37   0   0
OLUSTE 081301 221025 13 F 1  84  57  40 1 1 135  3  0  84  53 100  35   0   0
OLUSTE 081301 221026 13 F 1  83  68  61 1 1 248  5  0  84  61 100  40   0   0
OLUSTE 081301 221027 13 F 0  83  58  43 1 1  68  2  0  83  56  93  43   0   0
OLUSTE 081301 221028 13 F 1  84  62  49 1 1  90  3  0  84  59 100  43   0   0
OLUSTE 081301 221029 13 F 2  82  64  55 1 1  90  3  0  84  62 100  49   0   0
OLUSTE 081301 221030 13 F 1  81  62  54 1 1 180  3  0  82  62 100  54   0   0
EDDY T 081302 221024 13 F 1  81  52  37 1 1  45  3  0  81  51 100  37   0   0
EDDY T 081302 221025 13 F 1  84  57  40 1 1  90  2  0  84  52 100  35   0   0
EDDY T 081302 221026 13 F 1  83  67  60 1 1 225  4  0  84  60 100  40   0   0
EDDY T 081302 221027 13 F 0  83  57  42 1 1  45  2  0  84  55  93  41   0   0
EDDY T 081302 221028 13 F 1  84  62  49 1 1  90  3  0  84  58 100  41   0   0
EDDY T 081302 221029 13 F 2  81  63  56 1 1  90  3  0  84  61 100  48   0   0
EDDY T 081302 221030 13 F 1  80  62  56 1 1 158  3  0  81  61 100  54   0   0
CENTRA 083501 221024 13 F 1  82  62  51 1 1  45  5  0  82  58 100  45   0   0
CENTRA 083501 221025 13 F 0  85  60  43 1 1 360  2  0  85  58 100  43   0   0
CENTRA 083501 221026 13 F 1  84  67  57 1 1 248  4  0  85  61 100  41   0   0
CENTRA 083501 221027 13 F 0  84  63  51 1 1 248  2  0  84  61 100  51   0   0
CENTRA 083501 221028 13 F 1  85  64  51 1 1  90  3  0  85  62 100  51   0   0
CENTRA 083501 221029 13 F 2  84  66  55 1 1  90  3  0  85  64 100  51   0   0
CENTRA 083501 221030 13 F 1  83  65  55 1 1 180  3  0  84  63 100  55   0   0
LAKE G 083502 221024 13 F 1  83  58  43 1 1  45  5  0  83  56 100  43   0   0
LAKE G 083502 221025 13 F 0  84  59  43 1 1  23  3  0  84  55 100  41   0   0
LAKE G 083502 221026 13 F 1  84  67  57 1 1 248  6  0  84  60 100  41   0   0
LAKE G 083502 221027 13 F 0  84  62  49 1 1 360  2  0  84  59 100  49   0   0
LAKE G 083502 221028 13 F 1  85  64  50 1 1  90  3  0  85  61 100  48   0   0
LAKE G 083502 221029 13 F 2  83  66  57 1 1  90  3  0  85  63 100  50   0   0
LAKE G 083502 221030 13 F 1  83  65  55 1 1 180  3  0  83  63  97  53   0   0
FLAGLE 089902 221024 13 F 0  80  60  51 1 1  45  8  0  80  58 100  51   0   0
FLAGLE 089902 221025 13 F 0  83  61  49 1 1  23  3  0  83  58 100  49   0   0
FLAGLE 089902 221026 13 F 1  84  66  55 1 1 225  5  0  84  61 100  49   0   0
FLAGLE 089902 221027 13 F 0  83  65  55 1 1  23  3  0  84  61 100  55   0   0
FLAGLE 089902 221028 13 F 1  84  66  55 1 1  68  5  0  84  63 100  55   0   0
FLAGLE 089902 221029 13 F 2  83  67  59 1 1  68  3  0  84  64 100  55   0   0
FLAGLE 089902 221030 13 F 1  82  65  58 1 1 113  4  0  83  63 100  58   0   0
ST. JO 089905 221024 13 F 0  80  57  47 1 1  45  6  0  80  57 100  47   0   0
ST. JO 089905 221025 13 F 0  81  62  53 1 1  45  3  0  81  58 100  47   0   0
ST. JO 089905 221026 13 F 1  83  68  61 1 1 225  6  0  83  61 100  53   0   0
ST. JO 089905 221027 13 F 0  81  64  58 1 1  45  4  0  83  59 100  58   0   0
ST. JO 089905 221028 13 F 1  82  67  61 1 1  68  5  0  82  63 100  58   0   0
ST. JO 089905 221029 13 F 2  81  68  65 1 1  68  5  0  82  64 100  61   0   0
ST. JO 089905 221030 13 F 1  80  67  65 1 1 113  5  0  81  63 100  64   0   0
CLAY   089922 221024 13 F 1  81  55  41 1 1  45  5  0  81  54 100  41   0   0
CLAY   089922 221025 13 F 1  84  59  44 1 1  45  3  0  84  55 100  41   0   0
CLAY   089922 221026 13 F 1  84  68  59 1 1 225  8  0  84  60 100  43   0   0
CLAY   089922 221027 13 F 0  83  63  51 1 1  45  3  0  84  57 100  51   0   0
CLAY   089922 221028 13 F 1  84  65  53 1 1  90  5  0  84  61 100  51   0   0
CLAY   089922 221029 13 F 2  83  66  57 1 1  90  5  0  84  63 100  53   0   0
CLAY   089922 221030 13 F 1  82  64  56 1 1 158  5  0  83  63 100  56   0   0
DUVAL  089924 221024 13 F 1  81  55  42 1 1  45  6  0  81  57  96  41   0   0
DUVAL  089924 221025 13 F 1  83  59  45 1 1  68  4  0  83  57 100  41   0   0
DUVAL  089924 221026 13 F 2  84  67  58 1 1 225  6  0  84  62  97  44   0   0
DUVAL  089924 221027 13 F 0  82  62  51 1 1  45  5  0  84  59  97  51   0   0
DUVAL  089924 221028 13 F 1  83  65  56 1 1  68  8  0  83  63 100  51   0   0
DUVAL  089924 221029 13 F 2  82  65  57 1 1  68  6  0  83  64 100  55   0   0
DUVAL  089924 221030 13 F 1  82  64  56 1 1 135  6  0  82  64 100  55   0   0
NASSAU 089926 221024 13 F 1  80  52  39 1 1  68  4  0  80  51 100  39   0   0
NASSAU 089926 221025 13 F 1  82  59  46 1 1  68  3  0  82  52 100  39   0   0
NASSAU 089926 221026 13 F 1  83  67  59 1 1 225  4  0  83  60 100  44   0   0
NASSAU 089926 221027 13 F 0  81  58  47 1 1  45  3  0  83  56  96  47   0   0
NASSAU 089926 221028 13 F 1  82  63  53 1 1  68  5  0  82  59 100  47   0   0
NASSAU 089926 221029 13 F 2  81  63  56 1 1  68  3  0  82  61 100  53   0   0
NASSAU 089926 221030 13 F 1  80  62  56 1 1 135  3  0  81  62 100  56   0   0
BAKER  089933 221024 13 F 1  81  53  38 1 1  45  3  0  81  51 100  38   0   0
BAKER  089933 221025 13 F 1  84  57  40 1 1  90  2  0  84  52 100  38   0   0
BAKER  089933 221026 13 F 1  83  68  61 1 1 248  5  0  84  60 100  40   0   0
BAKER  089933 221027 13 F 0  83  58  43 1 1  68  3  0  83  55  97  43   0   0
BAKER  089933 221028 13 F 1  84  62  48 1 1  90  4  0  84  59 100  43   0   0
BAKER  089933 221029 13 F 2  82  64  55 1 1  90  3  0  84  61 100  48   0   0
BAKER  089933 221030 13 F 1  81  62  54 1 1 180  4  0  82  61 100  54   0   0
COLUMB 089935 221024 13 F 1  82  53  37 1 1  45  3  0  82  52 100  37   0   0
COLUMB 089935 221025 13 F 1  84  57  41 1 1 180  3  0  84  53 100  37   0   0
COLUMB 089935 221026 13 F 1  82  69  65 1 1 248  5  0  84  61 100  41   0   0
COLUMB 089935 221027 13 F 0  82  59  46 1 1  45  3  0  82  56  93  46   0   0
COLUMB 089935 221028 13 F 1  84  62  49 1 1  90  4  0  84  59 100  46   0   0
COLUMB 089935 221029 13 F 2  81  63  56 1 1 113  3  0  84  62 100  49   0   0
COLUMB 089935 221030 13 F 1  81  62  54 1 1 180  4  0  81  61 100  54   0   0
HAMILT 089936 221024 13 F 1  82  53  37 1 1  68  3  0  82  51 100  35   0   0
HAMILT 089936 221025 13 F 1  84  57  41 1 1 180  3  0  84  52 100  35   0   0
HAMILT 089936 221026 13 F 1  83  68  61 1 1 248  6  0  84  61 100  41   0   0
HAMILT 089936 221027 13 F 0  83  56  40 1 1 360  3  0  83  54  96  40   0   0
HAMILT 089936 221028 13 F 1  84  62  48 1 1  90  5  0  84  57 100  40   0   0
HAMILT 089936 221029 13 F 2  81  63  56 1 1 113  4  0  84  61 100  48   0   0
HAMILT 089936 221030 13 F 1  80  62  56 1 1 180  6  0  81  61 100  56   0   0
SUWANN 089937 221024 13 F 1  83  54  37 1 1  45  3  0  83  51 100  34   0   0
SUWANN 089937 221025 13 F 1  84  59  43 1 1 180  4  0  84  52 100  34   0   0
SUWANN 089937 221026 13 F 1  84  69  61 1 1 248  8  0  84  62 100  41   0   0
SUWANN 089937 221027 13 F 0  83  56  41 1 1  23  3  0  84  55  93  41   0   0
SUWANN 089937 221028 13 F 1  84  62  49 1 1 113  5  0  84  58 100  41   0   0
SUWANN 089937 221029 13 F 2  82  64  55 1 1 113  5  0  84  61 100  49   0   0
SUWANN 089937 221030 13 F 1  81  62  54 1 1 180  8  0  82  61 100  54   0   0
UNION  089938 221024 13 F 1  82  53  38 1 1  45  4  0  82  54 100  38   0   0
UNION  089938 221025 13 F 1  84  57  41 1 1 360  3  0  84  53 100  38   0   0
UNION  089938 221026 13 F 1  83  69  63 1 1 248  6  0  84  60 100  41   0   0
UNION  089938 221027 13 F 0  83  58  44 1 1  45  3  0  83  56 100  44   0   0
UNION  089938 221028 13 F 1  84  62  49 1 1  90  4  0  84  59 100  44   0   0
UNION  089938 221029 13 F 2  82  64  55 1 1 113  4  0  84  62 100  49   0   0
UNION  089938 221030 13 F 1  82  63  53 1 1 180  5  0  82  61 100  53   0   0
ALACHU 089939 221024 13 F 1  83  53  36 1 1  45  5  0  83  55 100  36   0   0
ALACHU 089939 221025 13 F 1  84  59  43 1 1 270  3  0  84  55 100  34   0   0
ALACHU 089939 221026 13 F 1  83  69  63 1 1 225  6  0  84  62  97  43   0   0
ALACHU 089939 221027 13 F 0  83  60  47 1 1  23  3  0  83  57 100  47   0   0
ALACHU 089939 221028 13 F 1  84  62  49 1 1 113  4  0  84  60 100  46   0   0
ALACHU 089939 221029 13 F 2  83  65  55 1 1 113  3  0  84  63 100  49   0   0
ALACHU 089939 221030 13 F 1  82  64  55 1 1 180  5  0  83  63  97  55   0   0
GILCHR 089941 221024 13 F 1  84  54  36 1 1  68  4  0  84  53 100  35   0   0
GILCHR 089941 221025 13 F 1  85  60  43 1 1 203  3  0  85  54 100  34   0   0
GILCHR 089941 221026 13 F 1  83  70  65 1 1 248  6  0  85  62 100  43   0   0
GILCHR 089941 221027 13 F 0  83  58  44 1 1  23  3  0  83  56 100  44   0   0
GILCHR 089941 221028 13 F 1  85  63  48 1 1 113  4  0  85  59 100  44   0   0
GILCHR 089941 221029 13 F 2  83  65  55 1 1 135  3  0  85  61 100  48   0   0
GILCHR 089941 221030 13 F 1  82  63  53 1 1 180  6  0  83  61 100  53   0   0
MARION 089944 221024 13 F 1  83  58  43 1 1  45  4  0  83  58  96  39   0   0
MARION 089944 221025 13 F 1  84  59  43 1 1 360  3  0  84  56 100  43   0   0
MARION 089944 221026 13 F 1  84  68  59 1 1 248  6  0  84  61 100  41   0   0
MARION 089944 221027 13 F 0  84  62  49 1 1 248  2  0  84  59 100  49   0   0
MARION 089944 221028 13 F 1  85  64  50 1 1 113  3  0  85  61 100  48   0   0
MARION 089944 221029 13 F 2  84  65  53 1 1 113  3  0  85  63 100  50   0   0
MARION 089944 221030 13 F 1  83  64  53 1 1 180  4  0  84  63 100  53   0   0
PUTNAM 089946 221024 13 F 1  82  57  43 1 1  45  5  0  82  55 100  43   0   0
PUTNAM 089946 221025 13 F 0  84  59  44 1 1  23  3  0  84  55 100  41   0   0
PUTNAM 089946 221026 13 F 1  84  68  59 1 1 248  5  0  84  60  96  43   0   0
PUTNAM 089946 221027 13 F 0  83  64  53 1 1  45  3  0  84  58 100  53   0   0
PUTNAM 089946 221028 13 F 1  84  65  53 1 1  90  3  0  84  60 100  53   0   0
PUTNAM 089946 221029 13 F 2  83  67  59 1 1  90  3  0  84  62 100  53   0   0
PUTNAM 089946 221030 13 F 1  82  65  58 1 1 180  3  0  83  62 100  57   0   0
BAXLEY 097701 221024 13 F 1  81  50  34 1 1  68  3  0  81  49 100  33   0   0
BAXLEY 097701 221025 13 F 1  82  52  36 1 1 158  3  0  82  50 100  33   0   0
BAXLEY 097701 221026 13 F 1  81  60  49 1 1 248  6  0  82  60 100  35   0   0
BAXLEY 097701 221027 13 F 0  81  50  35 1 1  45  3  0  81  53  90  35   0   0
BAXLEY 097701 221028 13 F 1  81  58  46 1 1  90  5  0  81  56 100  35   0   0
BAXLEY 097701 221029 13 F 2  78  58  51 1 1  90  5  0  81  59  96  46   0   0
BAXLEY 097701 221030 13 F 1  77  59  54 1 1 135  8  0  78  59 100  50   0   0
BRUNSW 098801 221024 13 F 0  80  49  35 1 1  68  3  0  80  50 100  34   0   0
BRUNSW 098801 221025 13 F 1  80  58  48 1 1  90  3  0  80  52 100  34   0   0
BRUNSW 098801 221026 13 F 1  82  66  60 1 1 225  5  0  82  59 100  47   0   0
BRUNSW 098801 221027 13 F 0  80  57  47 1 1  68  3  0  82  55  96  47   0   0
BRUNSW 098801 221028 13 F 1  79  63  60 1 1  68  6  0  80  59 100  47   0   0
BRUNSW 098801 221029 13 F 2  78  63  62 1 1  68  5  0  79  61 100  60   0   0
BRUNSW 098801 221030 13 F 1  77  63  63 1 1 113  5  0  78  61 100  60   0   0
WAYCRO 099701 221024 13 F 1  82  52  36 1 1  68  4  0  82  49 100  34   0   0
WAYCRO 099701 221025 13 F 1  81  55  41 1 1 158  3  0  82  50 100  34   0   0
WAYCRO 099701 221026 13 F 1  81  64  58 1 1 248  6  0  82  59 100  38   0   0
WAYCRO 099701 221027 13 F 0  80  54  41 1 1  23  3  0  81  54  96  41   0   0
WAYCRO 099701 221028 13 F 1  81  60  49 1 1  90  5  0  81  57 100  41   0   0
WAYCRO 099701 221029 13 F 2  79  60  54 1 1  90  4  0  81  60 100  49   0   0
WAYCRO 099701 221030 13 F 1  78  61  57 1 1 135  6  0  79  60 100  54   0   0
OKEFEN 099801 221024 13 F 1  81  50  35 1 1  45  3  0  81  51 100  35   0   0
OKEFEN 099801 221025 13 F 1  84  55  38 1 1  90  2  0  84  51 100  34   0   0
OKEFEN 099801 221026 13 F 1  84  66  55 1 1 225  4  0  84  59 100  37   0   0
OKEFEN 099801 221027 13 F 0  83  56  40 1 1  45  2  0  84  55  93  40   0   0
OKEFEN 099801 221028 13 F 1  83  60  47 1 1  90  4  0  83  58 100  40   0   0
OKEFEN 099801 221029 13 F 2  81  62  53 1 1  90  3  0  83  61 100  47   0   0
OKEFEN 099801 221030 13 F 1  80  60  52 1 1 158  3  0  81  61 100  52   0   0
OKEFEN 099802 221024 13 F 1  81  50  35 1 1  45  3  0  81  50 100  35   0   0
OKEFEN 099802 221025 13 F 1  83  56  40 1 1 113  2  0  83  51 100  34   0   0
OKEFEN 099802 221026 13 F 1  82  68  63 1 1 248  3  0  83  59 100  40   0   0
OKEFEN 099802 221027 13 F 0  82  55  41 1 1 360  2  0  82  54  96  41   0   0
OKEFEN 099802 221028 13 F 1  82  62  51 1 1  90  3  0  82  57 100  41   0   0
OKEFEN 099802 221029 13 F 2  81  62  54 1 1  90  3  0  82  61 100  51   0   0
OKEFEN 099802 221030 13 F 1  79  62  58 1 1 158  3  0  81  61 100  54   0   0
STAFFO 099902 221024 13 F 0  75  57  54 1 1  45  8  0  75  60  93  54   0   0
STAFFO 099902 221025 13 F 1  77  61  58 1 1  68  3  0  77  60  96  54   0   0
STAFFO 099902 221026 13 F 1  81  68  65 1 1 203  5  0  81  62 100  58   0   0
STAFFO 099902 221027 13 F 0  78  62  58 1 1  45  6  0  81  59  96  58   0   0
STAFFO 099902 221028 13 F 1  78  66  67 1 1  45  9  0  78  64 100  58   0   0
STAFFO 099902 221029 13 F 2  77  66  69 1 1  45  8  0  78  64 100  67   0   0
STAFFO 099902 221030 13 F 1  76  65  69 1 1  90  8  0  77  63 100  69   0   0
 
 
 
End of WIMS Bulletin @ 23-OCT-22 20:25:43 GMT

