SHUS65 KMWI 232125
FWOSLC
Weather Information Management System (WIMS)
USDA National Information Technology Center (KMWI)
23-OCT-22 21:25:47 GMT
 
Listing of Observations (Salt Lake City, UT)
 
ST NME STAT'N   DATE HR T W DBT DPT  RH Y M DIR WS 10 TMX TMN HMX HMN PD PPAMT
------ ------ ------ -- - - --- --- --- - - --- -- -- --- --- --- --- -- -----
Stations not in a Zone:
GREEN  421093 221023 13 O 3  35  27  71 0 0 226  7     39  32  96  71 21 0.760
NWS Office:  SLC/Zone: 428
CHEPET 423106 221023 13 R 0  10   6  85 0 0 341 21     25   8  95  84  0 0.000
Count:     1  Zone Average:  10   6  85         21  0  25   8  95  84  0 0.000
 
Zone: 478
BUES_C 420403 221023 13 O 3  39  29  68 0 0 349  4     54  32 100  52 13 0.790
CEDAR  420901 221023 12 O 2  42  31  64 0 0   2 11     60  32 100  36  5 0.260
VERNON 420908 221023 12 O 3  34  24  67 0 0 305 12     55  31 100  43  8 0.190
ARAGON 420911 221023 12 O 2  39  22  51 0 0 340 14     42  32  97  51  6 0.190
DUGWAY 420913 221023 13 O 1  42  23  47 0 0 321 15     42  32  96  47  5 0.080
ROSEBU 420914 221023 12 O 3  40  18  41 0 0 329 15     44  33  68  41  0 0.000
CLIFTO 420915 221023 12 O 2  38  22  51 0 0 342  8     47  27  99  51  6 0.200
DUGWAY 420916 221023 13 O 2  46  23  40 0 0 338 12     58  33  98  40  7 0.160
DOUGWA 420917 221023 13 O 2  47  19  32 0 0 344 16     47  35  96  32  2 0.050
PLEASA 421101 221023 12 O 3  36  28  71 0 0 342 11     55  33  99  46 12 0.360
TICKVI 421104 221023 13 R 2  37  27  68 0 0 310 16     53  31  96  55 10 0.290
OAK SP 421105 221023 13 R 6  34  24  68 0 0 347 15     52  30  99  57  7 0.330
Count:    12  Zone Average:  40  24  56         13  0  51  32  96  46  7 0.242
 
Zone: 479
RED SP 420206 221023 13 O 3  22  20  93 0 0 232 13     37  20  98  87  1 0.010
OTTER  420912 221023 12 O 3  29  22  76 0 0 304 16     45  25  98  67  4 0.090
RAYS V 421103 221023 13 O 3  28  25  87 0 0 261  9     41  26  98  79  6 0.220
Count:     3  Zone Average:  26  22  85         13  0  41  24  98  78  4 0.107
 
Zone: 480
BEAR R 420703 221023 13 O 3  28  21  74 0 0 276  4     39  22  97  74  3 0.030
HEWINT 420705 221023 13 O 3  22  18  83 0 0 343  2     36  18  93  72  0 0.000
NORWAY 420706 221023 13 O 3  28  24  83 0 0 296  5     36  22  98  78  4 0.180
Count:     3  Zone Average:  26  21  80          4  0  37  21  96  75  2 0.070
 
Zone: 482
YLWSTN 421301 221023 13 R 2  38  14  37 0 0 306  6     46  28  97  37  8 0.260
FIVE M 421304 221023 13 R 1  38  18  44 0 0 318 19     54  28  99  33  3 0.050
BLACKT 421307 221023 12 R 2  40  17  40 0 0 290 14     48  30  87  40  2 0.020
Count:     3  Zone Average:  39  16  40         13  0  49  29  94  37  4 0.110
 
Zone: 483
HORSE_ 421305 221023 13 R 3  26  19  75 0 0 307 10     40  23  94  62  5 0.190
Count:     1  Zone Average:  26  19  75         10  0  40  23  94  62  5 0.190
 
Zone: 484
BRUIN  421702 221023 12 O 7  28  21  75 0 0 304  1 35  42  20  98  50  2 0.170
Count:     1  Zone Average:  28  21  75          1 35  42  20  98  50  2 0.170
 
Zone: 488
JOES V 421602 221023 12 O 3  28  20  72 0 0   0  0 14  46  23  96  35  7 0.370
Count:     1  Zone Average:  28  20  72          0 14  46  23  96  35  7 0.370
 
Zone: 489
FLATTO 422002 221023 12 O 2  42  22  44 0 0 332 15  8  61  33  97  26  7 0.120
Count:     1  Zone Average:  42  22  44         15  8  61  33  97  26  7 0.120
 
Zone: 492
SEVIER 421501 221023 12 R 3  36  26  69 0 0 281 12     59  32  97  37 10 0.640
MUD SP 421502 221023 12 R 3  33  26  77 0 0 306 16     50  30  98  60  9 0.340
TULE V 421806 221023 12 R 3  38  25  61 0 0 342 14     63  31 100  26  8 0.460
HORSE  421807 221023 12 R 8  38  31  76 0 0  31  4     59  29  97  25  5 0.350
Count:     4  Zone Average:  36  27  71         12  0  58  31  98  37  8 0.448
 
Zone: 493
BLACK  421805 221023 13 R 3  32  27  83 0 0 299  0     58  28  98  28  2 0.190
SIGNAL 421904 221023 13 R 3  26  24  94 0 0 267  5     50  21  99  26  0 0.000
LOST C 421905 221023 12 R 2  28  26  94 0 0 276  9     55  26  98  24  2 0.090
LARB H 422610 221023 13 R 2  35  20  55 0 0 268  5     51  25  96  37  8 0.420
Count:     4  Zone Average:  30  24  82          5  0  54  25  98  29  3 0.175
 
Zone: 494
HENRY  422611 221023 12 R 2  28  24  86 0 0 306 12     56  27  99  31  3 0.050
Count:     1  Zone Average:  28  24  86         12  0  56  27  99  31  3 0.050
 
Zone: 495
BRIMST 422203 221023 12 R 3  35  33  93 0 0   2  4     63  30 100  27  6 0.400
JENSEN 422502 221023 12 R 3  36  31  82 0 0 348  7     64  27  98  26  6 0.460
ENTERP 422803 221023 13 R 2  40  28  62 0 0 356 10     64  29  98  26  6 0.560
Count:     3  Zone Average:  37  31  79          7  0  64  29  99  26  6 0.473
 
Zone: 496
COTTON 422503 221023 12 R 3  28  24  88 0 0 331  6     63  25  99  17  4 0.350
ASAY B 422604 221023 13 R 3  29  23  81 0 0 357  9     59  23  96  23 10 0.800
BUCK F 422606 221023 13 R 2  29  17  62 0 0 353  7     55  26  96  32  7 0.370
TOM BE 422608 221023 13 R 2  36  21  56 0 0 331  9     55  26  94  29  8 0.660
BRYCE  422609 221023 13 R 2  28  23  83 0 0 308 14     60  23 100  27 10 0.370
LAVA P 422807 221023 12 R 3  28  23  83 0 0 326  8     56  21  96  27  6 0.880
AGUA C 422903 221023 13 R 2  24  19  83 0 0 342 12     52  22 100  36  6 0.550
Count:     7  Zone Average:  29  22  77          9  0  57  24  97  27  7 0.569
 
Zone: 497
WHITE  422805 221023 13 R 3  48  33  57 0 0  41 16     78  44  90  17  8 0.330
BADGER 422806 221023 12 R 3  48  24  40 0 0   2 11     71  38  95  22  6 0.340
ZION C 422808 221023 13 R 3  47  27  46 0 0 187  7     76  41  93  15 13 0.990
Count:     3  Zone Average:  48  28  48         11  0  75  41  93  18  9 0.553
 
Zone: 498
TELEGR 422902 221023 12 R 2  44  27  52 0 0 307 13     70  34  98  23 11 0.600
Count:     1  Zone Average:  44  27  52         13  0  70  34  98  23 11 0.600
 
 
 
End of WIMS Bulletin @ 23-OCT-22 21:25:47 GMT

