SHUS61 KMWI 232025
FWOPBZ
Weather Information Management System (WIMS)
USDA National Information Technology Center (KMWI)
23-OCT-22 20:25:40 GMT
 
Listing of Forecasted Observations (Pittsburgh, PA)
 
ST NME STAT'N   DATE HR T W DBT DPT  RH Y M DIR WS 10 TMX TMN HMX HMN PD1 PD2
------ ------ ------ -- - - --- --- --- - - --- -- -- --- --- --- ---  --  --
Stations not in a Zone:
BLUE R 336001 221024 13 F 0  71  46  41 1 1 180  6  0  74  43  98  41   0   0
BLUE R 336001 221025 13 F 2  72  50  46 1 1 203  9  0  73  48  92  38   0   0
BLUE R 336001 221026 13 F 2  57  51  82 1 1 203  9  0  73  54  95  44   5   3
BLUE R 336001 221027 13 F 1  56  40  55 1 1 338  9  0  58  42  96  55   0   0
BLUE R 336001 221028 13 F 2  61  43  53 1 1 180  8  0  61  41  93  51   0   0
BLUE R 336001 221029 13 F 2  60  46  61 1 1  90  2  0  62  44  98  51   0   0
BLUE R 336001 221030 13 F 2  58  48  71 1 1 113  4  0  61  47  94  55   0   0
MERREL 337302 221024 13 F 0  71  45  40 1 1 180  5  0  73  42  98  36   0   0
MERREL 337302 221025 13 F 2  71  50  48 1 1 203  9  0  74  47  94  37   0   0
MERREL 337302 221026 13 F 2  60  52  77 1 1 203  8  0  72  53  99  47   0   0
MERREL 337302 221027 13 F 1  57  42  58 1 1 360  9  0  61  45  97  58   0   0
MERREL 337302 221028 13 F 1  62  45  54 1 1 180  8  0  62  42  94  51   0   0
MERREL 337302 221029 13 F 2  62  47  60 1 1 113  2  0  64  45  96  50   0   0
MERREL 337302 221030 13 F 2  61  49  67 1 1 113  3  0  63  47  97  54   0   0
MORAIN 360191 221024 13 F 0  69  44  42 1 1 180  6  0  69  40 100  39   0   0
MORAIN 360191 221025 13 F 2  71  48  45 1 1 203  9  0  72  44 100  39   0   0
MORAIN 360191 221026 13 F 2  62  53  74 1 1 203  8  0  71  53  95  45   0   5
MORAIN 360191 221027 13 F 1  57  41  56 1 1 270  9  0  62  44  96  56   0   0
MORAIN 360191 221028 13 F 2  59  41  53 1 1 180  9  0  59  40  91  53   0   0
MORAIN 360191 221029 13 F 2  60  45  58 1 1 113  5  0  61  43  96  52   0   0
MORAIN 360191 221030 13 F 2  57  46  69 1 1 135  6  0  60  44  97  58   0   0
YELLOW 360631 221024 13 F 0  69  44  42 1 1 203  5  0  69  34 100  38   0   0
YELLOW 360631 221025 13 F 1  72  50  47 1 1 203  9  0  72  38 100  40   0   0
YELLOW 360631 221026 13 F 2  65  54  69 1 1 203 10  0  72  56  92  47   0   5
YELLOW 360631 221027 13 F 1  56  43  62 1 1 270  9  0  65  47  95  62   0   0
YELLOW 360631 221028 13 F 2  59  43  56 1 1 203 10  0  59  41  89  56   0   0
YELLOW 360631 221029 13 F 2  59  46  64 1 1 135  5  0  59  45  91  56   0   0
YELLOW 360631 221030 13 F 2  56  46  71 1 1 135  7  0  59  46  93  64   0   0
ALLEGH 361002 221024 13 F 0  68  42  40 1 1 180  6  0  68  38 100  33   0   0
ALLEGH 361002 221025 13 F 2  69  47  47 1 1 180  9  0  70  42 100  38   0   0
ALLEGH 361002 221026 13 F 2  62  52  71 1 1 203 10  0  69  54  95  47   0   5
ALLEGH 361002 221027 13 F 1  54  38  55 1 1 270  9  0  62  43  94  55   0   0
ALLEGH 361002 221028 13 F 2  58  39  50 1 1 180  9  0  58  37  92  50   0   0
ALLEGH 361002 221029 13 F 2  58  43  59 1 1 158  4  0  58  42  94  50   0   0
ALLEGH 361002 221030 13 F 2  56  43  62 1 1 158  6  0  58  43  94  59   0   0
QUARRY 361291 221024 13 F 0  66  41  41 1 1 225  6  0  66  41  95  40   0   0
QUARRY 361291 221025 13 F 1  68  46  46 1 1 203  9  0  68  46  88  38   0   0
QUARRY 361291 221026 13 F 2  60  50  70 1 1 203 10  0  68  53  91  45   0   5
QUARRY 361291 221027 13 F 1  52  40  64 1 1 270 10  0  60  44  97  62   0   0
QUARRY 361291 221028 13 F 2  55  39  56 1 1 180 11  0  56  39  89  55   0   0
QUARRY 361291 221029 13 F 2  55  43  66 1 1 135  7  0  56  43  93  55   0   0
QUARRY 361291 221030 13 F 2  52  44  75 1 1 135  9  0  55  44  94  65   0   0
HILLCR 460101 221024 13 F 1  70  44  40 1 1 180  6  0  70  43  96  35   0   0
HILLCR 460101 221025 13 F 2  71  49  47 1 1 203  9  0  73  48  90  37   0   0
HILLCR 460101 221026 13 F 2  60  52  75 1 1 203  9  0  71  55  88  47   0   5
HILLCR 460101 221027 13 F 1  57  41  57 1 1 270  9  0  60  45  90  57   0   0
HILLCR 460101 221028 13 F 2  59  41  52 1 1 180  8  0  59  41  87  52   0   0
HILLCR 460101 221029 13 F 2  59  46  62 1 1  90  2  0  61  45  93  50   0   0
HILLCR 460101 221030 13 F 2  58  47  67 1 1 113  3  0  61  46  91  56   0   0
KINGWO 460901 221024 13 F 0  69  43  40 1 1 248  5  0  70  35 100  38   0   0
KINGWO 460901 221025 13 F 1  72  47  41 1 1 225  9  0  72  39 100  37   0   0
KINGWO 460901 221026 13 F 2  60  52  75 1 1 225  8  0  72  52  93  40   0   5
KINGWO 460901 221027 13 F 1  54  44  69 1 1 270  9  0  61  44 100  68   0   0
KINGWO 460901 221028 13 F 2  61  43  53 1 1 203  9  0  62  41  94  52   0   0
KINGWO 460901 221029 13 F 2  60  47  63 1 1 135  2  0  62  44  93  52   0   0
KINGWO 460901 221030 13 F 2  56  48  75 1 1 113  4  0  60  46  97  62   0   0
WVU RE 460902 221024 13 F 0  67  43  42 1 1 225  5  0  67  43  90  40   0   0
WVU RE 460902 221025 13 F 1  69  45  43 1 1 203  9  0  69  48  80  40   0   0
WVU RE 460902 221026 13 F 2  58  51  79 1 1 225  8  0  69  53  87  43   0   5
WVU RE 460902 221027 13 F 1  51  41  71 1 1 270  9  0  58  45  94  71   0   0
WVU RE 460902 221028 13 F 2  58  41  54 1 1 203  9  0  58  41  89  54   0   0
WVU RE 460902 221029 13 F 2  57  45  65 1 1 135  3  0  58  44  90  54   0   0
WVU RE 460902 221030 13 F 2  53  46  79 1 1 135  5  0  57  47  92  64   0   0
DAVIS  462601 221024 13 F 0  66  40  39 1 1 225  5  0  67  20 100  38   0   0
DAVIS  462601 221025 13 F 1  67  45  46 1 1 203  9  0  69  24 100  37   0   0
DAVIS  462601 221026 13 F 2  59  50  73 1 1 225  9  0  68  48  98  45   0   0
DAVIS  462601 221027 13 F 1  53  42  68 1 1 248  9  0  60  42 100  67   0   0
DAVIS  462601 221028 13 F 2  55  41  60 1 1 180  9  0  55  37  96  59   0   0
DAVIS  462601 221029 13 F 2  54  45  72 1 1 135  5  0  55  39  97  59   0   0
DAVIS  462601 221030 13 F 2  51  45  82 1 1 135  6  0  54  41 100  72   0   0
 
 
 
End of WIMS Bulletin @ 23-OCT-22 20:25:41 GMT

