SHUS64 KMWI 232035
FWOTSA
Weather Information Management System (WIMS)
USDA National Information Technology Center (KMWI)
23-OCT-22 20:35:34 GMT
 
Listing of Observations (Tulsa, OK)
 
ST NME STAT'N   DATE HR T W DBT DPT  RH Y M DIR WS 10 TMX TMN HMX HMN PD PPAMT
------ ------ ------ -- - - --- --- --- - - --- -- -- --- --- --- --- -- -----
Stations not in a Zone:
TRIMBL 030101 221023 12 O 2  83  59  44 0 0 185  6     84  65  76  32  0 0.000
SILVER 031201 221023 13 O 3  75  60  59 0 0 193  6     79  66  73  43  0 0.000
VINITA 341240 221023 13 R 2  84  59  43 0 0 188 26     85  69  68  37  0 0.000
SEILIN 341540 221023 13 R 3  76  54  47 0 0 182 22     92  68  63  10  0 0.000
WOODWA 341541 221023 13 R 2  78  54  44 0 0 186 27     91  67  60   9  0 0.000
LAHOMA 341640 221023 13 R 3  80  57  46 0 0 184 28     92  69  60  13  0 0.000
RED RO 341840 221023 13 R 1  86  59  41 0 0 185 32     90  70  62  21  0 0.000
WATONG 342540 221023 13 R 3  78  58  51 0 0 178 23     92  66  66  13  0 0.000
GUTHRI 342640 221023 13 R 3  81  60  50 0 0 180 17     91  69  67  17  0 0.000
TAHLEQ 343140 221023 13 R 2  80  61  53 0 0 165 22     83  67  74  40  0 0.000
WEATHE 343440 221023 13 R 3  77  56  50 0 0 178 27     92  65  68  13  0 0.000
CHANDL 343740 221023 13 R 1  83  60  46 0 0 187 19     87  67  78  32  0 0.000
CLEARV 344001 221023 13 O 2  84  60  45 0 0 169  9     85  67  78  38  0 0.000
SALLIS 344140 221023 13 R 2  83  60  46 0 0 169 12     84  70  72  37  0 0.000
FORT C 344441 221023 13 R 3  78  59  53 0 0 175 23     93  63  74  12  0 0.000
CHICKA 344540 221023 13 R 3  81  60  50 0 0 182 26     94  67  73  15  0 0.000
SHAWNE 344740 221023 13 R 1  83  60  47 0 0 172 24     86  67  80  34  0 0.000
STIGLE 345040 221023 13 R 2  82  60  48 0 0 185 22     85  70  71  37  0 0.000
PAULS  345940 221023 13 R 2  83  60  47 0 0 170 13     87  66  83  32  0 0.000
GRANDF 346440 221023 13 R 2  87  57  37 0 0 180 28     96  67  64  16  0 0.000
WALTER 346540 221023 13 R 3  84  58  42 0 0 175 24     94  65  77  17  0 0.000
RINGLI 347240 221023 13 R 1  83  61  49 0 0 158 22     93  66  88  22  0 0.000
 
 
 
End of WIMS Bulletin @ 23-OCT-22 20:35:34 GMT

