SHUS61 KMWI 232025
FWOILN
Weather Information Management System (WIMS)
USDA National Information Technology Center (KMWI)
23-OCT-22 20:25:41 GMT
 
Listing of Forecasted Observations (Cincinnati, OH)
 
ST NME STAT'N   DATE HR T W DBT DPT  RH Y M DIR WS 10 TMX TMN HMX HMN PD1 PD2
------ ------ ------ -- - - --- --- --- - - --- -- -- --- --- --- ---  --  --
Stations not in a Zone:
BIG OA 127301 221024 13 F 1  75  42  31 1 1 180  8  0  76  52  70  31   0   0
BIG OA 127301 221025 13 F 2  72  54  55 1 1 180  9  0  76  56  74  29   0   0
BIG OA 127301 221026 13 F 2  53  49  89 1 1 293  9  0  72  50 100  53  11   0
BIG OA 127301 221027 13 F 1  56  41  57 1 1  68  6  0  56  39 100  57   0   0
BIG OA 127301 221028 13 F 1  60  46  61 1 1  90  4  0  60  41 100  51   0   0
BIG OA 127301 221029 13 F 1  60  47  63 1 1  90  5  0  63  45 100  55   0   0
BIG OA 127301 221030 13 F 2  58  51  78 1 1 113  8  0  63  46 100  57   0   0
CRITTE 150703 221024 13 F 1  75  40  29 1 1 180  6  0  77  51  69  28   0   0
CRITTE 150703 221025 13 F 2  74  53  49 1 1 180  9  0  77  55  71  27   0   0
CRITTE 150703 221026 13 F 2  55  50  86 1 1 270 10  0  75  51 100  48   8   0
CRITTE 150703 221027 13 F 1  58  42  57 1 1  68  8  0  58  40 100  57   0   0
CRITTE 150703 221028 13 F 1  62  47  58 1 1  90  5  0  63  41  98  50   0   0
CRITTE 150703 221029 13 F 2  62  48  61 1 1  68  6  0  65  46  98  53   0   0
CRITTE 150703 221030 13 F 2  59  51  76 1 1 113  8  0  64  48 100  55   0   0
CHILLI 337301 221024 13 F 1  75  43  32 1 1 180  5  0  78  46  90  32   0   0
CHILLI 337301 221025 13 F 2  75  49  41 1 1 180  6  0  78  52  78  30   0   0
CHILLI 337301 221026 13 F 2  58  51  78 1 1 225 10  0  75  53 100  40   9   0
CHILLI 337301 221027 13 F 1  58  40  53 1 1  45  5  0  58  41 100  53   0   0
CHILLI 337301 221028 13 F 1  63  45  52 1 1 113  4  0  63  40 100  47   0   0
CHILLI 337301 221029 13 F 2  62  47  59 1 1  90  4  0  66  45 100  47   0   0
CHILLI 337301 221030 13 F 2  59  50  73 1 1 135  6  0  64  47 100  51   0   0
SHAWNE 337501 221024 13 F 1  75  42  31 1 1 180  3  0  78  48  86  31   0   0
SHAWNE 337501 221025 13 F 2  74  49  42 1 1 180  3  0  77  51  74  31   0   0
SHAWNE 337501 221026 13 F 2  58  50  76 1 1 248  6  0  75  52  96  41   7   0
SHAWNE 337501 221027 13 F 1  58  42  57 1 1  45  3  0  59  43  97  55   0   0
SHAWNE 337501 221028 13 F 1  63  46  54 1 1 113  2  0  64  42  97  50   0   0
SHAWNE 337501 221029 13 F 2  62  47  59 1 1  90  3  0  66  46  96  49   0   0
SHAWNE 337501 221030 13 F 2  59  50  74 1 1 113  3  0  64  48 100  54   0   0
 
 
 
End of WIMS Bulletin @ 23-OCT-22 20:25:41 GMT

