SHUS63 KMWI 232101
FWOOAX
Weather Information Management System (WIMS)
USDA National Information Technology Center (KMWI)
23-OCT-22 21:01:36 GMT
 
Listing of Forecasted Observations (Omaha, NE)
 
ST NME STAT'N   DATE HR T W DBT DPT  RH Y M DIR WS 10 TMX TMN HMX HMN PD1 PD2
------ ------ ------ -- - - --- --- --- - - --- -- -- --- --- --- ---  --  --
NWS Office:  OAX/Zone: 241
FRANKT 053104 221024 13 F 1  46  13  26 2 1 338  8  0  62  26  69  21   0   0
FRANKT 053104 221025 13 F 2  58  24  27 1 1 360  7  0  58  29  46  23   0   0
FRANKT 053104 221026 13 F 2  57  25  30 1 1 203 11  0  58  33  61  27   0   0
FRANKT 053104 221027 13 F 2  42  28  58 1 1 360 12  0  57  31  75  29   0   0
FRANKT 053104 221028 13 F 0  53  17  24 1 1  45  8  0  53  26  78  24   0   0
FRANKT 053104 221029 13 F 1  58  19  22 1 1  45 10  0  58  28  56  21   0   0
FRANKT 053104 221030 13 F 1  59  18  20 1 1  90  6  0  59  28  59  19   0   0
Count:     7  Zone Average:  53  21  30          9  0  58  29  64  24   0   0
Zone: 242
CROW C 050701 221024 13 F 1  49  14  25 1 1 315 15  0  64  27  71  23   0   0
CROW C 050701 221025 13 F 2  58  19  22 1 1 293 14  0  58  28  59  22   0   0
CROW C 050701 221026 13 F 2  55  21  27 1 1 180 11  0  58  30  79  22   0   0
CROW C 050701 221027 13 F 2  47  23  40 1 1 360 17  0  56  31  81  25   0   0
CROW C 050701 221028 13 F 0  55  16  22 1 1 203 11  0  55  22  96  22   0   0
CROW C 050701 221029 13 F 1  57  18  22 1 1 180 11  0  57  24  76  21   0   0
CROW C 050701 221030 13 F 1  59  16  19 1 1 225 11  0  59  25  70  19   0   0
Count:     7  Zone Average:  54  18  25         13  0  58  27  76  22   0   0
Zone: 252
SOUTH  051301 221024 13 F 1  54  17  23 1 1 338 15  0  75  34  62  17   0   0
SOUTH  051301 221025 13 F 1  62  20  20 1 1 338 13  0  62  27  62  20   0   0
SOUTH  051301 221026 13 F 1  60  22  23 1 1 180 14  0  63  30  71  19   0   0
SOUTH  051301 221027 13 F 1  55  28  36 1 1 338 11  0  61  34  78  21   0   0
SOUTH  051301 221028 13 F 1  57  21  25 1 1 338  9  0  57  27  92  25   0   0
SOUTH  051301 221029 13 F 1  62  22  22 1 1 180 10  0  62  29  75  22   0   0
Count:     6  Zone Average:  58  22  25         12  0  63  30  73  21   0   0
 
 
 
End of WIMS Bulletin @ 23-OCT-22 21:01:36 GMT

