SHUS65 KMWI 232115
FWOFGZ
Weather Information Management System (WIMS)
USDA National Information Technology Center (KMWI)
23-OCT-22 21:15:30 GMT
 
Listing of Observations (Flagstaff, AZ)
 
ST NME STAT'N   DATE HR T W DBT DPT  RH Y M DIR WS 10 TMX TMN HMX HMN PD PPAMT
------ ------ ------ -- - - --- --- --- - - --- -- -- --- --- --- --- -- -----
NWS Office:  FGZ/Zone: 302
IRON S 020501 221023 13 R 2  56  32  40 0 0 243 13     66  45  90  40  2 0.030
CROWN  020502 221023 13 R 3  49  34  56 0 0 244  8     62  43  95  55  0 0.000
VERDE  020503 221023 13 R 3  65  39  39 0 0  27  4     80  56  79  28  0 0.000
GOODWI 020507 221023 13 R 0  60  25  26 0 0 291  9     68  49  79  26  0 0.000
HUMBUG 020508 221023 12 R 1  56  36  48 0 0 214 24     66  47 100  48  0 0.000
STANTO 020509 221023 13 R 1  63  38  40 0 0  97  5     72  55  90  40  0 0.000
SUNSET 020510 221023 12 R 2  67  36  32 0 0 239 11     76  57  86  32  1 0.010
CHERRY 020511 221023 13 R 2  59  35  42 0 0  89  7     68  47  96  42  5 0.110
PAYSON 020602 221023 13 R 2  59  39  49 0 0 197  9     69  49  93  43  7 0.420
PLEASA 020603 221023 13 R 2  56  39  53 0 0 244 13     71  49  91  42  3 0.110
RED LA 020610 221023 12 R 3  49  37  64 0 0 178  5     63  44  99  49  4 0.120
Count:    11  Zone Average:  58  36  45         10  0  69  49  91  41  2 0.073
 
Zone: 303
TUSAYA 020207 221023 13 R 2  45  22  40 0 0 262  5     65  31  96  33  3 0.130
FLAGST 020209 221023 13 R 3  43  28  57 0 0 248 10     60  39  92  46  4 0.310
BRIGHT 020211 221023 13 R 1  36  16  45 0 0 268  7     56  25  94  45  5 0.070
DRYPAR 020212 221023 12 R 3  28  21  76 0 0 243  5     53  22  99  46  6 0.370
FRAZIE 020213 221023 13 R 0  44  15  31 0 0 263 14     61  31  98  31  4 0.240
MORMON 020215 221023 13 R 3  44  34  69 0 0 264  4     60  39  96  43  5 0.400
WARM S 020216 221023 13 R 3  29  25  87 0 0 276  5     58  25  98  38  4 0.310
OAK CR 020219 221023 13 R 3  52  32  48 0 0 134  5     70  50  86  38  1 0.450
LINDBE 020220 221023 13 R 1  33  12  43 0 0 264  8     53  22  93  43  4 0.180
GUNSIG 020223 221023 13 R 3  44  27  53 0 0 273  9     71  36  96  23  5 0.440
PARIA  020226 221023 13 R 0  37  21  52 0 0 292 15     63  29 100  30  3 0.050
FOUR S 020227 221023 13 R 2  37  25  62 0 0 282 13     66  32  97  27  6 0.200
GREENB 020284 221023 13 R 1  45  22  41 0 0 292 15     61  32  93  41  2 0.250
Count:    13  Zone Average:  40  23  54          9  0  61  32  95  37  4 0.262
 
Zone: 304
NAVAJO 020307 221023 12 R 0  38  21  51 0 0 269 15     61  30  99  33  6 0.450
HOPI   020312 221023 13 R 1  52  21  30 0 0 261 20     71  39  82  24  1 0.010
PINEY  020402 221023 12 R 3  34  27  78 0 0 270  8     61  33  98  37  4 0.240
Count:     3  Zone Average:  41  23  53         14  0  64  34  93  31  4 0.233
 
Zone: 308
PROMON 020221 221023 13 R 4  39  39 100 0 0 235  7     56  38 100  60  8 0.400
HEBER  020301 221023 13 R 2  51  34  53 0 0 240  9     65  45  92  43  3 0.040
LAKESI 020303 221023 13 R 2  51  40  66 0 0 225 11     65  45  96  49  2 0.070
LIMEST 020309 221023 13 R 3  47  39  76 0 0 234 14     62  43  97  54  4 0.090
MOUNTA 020310 221023 13 R 4  44  43  97 0 0 268  6     61  43  97  61  2 0.020
ALPINE 020401 221023 13 R 2  46  40  82 0 0  79 17     61  41  87  46  7 0.210
GREER  020404 221023 13 R 2  45  37  75 0 0 235 13     61  43  80  42  2 0.020
SHADOW 020611 221023 13 R 3  52  41  67 0 0 221  2     68  47  95  46  7 0.800
PINE   020612 221023 13 R 3  54  41  62 0 0 190  9     68  48  93  39  6 0.640
STRAYH 021106 221023 13 R 3  46  37  72 0 0 260 14     60  42  98  59  3 0.100
Count:    10  Zone Average:  48  39  75         10  0  63  44  94  50  5 0.239
 
 
 
End of WIMS Bulletin @ 23-OCT-22 21:15:30 GMT

