SHUS61 KMWI 232025
FWOPHI
Weather Information Management System (WIMS)
USDA National Information Technology Center (KMWI)
23-OCT-22 20:25:40 GMT
 
Listing of Forecasted Observations (Philadelphia, PA)
 
ST NME STAT'N   DATE HR T W DBT DPT  RH Y M DIR WS 10 TMX TMN HMX HMN PD1 PD2
------ ------ ------ -- - - --- --- --- - - --- -- -- --- --- --- ---  --  --
Stations not in a Zone:
TUCKAH 182101 221024 13 F 2  65  61  87 1 1 360  5  0  65  53 100  87  10   0
TUCKAH 182101 221025 13 F 2  67  63  90 1 1 113  2  0  67  55 100  84   0   0
TUCKAH 182101 221026 13 F 2  69  62  81 1 1 203  5  0  69  59 100  81   0   0
TUCKAH 182101 221027 13 F 1  65  54  68 1 1 338  6  0  69  55 100  68   0   0
TUCKAH 182101 221028 13 F 2  61  53  75 1 1  45  6  0  65  50  90  65   0   0
TUCKAH 182101 221029 13 F 2  62  52  70 1 1  45  5  0  62  50  96  70   0   0
TUCKAH 182101 221030 13 F 2  62  53  75 1 1  68  5  0  62  49 100  70   0   0
COYLE  280051 221024 13 F 3  65  61  87 1 1 360  5  0  65  55 100  87  14   3
COYLE  280051 221025 13 F 2  69  62  81 1 1 113  4  0  69  57 100  81   0   0
COYLE  280051 221026 13 F 2  69  61  78 1 1 180  3  0  69  59 100  78   0   0
COYLE  280051 221027 13 F 1  68  50  54 1 1 360  6  0  69  55 100  54   0   0
COYLE  280051 221028 13 F 2  60  47  64 1 1  45  8  0  68  51  89  54   0   0
COYLE  280051 221029 13 F 2  60  47  64 1 1  45  6  0  60  48  93  64   0   0
COYLE  280051 221030 13 F 2  62  50  65 1 1  68  5  0  62  48 100  64   0   0
ANCORA 280071 221024 13 F 2  64  61  90 1 1 360  5  0  64  54 100  90  13   0
ANCORA 280071 221025 13 F 2  69  63  84 1 1 113  4  0  69  57 100  84   0   0
ANCORA 280071 221026 13 F 2  69  62  81 1 1 180  3  0  69  59 100  81   0   0
ANCORA 280071 221027 13 F 1  67  52  59 1 1 338  6  0  69  55 100  59   0   0
ANCORA 280071 221028 13 F 2  60  49  69 1 1  45  6  0  67  49  89  59   0   0
ANCORA 280071 221029 13 F 2  61  49  65 1 1  45  5  0  61  47  96  65   0   0
ANCORA 280071 221030 13 F 2  62  52  70 1 1  68  4  0  62  47 100  65   0   0
WOODBI 280091 221024 13 F 2  66  62  87 1 1 360  5  0  66  55 100  87  12   0
WOODBI 280091 221025 13 F 2  68  62  84 1 1 113  5  0  68  57 100  84   0   0
WOODBI 280091 221026 13 F 2  68  61  81 1 1 180  4  0  68  58 100  81   0   0
WOODBI 280091 221027 13 F 1  68  54  61 1 1 360  6  0  68  55 100  61   0   0
WOODBI 280091 221028 13 F 2  63  53  70 1 1  45 10  0  68  50  93  61   0   0
WOODBI 280091 221029 13 F 2  62  50  67 1 1  45  8  0  63  50  96  67   0   0
WOODBI 280091 221030 13 F 2  63  53  70 1 1  68  7  0  63  49 100  67   0   0
BLUE M 280101 221024 13 F 3  60  56  87 1 1  45  3  0  60  50 100  64  12   0
BLUE M 280101 221025 13 F 2  63  60  93 1 1 113  3  0  63  55 100  84   0   0
BLUE M 280101 221026 13 F 2  64  61  90 1 1 180  3  0  64  58 100  87   0   0
BLUE M 280101 221027 13 F 1  60  46  62 1 1 338  6  0  64  52 100  62   0   0
BLUE M 280101 221028 13 F 2  56  41  59 1 1  45  3  0  60  45  83  59   0   0
BLUE M 280101 221029 13 F 2  55  43  64 1 1  68  2  0  56  41  89  59   0   0
BLUE M 280101 221030 13 F 2  57  44  64 1 1  90  2  0  57  43  96  64   0   0
TEETER 280191 221024 13 F 3  61  58  93 1 1  23  4  0  61  52 100  72  13   0
TEETER 280191 221025 13 F 2  64  63  97 1 1 113  3  0  64  56 100  90   0   0
TEETER 280191 221026 13 F 2  66  62  87 1 1 180  3  0  66  58 100  87   0   0
TEETER 280191 221027 13 F 1  61  49  67 1 1 338  6  0  66  52 100  67   0   0
TEETER 280191 221028 13 F 2  57  44  64 1 1  45  4  0  61  46  86  62   0   0
TEETER 280191 221029 13 F 2  56  44  66 1 1  68  2  0  57  43  89  64   0   0
TEETER 280191 221030 13 F 2  58  47  69 1 1  90  2  0  58  44  96  66   0   0
MIDDLE 280231 221024 13 F 3  63  60  90 1 1  23  4  0  63  53 100  78  14   3
MIDDLE 280231 221025 13 F 2  69  63  84 1 1 113  4  0  69  57 100  84   0   0
MIDDLE 280231 221026 13 F 2  69  63  84 1 1 180  3  0  69  59 100  84   0   0
MIDDLE 280231 221027 13 F 1  67  52  59 1 1 338  6  0  69  55 100  59   0   0
MIDDLE 280231 221028 13 F 2  60  46  62 1 1  45  6  0  67  49  83  56   0   0
MIDDLE 280231 221029 13 F 2  59  46  64 1 1  45  5  0  60  46  89  60   0   0
MIDDLE 280231 221030 13 F 2  62  50  67 1 1  68  4  0  62  47  96  62   0   0
JACKSO 280291 221024 13 F 3  63  60  93 1 1 360  5  0  63  55 100  87  14   3
JACKSO 280291 221025 13 F 2  68  63  87 1 1 113  4  0  68  58 100  87   0   0
JACKSO 280291 221026 13 F 2  69  63  84 1 1 180  3  0  69  60 100  84   0   0
JACKSO 280291 221027 13 F 1  67  53  61 1 1 360  6  0  69  55 100  61   0   0
JACKSO 280291 221028 13 F 2  60  47  64 1 1  45  8  0  67  51  86  58   0   0
JACKSO 280291 221029 13 F 2  60  47  64 1 1  45  5  0  60  48  93  64   0   0
JACKSO 280291 221030 13 F 2  62  50  67 1 1  68  5  0  62  48 100  64   0   0
E.B. F 281501 221024 13 F 2  65  61  87 1 1 360  5  0  65  56 100  87  13   0
E.B. F 281501 221025 13 F 2  67  63  87 1 1 113  5  0  67  58 100  84   0   0
E.B. F 281501 221026 13 F 2  68  61  81 1 1 180  5  0  68  59 100  81   0   0
E.B. F 281501 221027 13 F 1  68  54  61 1 1 360  7  0  68  56 100  61   0   0
E.B. F 281501 221028 13 F 2  61  51  72 1 1  45 11  0  68  53  93  61   0   0
E.B. F 281501 221029 13 F 2  61  51  70 1 1  45  9  0  61  52  89  70   0   0
E.B. F 281501 221030 13 F 2  62  52  70 1 1  68  8  0  62  51  96  70   0   0
WALLKI 305803 221024 13 F 3  61  58  90 1 1  45  3  0  61  50 100  62  12   0
WALLKI 305803 221025 13 F 2  66  62  90 1 1 113  3  0  66  55 100  90   0   0
WALLKI 305803 221026 13 F 2  66  63  93 1 1 158  3  0  66  58 100  87   0   0
WALLKI 305803 221027 13 F 1  63  49  62 1 1 338  6  0  67  52 100  62   0   0
WALLKI 305803 221028 13 F 2  58  43  59 1 1  45  4  0  63  44  89  59   0   0
WALLKI 305803 221029 13 F 2  58  45  62 1 1  45  2  0  58  42  89  59   0   0
WALLKI 305803 221030 13 F 2  60  47  64 1 1  68  2  0  60  43 100  62   0   0
HOPEWE 360112 221024 13 F 2  63  59  87 1 1  23  4  0  63  52 100  70  12   0
HOPEWE 360112 221025 13 F 2  66  62  90 1 1 113  3  0  66  56 100  84   0   0
HOPEWE 360112 221026 13 F 2  68  61  81 1 1 180  5  0  68  60 100  81   0   0
HOPEWE 360112 221027 13 F 1  63  49  62 1 1 360  6  0  68  54  96  62   0   0
HOPEWE 360112 221028 13 F 2  60  46  62 1 1  68  4  0  63  47  83  60   0   0
HOPEWE 360112 221029 13 F 2  59  46  62 1 1  68  4  0  60  46  86  62   0   0
HOPEWE 360112 221030 13 F 2  60  49  69 1 1  90  4  0  60  47  96  62   0   0
TREXLE 360771 221024 13 F 2  63  58  84 1 1  45  5  0  63  52 100  62  12   0
TREXLE 360771 221025 13 F 2  65  61  87 1 1 113  5  0  65  55 100  81   0   0
TREXLE 360771 221026 13 F 2  66  61  84 1 1 180  6  0  66  58 100  84   0   0
TREXLE 360771 221027 13 F 1  61  47  62 1 1 338  8  0  67  52  96  62   0   0
TREXLE 360771 221028 13 F 2  58  45  62 1 1  68  5  0  61  45  86  58   0   0
TREXLE 360771 221029 13 F 2  57  44  62 1 1  68  5  0  58  43  89  62   0   0
TREXLE 360771 221030 13 F 2  59  48  67 1 1  90  5  0  59  44  96  62   0   0
CAMP W 361031 221024 13 F 2  62  57  86 1 1 360  3  0  65  47 100  54   0   0
CAMP W 361031 221025 13 F 2  65  62  92 1 1 158  3  0  65  52 100  81   0   0
CAMP W 361031 221026 13 F 2  65  61  90 1 1 180  6  0  66  58 100  87   0   0
CAMP W 361031 221027 13 F 1  60  46  61 1 1 338  8  0  66  48 100  58   0   0
CAMP W 361031 221028 13 F 2  56  41  59 1 1  68  4  0  61  41  93  57   0   0
CAMP W 361031 221029 13 F 2  56  43  62 1 1  68  3  0  57  39  96  57   0   0
CAMP W 361031 221030 13 F 2  58  46  65 1 1 113  4  0  58  40 100  59   0   0
 
 
 
End of WIMS Bulletin @ 23-OCT-22 20:25:40 GMT

