SHUS64 KMWI 232035
FWOOUN
Weather Information Management System (WIMS)
USDA National Information Technology Center (KMWI)
23-OCT-22 20:35:34 GMT
 
Listing of Observations (Oklahoma City, OK)
 
ST NME STAT'N   DATE HR T W DBT DPT  RH Y M DIR WS 10 TMX TMN HMX HMN PD PPAMT
------ ------ ------ -- - - --- --- --- - - --- -- -- --- --- --- --- -- -----
Stations not in a Zone:
VINITA 341240 221023 13 R 2  84  59  43 0 0 188 26     85  69  68  37  0 0.000
SEILIN 341540 221023 13 R 3  76  54  47 0 0 182 22     92  68  63  10  0 0.000
WOODWA 341541 221023 13 R 2  78  54  44 0 0 186 27     91  67  60   9  0 0.000
LAHOMA 341640 221023 13 R 3  80  57  46 0 0 184 28     92  69  60  13  0 0.000
RED RO 341840 221023 13 R 1  86  59  41 0 0 185 32     90  70  62  21  0 0.000
INOLA  342040 221023 13 R 1  83  61  48 0 0 172 27     85  68  71  37  0 0.000
JAY    342240 221023 13 R 2  82  57  44 0 0 170 18     83  68  70  36  0 0.000
WATONG 342540 221023 13 R 3  78  58  51 0 0 178 23     92  66  66  13  0 0.000
GUTHRI 342640 221023 13 R 3  81  60  50 0 0 180 17     91  69  67  17  0 0.000
TAHLEQ 343140 221023 13 R 2  80  61  53 0 0 165 22     83  67  74  40  0 0.000
WEATHE 343440 221023 13 R 3  77  56  50 0 0 178 27     92  65  68  13  0 0.000
CHANDL 343740 221023 13 R 1  83  60  46 0 0 187 19     87  67  78  32  0 0.000
SALLIS 344140 221023 13 R 2  83  60  46 0 0 169 12     84  70  72  37  0 0.000
FORT C 344441 221023 13 R 3  78  59  53 0 0 175 23     93  63  74  12  0 0.000
CHICKA 344540 221023 13 R 3  81  60  50 0 0 182 26     94  67  73  15  0 0.000
SHAWNE 344740 221023 13 R 1  83  60  47 0 0 172 24     86  67  80  34  0 0.000
STIGLE 345040 221023 13 R 2  82  60  48 0 0 185 22     85  70  71  37  0 0.000
WICHIT 345801 221023 13 R 3  85 169     0 0 180 20     90  64  98  76  0 0.000
PAULS  345940 221023 13 R 2  83  60  47 0 0 170 13     87  66  83  32  0 0.000
WALTER 346540 221023 13 R 3  84  58  42 0 0 175 24     94  65  77  17  0 0.000
RINGLI 347240 221023 13 R 1  83  61  49 0 0 158 22     93  66  88  22  0 0.000
MILLER 419301 221023 13 O 0  89  56  33 0 0 180 20     92  71  59  22  0 0.000
SHEPPA 419302 221023 12 O 0  88  56  34 0 0 177 23     97  66  72  16  0 0.000
GOODLE 419303 221023 13 O 3  84  56  38 0 0 181 17     92  68  64  20  0 0.000
ODELL  419304 221023 13 O 3  86  57  38 0 0 182 23     94  68  66  18  0 0.000
KNOX C 419305 221023 13 O 0  88  55  33 0 0 191 22     91  67  65  25  0 0.000
CROWEL 419307 221023 13 O 2  87  58  37 0 0 187 20     91  70  61  23  0 0.000
SEYMOU 419308 221023 13 O 1  88  55  33 0 0 179 19     94  71  57  19  0 0.000
 
 
 
End of WIMS Bulletin @ 23-OCT-22 20:35:34 GMT

