SHUS64 KMWI 232131
FWOMOB
Weather Information Management System (WIMS)
USDA National Information Technology Center (KMWI)
23-OCT-22 21:31:26 GMT
 
Listing of Forecasted Observations (Mobile, AL)
 
ST NME STAT'N   DATE HR T W DBT DPT  RH Y M DIR WS 10 TMX TMN HMX HMN PD1 PD2
------ ------ ------ -- - - --- --- --- - - --- -- -- --- --- --- ---  --  --
Stations not in a Zone:
GROVE  015201 221024 13 F 1  79  59  52 1 1 158  5  0  79  52  93  33   0   0
GROVE  015201 221025 13 F 2  79  67  69 1 4 180 12  0  79  62 100  52   0   0
GROVE  015201 221026 13 F 0  68  49  51 4 2 338  6  0  79  51 100  51   0   0
GROVE  015201 221027 13 F 0  71  50  49 1 1 360  3  0  71  46 100  49   0   0
GROVE  015201 221028 13 F 1  76  55  49 1 1 135  6  0  76  50 100  46   0   0
GROVE  015201 221029 13 F 1  69  61  76 1 1 113  9  0  76  57  99  49   0   0
GROVE  015201 221030 13 F 1  69  57  66 1 1 225  7  0  70  55 100  66   0   0
OPNPND 015902 221024 13 F 1  84  54  37 1 1 158  4  0  84  48  96  20   0   0
OPNPND 015902 221025 13 F 2  82  65  58 1 3 180 11  0  84  58 100  37   0   0
OPNPND 015902 221026 13 F 0  74  50  43 3 3 338  6  0  82  54 100  43   0   0
OPNPND 015902 221027 13 F 0  78  51  39 1 1 360  2  0  78  48 100  39   0   0
OPNPND 015902 221028 13 F 1  81  55  41 1 1 113  5  0  81  51 100  37   0   0
OPNPND 015902 221029 13 F 1  76  60  58 1 1 113  9  0  81  58 100  41   0   0
OPNPND 015902 221030 13 F 1  75  57  54 1 1 203  5  0  76  56 100  54   0   0
DIXON  016301 221024 13 F 1  83  54  38 1 1 158  4  0  83  49  96  23   0   0
DIXON  016301 221025 13 F 2  82  67  61 1 3 180 11  0  84  59 100  37   0   0
DIXON  016301 221026 13 F 0  74  50  43 3 3 338  5  0  82  53 100  43   0   0
DIXON  016301 221027 13 F 0  77  50  40 1 1 360  2  0  77  47 100  40   0   0
DIXON  016301 221028 13 F 1  80  54  42 1 1 113  5  0  80  50 100  38   0   0
DIXON  016301 221029 13 F 2  75  60  60 1 1 135  8  0  81  58 100  41   0   0
DIXON  016301 221030 13 F 1  75  57  54 1 1 203  5  0  75  55 100  54   0   0
SRS    016302 221024 13 F 1  82  57  44 1 1 158  5  0  82  51 100  24   0   0
SRS    016302 221025 13 F 2  81  68  65 1 3 180 11  0  82  61 100  44   0   0
SRS    016302 221026 13 F 0  72  50  46 3 3 338  8  0  81  53 100  46   0   0
SRS    016302 221027 13 F 0  77  50  40 1 1 360  3  0  77  47 100  40   0   0
SRS    016302 221028 13 F 1  79  55  45 1 1 135  5  0  79  50 100  40   0   0
SRS    016302 221029 13 F 1  75  61  62 1 1 135 10  0  79  58 100  45   0   0
SRS    016302 221030 13 F 1  74  56  55 1 1 203  7  0  75  55 100  55   0   0
BON SE 016703 221024 13 F 1  77  67  72 1 1 135 12  0  78  66 100  54   0   0
BON SE 016703 221025 13 F 2  77  71  83 1 3 180 16  0  78  70 100  67   0   0
BON SE 016703 221026 13 F 0  70  53  55 3 2 338 10  0  78  58  93  53   0   0
BON SE 016703 221027 13 F 0  70  54  57 1 1 360  5  0  72  57  90  51   0   0
BON SE 016703 221028 13 F 1  73  60  66 1 1 113  9  0  74  61  90  53   0   0
BON SE 016703 221029 13 F 1  72  64  78 1 1 158 15  0  75  65  93  64   0   0
BON SE 016703 221030 13 F 1  70  58  68 1 1 248 11  0  74  62  93  66   0   0
NAVAL  080202 221024 13 F 1  78  66  67 1 1 113 11  0  78  66  87  47   0   0
NAVAL  080202 221025 13 F 2  78  70  79 1 3 180 16  0  78  71  92  67   0   0
NAVAL  080202 221026 13 F 0  73  52  49 3 3 338 10  0  78  61  90  49   0   0
NAVAL  080202 221027 13 F 0  73  53  51 1 1  90  4  0  74  58  83  48   0   0
NAVAL  080202 221028 13 F 1  76  61  60 1 1 135 10  0  76  62  84  50   0   0
NAVAL  080202 221029 13 F 1  74  65  74 1 1 135 14  0  76  66  90  60   0   0
NAVAL  080202 221030 13 F 1  73  60  64 1 1 225 10  0  75  63  89  64   0   0
ESCAMB 089908 221024 13 F 1  81  62  54 1 1 135  9  0  81  55 100  34   0   0
ESCAMB 089908 221025 13 F 2  80  70  74 1 3 180 14  0  81  65 100  54   0   0
ESCAMB 089908 221026 13 F 0  74  50  44 3 2 338  9  0  80  54 100  44   0   0
ESCAMB 089908 221027 13 F 0  77  52  42 1 1 360  3  0  77  49 100  42   0   0
ESCAMB 089908 221028 13 F 1  79  58  49 1 1 135  8  0  79  51 100  42   0   0
ESCAMB 089908 221029 13 F 1  74  64  71 1 1 135 11  0  79  59 100  49   0   0
ESCAMB 089908 221030 13 F 1  74  58  58 1 1 225  9  0  74  56 100  58   0   0
OKALOO 089912 221024 13 F 1  82  59  47 1 1 158  8  0  82  50 100  29   0   0
OKALOO 089912 221025 13 F 2  80  68  67 1 3 180 13  0  82  60 100  47   0   0
OKALOO 089912 221026 13 F 0  75  51  43 3 3 338  8  0  80  55 100  43   0   0
OKALOO 089912 221027 13 F 0  77  50  40 1 1 360  3  0  77  48  98  40   0   0
OKALOO 089912 221028 13 F 1  80  56  45 1 1 158  7  0  80  51 100  40   0   0
OKALOO 089912 221029 13 F 1  76  62  62 1 1 135 11  0  80  58 100  45   0   0
OKALOO 089912 221030 13 F 1  75  57  55 1 1 203  9  0  76  56 100  55   0   0
SANTA  089913 221024 13 F 1  81  61  51 1 1 158  9  0  81  53 100  29   0   0
SANTA  089913 221025 13 F 2  80  70  72 1 3 180 13  0  81  62 100  51   0   0
SANTA  089913 221026 13 F 0  75  51  43 3 3 338  9  0  80  54 100  43   0   0
SANTA  089913 221027 13 F 0  77  52  42 1 1 360  3  0  77  48  98  42   0   0
SANTA  089913 221028 13 F 1  79  57  47 1 1 135  8  0  79  51 100  42   0   0
SANTA  089913 221029 13 F 1  75  62  64 1 1 135 12  0  79  58 100  47   0   0
SANTA  089913 221030 13 F 1  75  58  56 1 1 203  9  0  75  56 100  56   0   0
WAUSAU 226702 221024 13 F 1  79  62  58 1 1 158  8  0  79  54 100  30   0   0
WAUSAU 226702 221025 13 F 8  80  68  69 1 5 203 13  0  80  64 100  56   0   6
WAUSAU 226702 221026 13 F 0  69  46  45 5 1 338  6  0  80  49  96  45   5   0
WAUSAU 226702 221027 13 F 0  73  49  44 1 1  23  3  0  73  46 100  44   0   0
WAUSAU 226702 221028 13 F 1  76  54  48 1 1 113  6  0  76  49 100  43   0   0
WAUSAU 226702 221029 13 F 1  70  60  73 1 1 113  7  0  76  56 100  48   0   0
WAUSAU 226702 221030 13 F 1  69  55  63 1 1 270  6  0  71  53 100  63   0   0
GREENE 227601 221024 13 F 2  81  64  58 1 1 135  9  0  81  55 100  36   0   0
GREENE 227601 221025 13 F 8  81  70  70 1 4 180 12  0  81  64 100  58   0   2
GREENE 227601 221026 13 F 0  71  49  46 4 1 338  6  0  81  49  99  46   4   0
GREENE 227601 221027 13 F 0  74  50  44 1 1  23  4  0  74  46 100  44   0   0
GREENE 227601 221028 13 F 1  78  56  47 1 1 135  6  0  78  49 100  43   0   0
GREENE 227601 221029 13 F 1  71  63  76 1 1 135  8  0  78  56 100  47   0   0
GREENE 227601 221030 13 F 1  72  57  60 1 1 270  7  0  73  53 100  59   0   0
BLACK  227802 221024 13 F 2  80  67  65 1 1 158  9  0  81  58 100  41   0   0
BLACK  227802 221025 13 F 8  82  70  68 1 4 203 12  0  82  67 100  60   0   0
BLACK  227802 221026 13 F 0  72  47  42 4 1 338  6  0  82  51  93  42   0   0
BLACK  227802 221027 13 F 0  75  51  43 1 1  45  3  0  75  47 100  41   0   0
BLACK  227802 221028 13 F 1  77  56  50 1 1 135  5  0  77  50 100  42   0   0
BLACK  227802 221029 13 F 1  72  62  73 1 1 180  7  0  77  58 100  50   0   0
BLACK  227802 221030 13 F 1  72  56  59 1 1 270  5  0  73  55 100  59   0   0
 
 
 
End of WIMS Bulletin @ 23-OCT-22 21:31:27 GMT

