SHUS64 KMWI 232131
FWOLIX
Weather Information Management System (WIMS)
USDA National Information Technology Center (KMWI)
23-OCT-22 21:31:26 GMT
 
Listing of Forecasted Observations (New Orleans/Baton Rouge, LA)
 
ST NME STAT'N   DATE HR T W DBT DPT  RH Y M DIR WS 10 TMX TMN HMX HMN PD1 PD2
------ ------ ------ -- - - --- --- --- - - --- -- -- --- --- --- ---  --  --
Stations not in a Zone:
BIG BR 168541 221024 13 F 1  80  66  64 1 3 135 10  0  80  62 100  51   0   0
BIG BR 168541 221025 13 F 2  79  69  73 3 6 248 13  0  81  71  97  60   0   0
BIG BR 168541 221026 13 F 0  73  47  41 3 1 338  6  0  79  52  96  41   0   0
BIG BR 168541 221027 13 F 0  75  51  44 1 1 113  4  0  75  49 100  41   0   0
BIG BR 168541 221028 13 F 2  75  59  59 1 1 113  8  0  77  54 100  43   0   0
BIG BR 168541 221029 13 F 1  73  63  71 1 1 270  9  0  76  58 100  58   0   0
BIG BR 168541 221030 13 F 1  72  58  63 1 1 270  8  0  74  56 100  62   0   0
PIKE   227001 221024 13 F 1  81  60  50 1 1 158  9  0  82  57 100  41   0   0
PIKE   227001 221025 13 F 1  73  61  67 1 5 248 13  0  82  69  93  47   0   6
PIKE   227001 221026 13 F 0  70  42  37 3 1 338  8  0  74  49  93  37   0   0
PIKE   227001 221027 13 F 0  74  47  39 1 1  68  3  0  74  45  96  37   0   0
PIKE   227001 221028 13 F 1  72  54  55 1 1 135  6  0  75  50 100  37   0   0
PIKE   227001 221029 13 F 1  70  58  67 1 1 270  8  0  72  56 100  55   0   0
PIKE   227001 221030 13 F 1  68  55  64 1 1 293  6  0  72  53 100  59   0   0
HANCOC 228002 221024 13 F 1  79  66  65 1 2 158  9  0  80  60 100  47   0   0
HANCOC 228002 221025 13 F 2  78  71  80 2 4 225 11  0  80  69 100  62   0   0
HANCOC 228002 221026 13 F 0  71  49  46 4 1 338  6  0  78  52 100  45   0   0
HANCOC 228002 221027 13 F 0  75  52  45 1 1  68  3  0  75  48 100  43   0   0
HANCOC 228002 221028 13 F 1  75  59  58 1 1 135  6  0  76  52 100  43   0   0
HANCOC 228002 221029 13 F 1  70  63  80 1 1 203  5  0  76  57 100  56   0   0
HANCOC 228002 221030 13 F 1  71  58  64 1 1 270  5  0  72  55 100  63   0   0
CAMP K 228103 221024 13 F 1  78  67  69 1 1 158 11  0  79  62 100  47   0   0
CAMP K 228103 221025 13 F 2  80  70  72 1 4 203 13  0  80  70  97  64   0   0
CAMP K 228103 221026 13 F 0  73  48  42 4 1 338  8  0  80  54  91  42   0   0
CAMP K 228103 221027 13 F 0  74  50  43 1 1  90  3  0  74  50  93  41   0   0
CAMP K 228103 221028 13 F 1  76  57  52 1 1 135  8  0  77  54  96  43   0   0
CAMP K 228103 221029 13 F 1  73  63  71 1 1 180 11  0  76  59 100  52   0   0
CAMP K 228103 221030 13 F 1  71  56  60 1 1 270  8  0  74  57  96  60   0   0
MS SAN 228202 221024 13 F 2  77  68  74 1 1 135 11  0  79  61 100  49   0   0
MS SAN 228202 221025 13 F 2  79  71  77 1 4 203 13  0  79  71  97  69   0   0
MS SAN 228202 221026 13 F 0  73  50  45 4 1 338  6  0  79  54 100  45   0   0
MS SAN 228202 221027 13 F 0  74  51  45 1 1  90  4  0  74  50 100  43   0   0
MS SAN 228202 221028 13 F 1  76  58  55 1 1 135  8  0  76  54 100  45   0   0
MS SAN 228202 221029 13 F 1  73  63  73 1 1 180 13  0  77  58 100  54   0   0
MS SAN 228202 221030 13 F 1  72  57  61 1 1 248  8  0  74  56 100  61   0   0
GRAND  228204 221024 13 F 1  78  67  71 1 1 135  9  0  78  61 100  50   0   0
GRAND  228204 221025 13 F 2  78  71  81 1 4 203 13  0  78  69 100  71   0   0
GRAND  228204 221026 13 F 0  73  51  46 4 1 338  6  0  78  54 100  46   0   0
GRAND  228204 221027 13 F 0  74  52  47 1 1  90  3  0  74  50 100  44   0   0
GRAND  228204 221028 13 F 1  75  59  59 1 1 135  8  0  75  53 100  46   0   0
GRAND  228204 221029 13 F 1  72  64  76 1 1 180 13  0  76  58 100  58   0   0
GRAND  228204 221030 13 F 1  71  58  64 1 1 248  8  0  74  56 100  64   0   0
 
 
 
End of WIMS Bulletin @ 23-OCT-22 21:31:26 GMT

