SHUS62 KMWI 231831
FWOJAX
Weather Information Management System (WIMS)
USDA National Information Technology Center (KMWI)
23-OCT-22 18:31:05 GMT
 
Listing of Observations (Jacksonville, FL)
 
ST NME STAT'N   DATE HR T W DBT DPT  RH Y M DIR WS 10 TMX TMN HMX HMN PD PPAMT
------ ------ ------ -- - - --- --- --- - - --- -- -- --- --- --- --- -- -----
Stations not in a Zone:
OLUSTE 081301 221023 13 R 1  83  56  41 0 0 110  2     83  43 100  27  0 0.000
EDDY T 081302 221023 12 R 2  81  56  43 0 0 101  2     81  42  97  24  0 0.000
FLAGLE 089902 221023 13 O 0  78  61  55 0 0 335  6     78  53  96  55  0 0.000
ST. JO 089905 221023 13 O 0  78  61  55 0 0 335  6     78  53  96  55  0 0.000
CLAY   089922 221023 13 O 0  77  58  52 0 0 358  2     77  52  97  52  0 0.000
DUVAL  089924 221023 13 O 0  78  62  57 0 0  10  6     78  50  93  24  0 0.000
NASSAU 089926 221023 13 O 0  78  62  57 0 0  10  6     78  50  93  24  0 0.000
BAKER  089933 221023 13 O 0  75  61  62 0 0  32  2     76  46  81  32  0 0.000
COLUMB 089935 221023 13 O 0  73  53  49 0 0  60  6     73  44 100  24  0 0.000
HAMILT 089936 221023 13 O 0  74  56  53 0 0  42  4     76  42  96  27  0 0.000
SUWANN 089937 221023 13 O 0  74  56  53 0 0  42  4     76  42  96  27  0 0.000
UNION  089938 221023 13 O 0  74  59  60 0 0  49  3     75  46  97  45  0 0.000
ALACHU 089939 221023 13 O 0  78  52  41 0 0   0  4     78  48  93  20  0 0.000
GILCHR 089941 221023 13 O 0  78  59  52 0 0   5  4     78  51  93  46  0 0.000
MARION 089944 221023 13 O 1  78  61  55 0 0  64  4     78  56  89  55  0 0.000
PUTNAM 089946 221023 13 O 0  77  58  52 0 0 358  2     77  52  97  52  0 0.000
BRUNSW 098801 221023 13 R 2  80  54  41 0 0  35  3     80  45  99  27  0 0.000
WAYCRO 099701 221023 13 R 1  80  54  42 0 0  96  4     80  46  94  26  0 0.000
OKEFEN 099802 221023 13 R 1  80  54  41 0 0 348  3     80  42  96  25  0 0.000
OKE-NW 099803 221023 13 R 2  80  56  44 0 0 131  3     80  38 100  26  0 0.000
STAFFO 099902 221023 13 R 1  77  64  66 0 0  27  5     77  45  98  45  0 0.000
 
 
 
End of WIMS Bulletin @ 23-OCT-22 18:31:05 GMT

