SHUS61 KMWI 232025
FWOBGM
Weather Information Management System (WIMS)
USDA National Information Technology Center (KMWI)
23-OCT-22 20:25:41 GMT
 
Listing of Forecasted Observations (Binghamton, NY)
 
ST NME STAT'N   DATE HR T W DBT DPT  RH Y M DIR WS 10 TMX TMN HMX HMN PD1 PD2
------ ------ ------ -- - - --- --- --- - - --- -- -- --- --- --- ---  --  --
Stations not in a Zone:
SHERBU 300171 221024 13 F 1  65  54  69 1 1 360  3  0  66  46 100  46   0   0
SHERBU 300171 221025 13 F 2  66  58  76 1 1 180  8  0  68  51 100  65   0   0
SHERBU 300171 221026 13 F 2  67  58  73 1 1 180 11  0  68  57 100  70   0   0
SHERBU 300171 221027 13 F 2  54  42  65 1 1 338 10  0  68  47  96  64   0   0
SHERBU 300171 221028 13 F 2  56  38  51 1 1  68  4  0  57  36  96  49   0   0
SHERBU 300171 221029 13 F 2  56  39  53 1 1 180  4  0  57  38  89  49   0   0
SHERBU 300171 221030 13 F 2  57  41  56 1 1 158  5  0  59  39 100  51   0   0
GANG M 301011 221024 13 F 1  70  54  57 1 1  23  2  0  73  45 100  36   0   0
GANG M 301011 221025 13 F 2  67  58  74 1 1 180  6  0  73  50 100  53   0   0
GANG M 301011 221026 13 F 2  66  55  70 1 1 180 10  0  69  58  96  68   0   0
GANG M 301011 221027 13 F 1  55  41  61 1 1 338  9  0  68  46  93  59   0   0
GANG M 301011 221028 13 F 2  55  39  55 1 1  68  5  0  57  37 100  53   0   0
GANG M 301011 221029 13 F 2  58  43  58 1 1 180  4  0  61  41  96  53   0   0
GANG M 301011 221030 13 F 2  59  44  59 1 1 158  6  0  61  42 100  55   0   0
RIENZE 360151 221024 13 F 2  67  56  70 1 1 338  3  0  71  48 100  40   0   0
RIENZE 360151 221025 13 F 2  68  61  81 1 1 180  5  0  68  52 100  68   0   0
RIENZE 360151 221026 13 F 2  67  58  75 1 1 180  8  0  68  58 100  75   0   0
RIENZE 360151 221027 13 F 1  58  44  60 1 1 360  8  0  68  48  96  59   0   0
RIENZE 360151 221028 13 F 2  58  41  54 1 1  45  4  0  59  38 100  53   0   0
RIENZE 360151 221029 13 F 2  58  43  58 1 1 158  3  0  59  41  92  53   0   0
RIENZE 360151 221030 13 F 2  59  45  61 1 1 135  4  0  60  42 100  55   0   0
THORNH 360791 221024 13 F 2  62  56  82 1 1 338  4  0  63  48 100  54   0   0
THORNH 360791 221025 13 F 2  64  61  91 1 1 158  6  0  65  52 100  81   0   0
THORNH 360791 221026 13 F 2  63  59  88 1 1 180 10  0  65  57 100  87   0   0
THORNH 360791 221027 13 F 1  55  44  68 1 1 338 12  0  64  47 100  66   0   0
THORNH 360791 221028 13 F 2  55  41  60 1 1  68  5  0  56  39  92  59   0   0
THORNH 360791 221029 13 F 2  55  42  62 1 1  90  5  0  56  39  92  59   0   0
THORNH 360791 221030 13 F 2  56  44  66 1 1 135  6  0  57  41 100  61   0   0
ASHLEY 360792 221024 13 F 2  66  57  75 1 1  23  3  0  69  49 100  55   0   0
ASHLEY 360792 221025 13 F 2  68  63  85 1 1 180  5  0  71  54 100  68   0   0
ASHLEY 360792 221026 13 F 2  67  60  79 1 1 180  8  0  71  58 100  73   0   0
ASHLEY 360792 221027 13 F 1  59  46  62 1 1 360  9  0  70  49 100  58   0   0
ASHLEY 360792 221028 13 F 2  58  43  58 1 1  45  4  0  62  40  96  54   0   0
ASHLEY 360792 221029 13 F 2  58  44  60 1 1  90  3  0  62  40  92  54   0   0
ASHLEY 360792 221030 13 F 2  60  47  63 1 1 135  4  0  63  42 100  56   0   0
CAMP W 361031 221024 13 F 2  62  57  86 1 1 360  3  0  65  47 100  54   0   0
CAMP W 361031 221025 13 F 2  65  62  92 1 1 158  3  0  65  52 100  81   0   0
CAMP W 361031 221026 13 F 2  65  61  90 1 1 180  6  0  66  58 100  87   0   0
CAMP W 361031 221027 13 F 1  60  46  61 1 1 338  8  0  66  48 100  58   0   0
CAMP W 361031 221028 13 F 2  56  41  59 1 1  68  4  0  61  41  93  57   0   0
CAMP W 361031 221029 13 F 2  56  43  62 1 1  68  3  0  57  39  96  57   0   0
CAMP W 361031 221030 13 F 2  58  46  65 1 1 113  4  0  58  40 100  59   0   0
LOCH L 361802 221024 13 F 2  61  57  89 1 1 360  2  0  63  48 100  53   0   0
LOCH L 361802 221025 13 F 2  67  64  91 1 1 135  2  0  68  53 100  84   0   0
LOCH L 361802 221026 13 F 2  66  62  89 1 1 180  4  0  68  60 100  87   0   0
LOCH L 361802 221027 13 F 1  62  47  60 1 1 338  8  0  67  50 100  60   0   0
LOCH L 361802 221028 13 F 2  58  42  57 1 1  68  3  0  63  42  93  55   0   0
LOCH L 361802 221029 13 F 2  57  43  60 1 1  68  3  0  59  39  96  55   0   0
LOCH L 361802 221030 13 F 2  59  46  64 1 1 113  3  0  60  41 100  59   0   0
 
 
 
End of WIMS Bulletin @ 23-OCT-22 20:25:41 GMT

