SHUS63 KMWI 232131
FWOBIS
Weather Information Management System (WIMS)
USDA National Information Technology Center (KMWI)
23-OCT-22 21:31:25 GMT
 
Listing of Forecasted Observations (Bismarck, ND)
 
ST NME STAT'N   DATE HR T W DBT DPT  RH Y M DIR WS 10 TMX TMN HMX HMN PD1 PD2
------ ------ ------ -- - - --- --- --- - - --- -- -- --- --- --- ---  --  --
Stations not in a Zone:
CROSBY 320101 221024 13 F 2  32  28  86 1 1 315 29  0  40  26 100  85  11   6
CROSBY 320101 221025 13 F 2  36  30  80 1 1 293 16  0  36  23 100  79   0   0
CROSBY 320101 221026 13 F 1  35  30  85 1 1 180 11  0  37  22 100  75   0   0
CROSBY 320101 221027 13 F 1  39  32  77 1 1 225 14  0  39  24 100  76   0   0
CROSBY 320101 221028 13 F 1  42  32  68 1 1 225 19  0  42  27 100  67   0   0
CROSBY 320101 221029 13 F 1  43  32  65 1 1 225 18  0  44  28 100  65   0   0
CROSBY 320101 221030 13 F 1  45  32  62 1 1 248 18  0  45  30  96  60   0   0
LOSTWO 320220 221024 13 F 3  29  27  95 2 2 315 26  0  41  28 100  89  10   7
LOSTWO 320220 221025 13 F 2  34  31  90 1 1 293 17  0  35  23 100  88   0   0
LOSTWO 320220 221026 13 F 1  37  32  82 1 1 180  9  0  38  24 100  79   0   0
LOSTWO 320220 221027 13 F 1  39  34  83 1 1 225 11  0  39  27 100  73   0   0
LOSTWO 320220 221028 13 F 1  42  32  70 1 1 248 19  0  43  29 100  67   0   0
LOSTWO 320220 221029 13 F 1  46  32  60 1 1 225 17  0  46  31 100  60   0   0
LOSTWO 320220 221030 13 F 1  48  33  57 1 1 248 16  0  48  32  89  56   0   0
J. CLA 320401 221024 13 F 3  34  31  89 3 3 315 25  0  54  34 100  66   8   7
J. CLA 320401 221025 13 F 2  38  32  79 1 1 293 13  0  38  25 100  79   0   0
J. CLA 320401 221026 13 F 1  42  31  66 1 1 158  9  0  42  24 100  65   0   0
J. CLA 320401 221027 13 F 1  43  35  76 1 1 180  9  0  44  27 100  62   0   0
J. CLA 320401 221028 13 F 1  49  34  58 1 1 225 17  0  49  28 100  58   0   0
J. CLA 320401 221029 13 F 1  50  33  52 1 1 203 14  0  51  30  96  50   0   0
J. CLA 320401 221030 13 F 1  51  33  51 1 1 225 13  0  52  32  85  46   0   0
DEVILS 321401 221024 13 F 3  37  37 100 3 3 293 21  0  63  37 100  60   7   7
DEVILS 321401 221025 13 F 2  39  32  78 1 1 270 13  0  39  31 100  78   0   0
DEVILS 321401 221026 13 F 1  40  31  70 1 1 180 10  0  41  27 100  70   0   0
DEVILS 321401 221027 13 F 2  43  36  77 1 1 180 10  0  43  34  96  63   0   0
DEVILS 321401 221028 13 F 1  47  35  63 1 1 225 15  0  47  33  99  63   0   0
DEVILS 321401 221029 13 F 2  49  34  58 1 1 225 15  0  49  35  86  58   0   0
DEVILS 321401 221030 13 F 1  48  33  56 1 1 248 16  0  51  35  87  54   0   0
WATFOR 321703 221024 13 F 3  32  29  89 1 1 293 26  0  47  28 100  86  11   7
WATFOR 321703 221025 13 F 1  38  31  78 1 1 293 17  0  39  25 100  76   0   0
WATFOR 321703 221026 13 F 1  41  32  71 1 1 180  9  0  42  26 100  67   0   0
WATFOR 321703 221027 13 F 1  41  33  75 1 1 248 11  0  45  28 100  60   0   0
WATFOR 321703 221028 13 F 1  47  31  55 1 1 248 18  0  47  31  85  53   0   0
WATFOR 321703 221029 13 F 1  49  30  48 1 1 225 16  0  49  33  82  48   0   0
WATFOR 321703 221030 13 F 1  50  32  51 1 1 248 17  0  51  34  78  44   0   0
PAINTE 322503 221024 13 F 3  32  29  91 1 1 293 26  0  47  27 100  79  11   6
PAINTE 322503 221025 13 F 1  43  32  66 1 1 270 19  0  44  28 100  62   0   0
PAINTE 322503 221026 13 F 1  47  29  50 1 1 180 10  0  47  28  96  49   0   0
PAINTE 322503 221027 13 F 1  44  32  64 1 1 270 10  0  49  30 100  46   0   0
PAINTE 322503 221028 13 F 1  51  28  42 1 1 248 17  0  51  31  82  42   0   0
PAINTE 322503 221029 13 F 1  51  28  42 1 1 225 13  0  52  33  72  39   0   0
PAINTE 322503 221030 13 F 1  51  30  45 1 1 248 16  0  53  34  75  38   0   0
KNIFE  322701 221024 13 F 3  34  30  87 3 3 293 26  0  56  33 100  64   9   7
KNIFE  322701 221025 13 F 1  45  34  67 1 1 270 19  0  46  26 100  65   0   0
KNIFE  322701 221026 13 F 1  46  32  60 1 1 180  9  0  46  26 100  60   0   0
KNIFE  322701 221027 13 F 1  46  36  70 1 1 248  8  0  49  30 100  50   0   0
KNIFE  322701 221028 13 F 1  52  33  49 1 1 248 17  0  52  29 100  48   0   0
KNIFE  322701 221029 13 F 1  52  31  46 1 1 203 13  0  53  31  82  43   0   0
KNIFE  322701 221030 13 F 1  52  33  49 1 1 248 13  0  54  33  79  41   0   0
LONG L 322901 221024 13 F 3  35  30  85 3 3 293 29  0  67  35 100  52   3   7
LONG L 322901 221025 13 F 1  47  33  58 1 1 270 19  0  47  26 100  56   0   0
LONG L 322901 221026 13 F 1  47  31  55 1 1 180 11  0  48  26 100  51   0   0
LONG L 322901 221027 13 F 2  47  36  66 1 1 203  9  0  49  34  96  46   0   0
LONG L 322901 221028 13 F 0  51  30  46 1 1 225 18  0  52  30 100  44   0   0
LONG L 322901 221029 13 F 1  52  31  45 1 1 203 17  0  53  33  82  41   0   0
LONG L 322901 221030 13 F 1  52  32  47 1 1 225 16  0  55  33  82  39   0   0
ARROWW 323536 221024 13 F 3  39  34  85 2 3 293 26  0  69  38 100  49   0   5
ARROWW 323536 221025 13 F 1  47  33  58 1 1 270 17  0  47  28  96  56   0   0
ARROWW 323536 221026 13 F 1  45  30  56 1 1 180 10  0  48  27 100  54   0   0
ARROWW 323536 221027 13 F 2  47  38  71 1 1 158 11  0  47  33  96  51   0   0
ARROWW 323536 221028 13 F 0  51  33  51 1 1 225 17  0  52  32 100  50   0   0
ARROWW 323536 221029 13 F 1  53  33  47 1 1 203 16  0  53  34  89  44   0   0
ARROWW 323536 221030 13 F 1  53  33  47 1 1 203 16  0  54  35  82  44   0   0
SAND C 323804 221024 13 F 2  34  28  79 1 1 293 31  0  46  26 100  78  11   6
SAND C 323804 221025 13 F 1  45  31  58 1 1 270 23  0  46  28 100  55   0   0
SAND C 323804 221026 13 F 2  49  28  45 1 1 158 13  0  49  27 100  44   0   0
SAND C 323804 221027 13 F 1  46  29  53 1 1 270 12  0  51  30 100  41   0   0
SAND C 323804 221028 13 F 1  52  27  38 1 1 248 18  0  53  30  85  36   0   0
SAND C 323804 221029 13 F 1  53  27  37 1 1 225 16  0  54  33  75  35   0   0
SAND C 323804 221030 13 F 1  54  29  38 1 1 248 17  0  55  33  78  34   0   0
WILLIA 324101 221024 13 F 3  34  28  81 1 2 293 32  0  55  29 100  55   7   7
WILLIA 324101 221025 13 F 1  47  30  53 1 1 270 23  0  48  27 100  51   0   0
WILLIA 324101 221026 13 F 1  48  28  46 1 1 180 13  0  48  26 100  46   0   0
WILLIA 324101 221027 13 F 1  46  32  60 1 1 315 12  0  49  32 100  42   0   0
WILLIA 324101 221028 13 F 0  52  27  39 1 1 248 19  0  52  28  92  39   0   0
WILLIA 324101 221029 13 F 1  53  27  37 1 1 203 17  0  54  31  81  35   0   0
WILLIA 324101 221030 13 F 1  53  29  40 1 1 270 17  0  54  33  78  34   0   0
TATANK 328501 221024 13 F 3  36  28  74 2 2 293 31  0  65  31 100  58   5   7
TATANK 328501 221025 13 F 1  49  32  52 1 1 293 20  0  49  27  96  50   0   0
TATANK 328501 221026 13 F 1  48  28  46 1 1 180 12  0  51  27  96  44   0   0
TATANK 328501 221027 13 F 1  48  36  63 1 1 315 10  0  51  34  92  41   0   0
TATANK 328501 221028 13 F 0  52  28  40 1 1 225 17  0  53  29  92  39   0   0
TATANK 328501 221029 13 F 1  52  28  40 1 1 180 17  0  55  33  82  35   0   0
TATANK 328501 221030 13 F 1  52  29  41 1 1 225 14  0  55  33  78  35   0   0
 
 
 
End of WIMS Bulletin @ 23-OCT-22 21:31:25 GMT

