SHUS61 KMWI 232025
FWOCAR
Weather Information Management System (WIMS)
USDA National Information Technology Center (KMWI)
23-OCT-22 20:25:41 GMT
 
Listing of Forecasted Observations (Caribou, ME)
 
ST NME STAT'N   DATE HR T W DBT DPT  RH Y M DIR WS 10 TMX TMN HMX HMN PD1 PD2
------ ------ ------ -- - - --- --- --- - - --- -- -- --- --- --- ---  --  --
Stations not in a Zone:
CLAYTO 170031 221024 13 F 3  57  50  80 1 1 113  2  0  72  45  93  38   0   0
CLAYTO 170031 221025 13 F 2  66  58  78 1 1 180  4  0  66  50 100  78   0   0
CLAYTO 170031 221026 13 F 2  65  59  81 1 1 180  5  0  66  53 100  78   0   0
CLAYTO 170031 221027 13 F 1  59  46  62 1 1 270  9  0  65  50 100  62   0   0
CLAYTO 170031 221028 13 F 1  50  28  44 1 1 338  4  0  59  31  88  44   0   0
CLAYTO 170031 221029 13 F 2  50  33  52 1 1 248  4  0  50  29  88  44   0   0
CLAYTO 170031 221030 13 F 1  55  38  53 1 1 270  4  0  55  33  92  52   0   0
SAINT  170032 221024 13 F 3  55  48  80 1 1 113  3  0  70  44  93  39   0   0
SAINT  170032 221025 13 F 2  64  57  78 1 1 203  4  0  64  50 100  78   0   0
SAINT  170032 221026 13 F 2  64  57  78 1 1 180  6  0  64  53 100  78   0   0
SAINT  170032 221027 13 F 1  56  43  62 1 1 293  9  0  64  49 100  62   0   0
SAINT  170032 221028 13 F 1  47  26  45 1 1 338  4  0  56  31  85  45   0   0
SAINT  170032 221029 13 F 2  48  30  51 1 1 225  5  0  48  29  88  45   0   0
SAINT  170032 221030 13 F 1  52  35  54 1 1 270  5  0  52  33  92  51   0   0
MAY MO 170033 221024 13 F 8  57  52  86 1 1  90  3  0  68  47 100  54   0   0
MAY MO 170033 221025 13 F 2  65  61  87 1 1 180  4  0  65  53 100  83  11   0
MAY MO 170033 221026 13 F 2  65  61  90 1 1 158  4  0  65  56 100  87   0   0
MAY MO 170033 221027 13 F 1  65  52  63 1 1 293  9  0  65  55 100  63   0   0
MAY MO 170033 221028 13 F 1  52  31  46 1 1 360  6  0  65  36  79  46   0   0
MAY MO 170033 221029 13 F 1  51  37  59 1 1 270  4  0  52  32  85  46   0   0
MAY MO 170033 221030 13 F 1  55  40  59 1 1 293  5  0  55  35  92  59   0   0
ISLE A 170131 221024 13 F 3  58  56  96 1 2 113 10  0  60  51 100  80   9   7
ISLE A 170131 221025 13 F 2  61  60  97 2 2 180  5  0  61  55 100  93   0   0
ISLE A 170131 221026 13 F 2  63  60  90 1 2  90  7  0  63  56 100  90   0   0
ISLE A 170131 221027 13 F 1  63  56  78 2 1 270  9  0  63  56 100  78   0   0
ISLE A 170131 221028 13 F 1  55  40  57 1 1  23 11  0  63  46  80  57   0   0
ISLE A 170131 221029 13 F 2  54  42  66 1 1  45  8  0  55  45  83  57   0   0
ISLE A 170131 221030 13 F 1  57  46  67 1 1 270  8  0  57  47  89  66   0   0
DOLBY  170191 221024 13 F 8  57  54  90 1 1  68  3  0  65  47 100  58   0   5
DOLBY  170191 221025 13 F 2  64  61  93 1 1 180  3  0  64  53 100  86  11   0
DOLBY  170191 221026 13 F 2  64  61  93 1 1 135  3  0  65  57 100  90   0   0
DOLBY  170191 221027 13 F 1  65  52  63 1 1 293  8  0  65  55 100  63   0   0
DOLBY  170191 221028 13 F 1  53  33  48 1 1 360  5  0  65  37  82  48   0   0
DOLBY  170191 221029 13 F 1  51  38  61 1 1 293  3  0  53  33  92  48   0   0
DOLBY  170191 221030 13 F 1  56  41  59 1 1 293  4  0  56  36  96  59   0   0
INDIAN 170211 221024 13 F 8  55  52  90 1 1 113  4  0  68  48  96  37   0   5
INDIAN 170211 221025 13 F 2  64  59  84 1 1 180  4  0  64  52 100  84   8   0
INDIAN 170211 221026 13 F 2  62  58  87 1 1 135  5  0  64  56 100  84   0   0
INDIAN 170211 221027 13 F 1  60  47  64 1 1 293 10  0  62  53 100  64   0   0
INDIAN 170211 221028 13 F 1  50  30  46 1 1 360  6  0  60  36  82  46   0   0
INDIAN 170211 221029 13 F 1  49  34  56 1 1 248  5  0  50  34  85  46   0   0
INDIAN 170211 221030 13 F 1  53  38  57 1 1 315  5  0  53  37  89  56   0   0
NARRAG 170291 221024 13 F 8  58  58 100 1 1  90  5  0  65  51 100  60   0   8
NARRAG 170291 221025 13 F 2  65  64  97 1 1 180  4  0  65  57 100  93  12   0
NARRAG 170291 221026 13 F 2  63  62 100 1 1 113  5  0  65  57 100  96   0   0
NARRAG 170291 221027 13 F 1  65  57  78 1 1 293  8  0  65  57 100  78   0   0
NARRAG 170291 221028 13 F 1  52  38  59 1 1 360  8  0  65  39  85  59   0   0
NARRAG 170291 221029 13 F 1  51  41  71 1 1 360  5  0  52  36  96  59   0   0
NARRAG 170291 221030 13 F 1  55  46  72 1 1 293  5  0  55  40  96  71   0   0
COBSCO 170292 221024 13 F 3  60  57  90 1 2  90  5  0  63  51 100  65   0   0
COBSCO 170292 221025 13 F 2  65  61  87 2 1 180  2  0  65  56 100  87  13   0
COBSCO 170292 221026 13 F 2  64  61  93 1 1  90  2  0  65  55 100  87   0   0
COBSCO 170292 221027 13 F 2  67  58  75 1 1 270  5  0  67  55 100  75   9   0
COBSCO 170292 221028 13 F 1  56  37  49 1 1 360  7  0  67  42  83  49   0   0
COBSCO 170292 221029 13 F 1  54  42  64 1 1  23  4  0  56  39  89  49   0   0
COBSCO 170292 221030 13 F 1  58  45  62 1 1 293  4  0  58  42  93  62   0   0
MCFARL 170791 221024 13 F 3  60  55  86 1 2  90  6  0  64  53 100  67   5   7
MCFARL 170791 221025 13 F 2  66  59  80 2 1 180  3  0  66  56 100  78  10   0
MCFARL 170791 221026 13 F 2  64  59  84 1 1  90  5  0  66  56 100  78   0   0
MCFARL 170791 221027 13 F 1  68  54  63 1 1 293  8  0  68  57 100  63   0   0
MCFARL 170791 221028 13 F 1  56  35  46 1 1  23  8  0  68  44  74  45   0   0
MCFARL 170791 221029 13 F 2  55  40  57 1 1  23  6  0  56  41  86  45   0   0
MCFARL 170791 221030 13 F 1  59  43  56 1 1 270  6  0  60  44  89  55   0   0
MOOSEH 170850 221024 13 F 8  59  56  90 1 2  90  5  0  67  49 100  50   0   5
MOOSEH 170850 221025 13 F 2  66  62  90 2 1 180  2  0  66  55 100  87  15   0
MOOSEH 170850 221026 13 F 2  64  61  92 1 1 113  2  0  66  55 100  87   0   0
MOOSEH 170850 221027 13 F 1  67  57  72 1 1 293  6  0  68  55 100  70   9   0
MOOSEH 170850 221028 13 F 1  54  36  51 1 1 360  5  0  68  40  85  48   0   0
MOOSEH 170850 221029 13 F 1  54  41  62 1 1 360  3  0  55  36  92  48   0   0
MOOSEH 170850 221030 13 F 1  57  43  61 1 1 293  3  0  58  39  96  59   0   0
TURNER 172501 221024 13 F 3  56  49  80 1 1 113  3  0  73  46  89  30   0   0
TURNER 172501 221025 13 F 2  66  57  73 1 1 180  3  0  66  50 100  70   0   0
TURNER 172501 221026 13 F 2  65  57  76 1 1 158  5  0  66  53 100  70   0   0
TURNER 172501 221027 13 F 2  56  43  63 1 1 270  8  0  65  50 100  62   0   0
TURNER 172501 221028 13 F 1  49  27  43 1 1 360  4  0  56  31  89  42   0   0
TURNER 172501 221029 13 F 2  49  30  49 1 1 225  3  0  49  30  85  42   0   0
TURNER 172501 221030 13 F 1  54  36  52 1 1 270  3  0  54  32 100  48   0   0
 
 
 
End of WIMS Bulletin @ 23-OCT-22 20:25:41 GMT

