SHUS65 KMWI 232125
FWORIW
Weather Information Management System (WIMS)
USDA National Information Technology Center (KMWI)
23-OCT-22 21:25:47 GMT
 
Listing of Observations (Riverton, WY)
 
ST NME STAT'N   DATE HR T W DBT DPT  RH Y M DIR WS 10 TMX TMN HMX HMN PD PPAMT
------ ------ ------ -- - - --- --- --- - - --- -- -- --- --- --- --- -- -----
Stations not in a Zone:
DRY CR 480206 221023 13 R 3  36  28  75 0 0  12 15     59  31 100  32  3 0.040
WILLOW 480302 221023 13 R 3  39  28  66 0 0  16 17     56  35  95  43 12 0.180
PISTOL 480902 221023 13 R 3  39  32  77 0 0 335 19     69  35  96  22  8 0.230
NWS Office:  RIW/Zone: 140
BECHLE 480101 221023 12 R 3  33  29  86 0 0 235  2     36  27 100  86  4 0.160
OLDFAT 480107 221023 13 R 3  31  27  85 0 0 325  1     35  26 100  81 10 0.140
MAMMOT 480111 221023 13 R 3  32  21  66 0 0 343 13     41  29  95  66  5 0.070
QUADRA 480115 221023 12 R 3  26  21  82 0 0   5  5     33  21  98  82  0 0.000
CABIN  480118 221023 13 R 3  22  18  86 0 0 309 12     36  21  94  74  1 0.020
SODA B 480119 221023 13 R 3  28  19  71 0 0 169  3     35  23  98  71  1 0.010
GREBE  480120 221023 12 R 2  28  16  61 0 0 338 10     37  23  93  61  5 0.310
Count:     7  Zone Average:  29  22  77          7  0  36  24  97  75  4 0.101
 
Zone: 277
MUDDY  481801 221023 12 R 3  35  20  56 0 0 318 17     51  27  98  46  2 0.030
Count:     1  Zone Average:  35  20  56         17  0  51  27  98  46  2 0.030
 
Zone: 278
ANDERS 481903 221023 12 R 3  29  23  78 0 0 210  7     41  24  98  66  6 0.170
Count:     1  Zone Average:  29  23  78          7  0  41  24  98  66  6 0.170
 
Zone: 279
SNOW S 481904 221023 12 R 3  29  22  76 0 0 279 17     51  25  96  30  0 0.000
Count:     1  Zone Average:  29  22  76         17  0  51  25  96  30  0 0.000
 
Zone: 282
HYATT  480307 221023 12 R 3  33  30  92 0 0 311 11     60  32 100  29  0 0.000
SPLITR 480904 221023 12 R 3  29  27  94 0 0 310 14     58  29  99  32  5 0.100
Count:     2  Zone Average:  31  29  93         13  0  59  31 100  31  3 0.050
 
Zone: 283
SHARPN 481412 221023 12 R 3  34  31  92 0 0  27  8     64  32  97  25  2 0.060
Count:     1  Zone Average:  34  31  92          8  0  64  32  97  25  2 0.060
 
Zone: 285
POKER  481003 221023 12 R 3  30  26  87 0 0 291 20     57  30 100  33  3 0.140
Count:     1  Zone Average:  30  26  87         20  0  57  30 100  33  3 0.140
 
Zone: 286
RATTLE 480212 221023 12 R 3  30  19  64 0 0 312  4     46  25  99  46  0 0.000
CRANDA 480213 221023 13 R 3  34  15  46 0 0 281 17     49  32  90  46  1 0.010
EAGLE  480214 221023 12 R 3  28  20  72 0 0 313 17     39  26  96  67  2 0.030
ELKHOR 481410 221023 12 R 2  31  10  41 0 0 325 12     45  25  87  41  0 0.000
Count:     4  Zone Average:  31  16  56         13  0  45  27  93  50  1 0.010
 
Zone: 287
GRASS  480804 221023 12 R 4  29  28  96 0 0  23 10     56  27  99  30  1 0.050
Count:     1  Zone Average:  29  28  96         10  0  56  27  99  30  1 0.050
 
Zone: 288
WINDRI 481411 221023 13 R 4  24  23  99 0 0 110  5     37  22 100  70  1 0.010
Count:     1  Zone Average:  24  23  99          5  0  37  22 100  70  1 0.010
 
Zone: 289
CASPER 481502 221023 12 R 4  30  29  96 0 0 330  7     53  28  99  28  0 0.000
FALES  481504 221023 13 R 4  30  29  97 0 0 298 15     59  30  98  30  3 0.040
CAMP C 482010 221023 12 R 4  28  27  96 0 0 294 19     57  28  96  27  0 0.000
Count:     3  Zone Average:  29  28  96         14  0  56  29  98  28  1 0.013
 
Zone: 414
SNIDER 481306 221023 12 O 3  28  15  58 0 0 284 21     42  24  90  51  2 0.050
Count:     1  Zone Average:  28  15  58         21  0  42  24  90  51  2 0.050
 
Zone: 415
BURRO  480707 221023 12 O 3  32  23  70 0 0 304  6     42  26  99  70  4 0.060
GRAND  480708 221023 13 O 3  33  17  51 0 0 294  8     42  28  98  51  4 0.050
KELLY  481208 221023 13 O 3  22  20  92 0 0 300  7     37  21  98  87  1 0.020
HOBACK 481302 221023 12 O 0  37  21  53 0 0 285 14     43  30  91  53  1 0.010
Count:     4  Zone Average:  31  20  67          9  0  41  26  97  65  3 0.035
 
Zone: 416
RASPBE 481307 221023 12 O 3  26  18  72 0 0 320  6     35  16  97  72  1 0.010
HALF M 481309 221023 12 O 3  29  15  56 0 0 270 11     40  22  96  56  0 0.000
Count:     2  Zone Average:  28  17  64          9  0  38  19  97  64  1 0.005
 
 
 
End of WIMS Bulletin @ 23-OCT-22 21:25:47 GMT

