SHUS65 KMWI 232046
FWOBYZ
Weather Information Management System (WIMS)
USDA National Information Technology Center (KMWI)
23-OCT-22 20:46:11 GMT
 
Listing of Observations (Billings, MT)
 
ST NME STAT'N   DATE HR T W DBT DPT  RH Y M DIR WS 10 TMX TMN HMX HMN PD PPAMT
------ ------ ------ -- - - --- --- --- - - --- -- -- --- --- --- --- -- -----
NWS Office:  BYZ/Zone: 123
SHENAN 244601 221023 12 R 3  33  29  87 0 0   3  2     39  28  99  87  5 0.180
HEBGEN 244603 221023 12 R 3  31  26  84 0 0  32  2     37  27  97  74  7 0.230
YELLOW 244606 221023 13 R 2  18  15  91 0 0 326 14     28  15  98  91  0 0.000
MAIN B 244705 221023 12 R 3  36  23  60 0 0 350  4     43  31 100  60  8 0.230
WICKED 244706 221023 13 R 3  24  21  91 0 0 316  8     34  21  98  82  1 0.030
CRAZY  244707 221023 13 R 3  22  20  93 0 0 258 15     34  21  99  93  2 0.130
DERBY  244803 221023 13 R 3  27  22  83 0 0  20 13     36  26 100  82  2 0.020
Count:     7  Zone Average:  27  22  84          8  0  36  24  99  81  4 0.117
 
Zone: 125
FISHTA 244902 221023 13 R 3  39  21  49 0 0 303 18     46  33  93  49  2 0.060
Count:     1  Zone Average:  39  21  49         18  0  46  33  93  49  2 0.060
 
Zone: 126
WILD H 245109 221023 12 R 3  25  20  83 0 0 336  6     42  22  99  56  1 0.010
TIMBER 245607 221023 13 R 3  30  23  78 0 0 270  6     45  29  95  67  1 0.010
Count:     2  Zone Average:  28  22  81          6  0  44  26  97  62  1 0.010
 
Zone: 127
HORSE  243704 221023 13 R 3  41  28  60 0 0 336 21     47  37 100  60  8 0.190
Count:     1  Zone Average:  41  28  60         21  0  47  37 100  60  8 0.190
 
Zone: 128
SODA S 245001 221023 13 R 3  34  32  95 0 0 281 13     51  34 100  62  9 0.130
Count:     1  Zone Average:  34  32  95         13  0  51  34 100  62  9 0.130
 
Zone: 129
WOLF M 245105 221023 13 R 4  31  31 100 0 0 307 20     48  30 100  68  5 0.130
PRYOR  245106 221023 13 R 4  25  24  98 0 0 286  0     47  25 100  67  6 0.220
BIG HO 245107 221023 13 R 3  22  20  93 0 0 328 14     47  22 100  41  0 0.000
HILLSB 245609 221023 13 R 3  44  30  59 0 0 313  6     60  37  94  39  9 0.170
Count:     4  Zone Average:  31  26  88         10  0  51  29  99  54  5 0.130
 
Zone: 131
BADGER 243902 221023 13 R 4  32  32 100 0 0 296 18     53  32 100  54  3 0.240
FORT H 245201 221023 13 R 3  37  32  83 0 0 301 17     59  37  97  44  5 0.570
BRADSH 245203 221023 13 R 3  35  30  85 0 0 312 17     59  34  92  40  6 0.430
Count:     3  Zone Average:  35  31  89         17  0  57  34  96  46  5 0.413
 
Zone: 132
COW CR 243906 221023 13 R 4  34  33  98 0 0 303 13     54  33  99  58  6 0.600
KNOWLT 244102 221023 12 R 4  39  38  97 0 0 302 11     52  39  98  63  4 0.050
Count:     2  Zone Average:  37  36  98         12  0  53  36  99  61  5 0.325
 
Zone: 133
CANNON 244301 221023 12 R 3  43  39  87 0 0 337 10     50  42  91  64  0 0.000
EKALAK 245303 221023 12 R 4  37  37 100 0 0 312 16     49  37 100  64  0 0.000
Count:     2  Zone Average:  40  38  94         13  0  50  40  96  64  0 0.000
 
Zone: 284
MILLCR 480306 221023 12 R 3  26  22  87 0 0 286 10     43  24  98  45  0 0.000
BURGES 480403 221023 13 R 3  26  22  86 0 0 326 13     47  25  99  39  0 0.000
LEIGH  480906 221023 13 R 3  26  24  92 0 0 282  9     48  24 100  36  2 0.020
SCHOOL 481002 221023 12 R 3  34  29  82 0 0 110  5     51  29 100  33  1 0.010
Count:     4  Zone Average:  28  24  87          9  0  47  26  99  38  1 0.007
 
 
 
End of WIMS Bulletin @ 23-OCT-22 20:46:12 GMT

