SHUS64 KMWI 232131
FWOOUN
Weather Information Management System (WIMS)
USDA National Information Technology Center (KMWI)
23-OCT-22 21:31:25 GMT
 
Listing of Forecasted Observations (Oklahoma City, OK)
 
ST NME STAT'N   DATE HR T W DBT DPT  RH Y M DIR WS 10 TMX TMN HMX HMN PD1 PD2
------ ------ ------ -- - - --- --- --- - - --- -- -- --- --- --- ---  --  --
Stations not in a Zone:
CHEROK 340640 221024 13 F 2  54  46  76 2 3 360 11  0  87  54  77  34   0   6
CHEROK 340640 221025 13 F 0  66  26  22 1 1 315 11  0  66  44  77  22   0   0
CHEROK 340640 221026 13 F 0  68  30  25 1 1 135 17  0  69  39  64  18   0   0
CHEROK 340640 221027 13 F 2  67  41  40 1 1 180 16  0  69  47  71  24   0   0
CHEROK 340640 221028 13 F 2  59  45  60 1 1  23  9  0  69  46  96  37   0   0
CHEROK 340640 221029 13 F 1  62  42  48 1 1  45  6  0  62  41  96  46   0   0
CHEROK 340640 221030 13 F 1  65  40  40 1 1 180  8  0  65  39  92  40   0   0
VINITA 341240 221024 13 F 8  64  63  97 1 1 225 12  0  83  64  97  47   0   6
VINITA 341240 221025 13 F 1  56  41  57 1 1 338 11  0  64  47 100  57  13   0
VINITA 341240 221026 13 F 0  65  38  38 1 1  90  4  0  65  38  89  38   0   0
VINITA 341240 221027 13 F 1  65  43  46 1 1 180  9  0  66  40 100  38   0   0
VINITA 341240 221028 13 F 2  60  49  69 1 1  45  5  0  66  44 100  45   0   0
VINITA 341240 221029 13 F 1  62  47  58 1 1  23  7  0  62  42 100  58   0   0
VINITA 341240 221030 13 F 1  63  47  56 1 1 270  5  0  63  41 100  54   0   0
SEILIN 341540 221024 13 F 2  53  45  76 1 3 360 13  0  84  52  83  36   0   5
SEILIN 341540 221025 13 F 0  66  26  22 1 1 315 12  0  66  42  79  22   0   0
SEILIN 341540 221026 13 F 0  68  32  27 1 1 158 18  0  69  39  67  19   0   0
SEILIN 341540 221027 13 F 2  67  43  42 1 2 180 17  0  70  46  73  25   0   0
SEILIN 341540 221028 13 F 1  58  43  59 2 2  23 10  0  69  45 100  39   0   0
SEILIN 341540 221029 13 F 1  62  39  44 1 1  23  8  0  63  40 100  43   0   0
SEILIN 341540 221030 13 F 1  64  37  38 1 1 203  9  0  64  39  96  38   0   0
LAHOMA 341640 221024 13 F 3  54  49  86 1 3 360 13  0  85  53  93  40   0   6
LAHOMA 341640 221025 13 F 0  65  30  27 1 1 315 12  0  65  44  86  27   0   0
LAHOMA 341640 221026 13 F 0  67  33  29 1 1 135 17  0  67  40  67  24   0   0
LAHOMA 341640 221027 13 F 1  67  43  43 1 2 180 17  0  68  47  74  28   0   0
LAHOMA 341640 221028 13 F 2  58  47  67 2 2  23  9  0  69  46 100  42   0   0
LAHOMA 341640 221029 13 F 1  62  45  54 1 1  23  8  0  62  41 100  52   0   0
LAHOMA 341640 221030 13 F 1  64  42  46 1 1 203  9  0  64  40  93  46   0   0
RED RO 341840 221024 13 F 3  54  54 100 1 3 360 14  0  83  54 100  44   0   7
RED RO 341840 221025 13 F 0  61  35  39 2 1 315 13  0  62  44 100  38   0   0
RED RO 341840 221026 13 F 0  66  39  37 1 1 135 13  0  66  39  82  34   0   0
RED RO 341840 221027 13 F 1  65  45  50 1 1 158 17  0  67  45  82  36   0   0
RED RO 341840 221028 13 F 2  59  51  75 1 1  23 10  0  67  47 100  47   0   0
RED RO 341840 221029 13 F 1  61  47  60 1 1  23  9  0  61  43 100  58   0   0
RED RO 341840 221030 13 F 1  63  46  54 1 1 225  9  0  63  41 100  52   0   0
INOLA  342040 221024 13 F 8  66  65  97 1 1 248 11  0  82  66 100  49   0   6
INOLA  342040 221025 13 F 1  57  41  57 1 1 338 10  0  66  49 100  57  15   2
INOLA  342040 221026 13 F 0  65  41  43 1 1  90  3  0  65  39  92  43   0   0
INOLA  342040 221027 13 F 1  65  45  50 1 1 180  8  0  66  44  96  40   0   0
INOLA  342040 221028 13 F 2  61  51  72 1 1  45  4  0  67  47 100  47   0   0
INOLA  342040 221029 13 F 1  62  50  65 1 1  23  4  0  62  46 100  65   0   0
INOLA  342040 221030 13 F 1  64  48  58 1 1 270  4  0  64  44 100  58   0   0
JAY    342240 221024 13 F 8  66  66 100 1 1 203 11  0  82  66 100  47   0   5
JAY    342240 221025 13 F 1  54  42  66 1 1 338 10  0  66  48 100  66  15   2
JAY    342240 221026 13 F 0  64  39  40 1 1  68  4  0  64  37  92  40   0   0
JAY    342240 221027 13 F 1  64  43  48 1 1 180  8  0  64  41  96  40   0   0
JAY    342240 221028 13 F 2  60  49  69 1 1  45  4  0  65  44 100  48   0   0
JAY    342240 221029 13 F 1  60  49  67 1 1  23  4  0  61  43 100  65   0   0
JAY    342240 221030 13 F 1  61  49  67 1 1 270  4  0  61  43 100  62   0   0
WATONG 342540 221024 13 F 2  54  48  82 1 3 360 13  0  83  52  86  41   0   7
WATONG 342540 221025 13 F 0  64  29  27 1 1 315 12  0  64  44  86  27   0   0
WATONG 342540 221026 13 F 0  66  35  32 1 1 158 17  0  66  43  65  24   0   0
WATONG 342540 221027 13 F 1  66  44  46 1 2 180 17  0  67  49  71  32   0   0
WATONG 342540 221028 13 F 2  56  46  70 2 2  23 11  0  68  48  96  43   0   0
WATONG 342540 221029 13 F 1  61  42  50 1 1  23 10  0  61  43 100  49   0   0
WATONG 342540 221030 13 F 1  62  41  46 1 1 203  9  0  62  42  93  44   0   0
GUTHRI 342640 221024 13 F 3  55  55 100 1 3 360 12  0  83  55 100  46   0   6
GUTHRI 342640 221025 13 F 0  62  37  40 2 1 315 11  0  62  46 100  39   0   0
GUTHRI 342640 221026 13 F 0  66  40  39 1 1 135 12  0  66  42  76  37   0   0
GUTHRI 342640 221027 13 F 1  66  47  52 1 2 180 16  0  67  48  80  38   0   0
GUTHRI 342640 221028 13 F 2  58  53  84 2 2  45  8  0  68  49 100  49   0   0
GUTHRI 342640 221029 13 F 1  61  48  63 1 1 360  8  0  61  45 100  62   0   0
GUTHRI 342640 221030 13 F 1  63  47  57 1 1 225  6  0  63  42 100  56   0   0
TAHLEQ 343140 221024 13 F 8  67  63  87 1 1 203 11  0  81  66  90  44   0   6
TAHLEQ 343140 221025 13 F 1  55  39  55 1 1 315  9  0  67  49  96  55  15   2
TAHLEQ 343140 221026 13 F 0  65  35  34 1 1  90  3  0  65  39  85  34   0   0
TAHLEQ 343140 221027 13 F 1  64  41  43 1 1 158  7  0  66  44  86  34   0   0
TAHLEQ 343140 221028 13 F 2  61  47  60 1 1  68  2  0  65  47  96  41   0   0
TAHLEQ 343140 221029 13 F 1  62  46  56 1 1  23  4  0  62  45 100  56   0   0
TAHLEQ 343140 221030 13 F 1  64  46  52 1 1 270  4  0  64  44 100  50   0   0
WEATHE 343440 221024 13 F 2  55  47  77 1 3 360 14  0  82  54  93  40   2   7
WEATHE 343440 221025 13 F 0  63  31  30 1 1 315 12  0  63  44  89  29   0   0
WEATHE 343440 221026 13 F 0  66  36  33 1 1 158 17  0  66  42  67  26   0   0
WEATHE 343440 221027 13 F 1  65  44  47 1 3 180 17  0  67  48  74  32   0   0
WEATHE 343440 221028 13 F 2  56  45  67 3 3  23 11  0  67  48 100  45   0   0
WEATHE 343440 221029 13 F 1  61  41  48 1 1  23 10  0  61  43 100  47   0   0
WEATHE 343440 221030 13 F 1  61  40  46 1 1 203  9  0  61  41  93  46   0   0
CHANDL 343740 221024 13 F 8  61  55  82 1 3 315 13  0  82  61  97  46   0   7
CHANDL 343740 221025 13 F 0  61  35  38 3 2 315 13  0  61  45  96  38  10   0
CHANDL 343740 221026 13 F 0  66  35  32 1 1 113  9  0  66  42  79  32   0   0
CHANDL 343740 221027 13 F 1  66  42  43 1 1 158 14  0  67  44  86  30   0   0
CHANDL 343740 221028 13 F 2  59  48  68 1 1  45  6  0  67  48  96  40   0   0
CHANDL 343740 221029 13 F 1  61  42  51 1 1 360  6  0  61  45 100  51   0   0
CHANDL 343740 221030 13 F 1  64  43  48 1 1 248  6  0  64  43 100  48   0   0
SALLIS 344140 221024 13 F 8  71  64  81 1 1 180 11  0  83  67  90  43   0   2
SALLIS 344140 221025 13 F 1  56  43  62 1 1 315 10  0  71  52 100  62  16   2
SALLIS 344140 221026 13 F 0  67  39  36 1 1  90  2  0  67  40  89  36   0   0
SALLIS 344140 221027 13 F 1  67  43  43 1 1 135  7  0  67  42 100  36   0   0
SALLIS 344140 221028 13 F 2  62  50  65 1 1  90  4  0  68  47 100  42   0   0
SALLIS 344140 221029 13 F 1  64  48  58 1 1  23  4  0  64  47 100  58   0   0
SALLIS 344140 221030 13 F 1  66  47  52 1 1 293  4  0  66  45 100  52   0   0
APACHE 344440 221024 13 F 2  57  54  91 1 3 360 13  0  83  56 100  44   0   7
APACHE 344440 221025 13 F 0  64  36  36 2 1 315 11  0  64  44 100  35   0   0
APACHE 344440 221026 13 F 0  66  40  39 1 1 135 13  0  66  43  76  33   0   0
APACHE 344440 221027 13 F 1  67  47  49 1 2 180 16  0  67  47  86  37   0   0
APACHE 344440 221028 13 F 2  57  49  77 2 2  45  9  0  69  49 100  47   0   0
APACHE 344440 221029 13 F 1  61  45  57 1 1 360  9  0  61  44 100  56   0   0
APACHE 344440 221030 13 F 1  63  45  52 1 1 203  8  0  63  43  96  52   0   0
FORT C 344441 221024 13 F 2  56  51  86 1 3 360 13  0  84  55 100  43   2   7
FORT C 344441 221025 13 F 0  64  35  35 2 1 315 11  0  64  44 100  34   0   0
FORT C 344441 221026 13 F 0  66  39  37 1 1 158 13  0  66  43  76  30   0   0
FORT C 344441 221027 13 F 1  66  45  48 1 3 180 16  0  67  48  83  36   0   0
FORT C 344441 221028 13 F 2  57  49  76 3 3  45  9  0  69  49 100  45   0   0
FORT C 344441 221029 13 F 1  61  45  56 1 1 360  8  0  61  44 100  56   0   0
FORT C 344441 221030 13 F 1  63  43  49 1 1 203  8  0  63  42  96  48   0   0
CHICKA 344540 221024 13 F 2  56  54  96 1 3 360 14  0  84  55 100  43   0   7
CHICKA 344540 221025 13 F 0  64  36  36 2 1 315 11  0  64  44 100  35   0   0
CHICKA 344540 221026 13 F 0  67  39  37 1 1 135 12  0  68  41  85  33   0   0
CHICKA 344540 221027 13 F 1  67  46  48 1 2 180 16  0  69  46  89  36   0   0
CHICKA 344540 221028 13 F 2  59  51  76 2 2  45  9  0  69  49 100  45   0   0
CHICKA 344540 221029 13 F 1  62  46  56 1 1 360  8  0  63  45 100  56   0   0
CHICKA 344540 221030 13 F 1  64  45  51 1 1 203  8  0  64  42 100  50   0   0
SHAWNE 344740 221024 13 F 8  59  55  88 1 3 338 14  0  82  58 100  43   0   7
SHAWNE 344740 221025 13 F 0  61  34  37 3 2 315 13  0  61  45  96  29  10   0
SHAWNE 344740 221026 13 F 0  66  35  32 1 1 113 10  0  66  43  76  25   0   0
SHAWNE 344740 221027 13 F 1  66  42  43 1 1 180 14  0  67  45  82  24   0   0
SHAWNE 344740 221028 13 F 2  59  48  67 1 1  45  6  0  67  48  96  32   0   0
SHAWNE 344740 221029 13 F 1  61  43  53 1 1 360  8  0  62  45 100  41   0   0
SHAWNE 344740 221030 13 F 1  64  43  47 1 1 248  6  0  64  43 100  36   0   0
STIGLE 345040 221024 13 F 8  71  64  81 1 1 203 12  0  84  67  97  43   0   4
STIGLE 345040 221025 13 F 1  57  41  57 1 1 315 11  0  71  51 100  57  16   2
STIGLE 345040 221026 13 F 0  66  38  36 1 1  90  4  0  66  40  89  36   0   0
STIGLE 345040 221027 13 F 1  68  44  42 1 1 158  8  0  68  41 100  36   0   0
STIGLE 345040 221028 13 F 2  61  49  67 1 1  68  4  0  69  47 100  39   0   0
STIGLE 345040 221029 13 F 1  63  48  58 1 1  23  4  0  63  47 100  58   0   0
STIGLE 345040 221030 13 F 1  66  46  50 1 1 293  5  0  66  45 100  50   0   0
WICHIT 345801 221024 13 F 2  57  51  81 1 3  23 17  0  85  54 100  36   3   6
WICHIT 345801 221025 13 F 0  63  34  35 2 2 315 14  0  64  45  93  34   0   0
WICHIT 345801 221026 13 F 0  66  39  37 1 1 158 17  0  66  45  65  29   0   0
WICHIT 345801 221027 13 F 1  66  46  49 1 3 180 18  0  67  49  71  33   0   0
WICHIT 345801 221028 13 F 2  57  46  69 3 3  45 14  0  69  50  89  44   0   0
WICHIT 345801 221029 13 F 1  61  42  50 1 1 360 11  0  61  45  93  49   0   0
WICHIT 345801 221030 13 F 1  62  42  48 1 1 203 11  0  63  44  82  46   0   0
PAULS  345940 221024 13 F 3  63  59  88 1 3 293 12  0  83  62 100  46   0   8
PAULS  345940 221025 13 F 0  62  38  41 3 2 315 12  0  63  45 100  38   0   0
PAULS  345940 221026 13 F 0  67  39  36 1 1 135  9  0  68  42  93  32   0   0
PAULS  345940 221027 13 F 1  67  45  46 1 1 158 14  0  69  46  89  31   0   0
PAULS  345940 221028 13 F 2  59  52  78 1 2  45  5  0  69  50 100  42   0   0
PAULS  345940 221029 13 F 1  62  46  57 1 1 360  6  0  64  46 100  52   0   0
PAULS  345940 221030 13 F 1  64  46  53 1 1 225  6  0  65  43 100  48   0   0
WALTER 346540 221024 13 F 2  62  57  84 1 3 360 12  0  86  60 100  39   0   7
WALTER 346540 221025 13 F 0  65  38  38 3 2 315 11  0  65  45 100  38   0   0
WALTER 346540 221026 13 F 0  69  42  38 1 1 135 13  0  69  43  82  33   0   0
WALTER 346540 221027 13 F 1  69  49  49 1 3 180 16  0  70  47  86  35   0   0
WALTER 346540 221028 13 F 2  59  51  75 3 3  45 11  0  71  50 100  46   0   0
WALTER 346540 221029 13 F 1  64  47  54 1 1 360 10  0  64  46 100  52   0   0
WALTER 346540 221030 13 F 1  65  46  51 1 1 203  8  0  65  42 100  50   0   0
RINGLI 347240 221024 13 F 2  64  61  92 1 3 315 13  0  83  64 100  46   0   8
RINGLI 347240 221025 13 F 0  63  40  43 3 2 315 11  0  64  47 100  43   0   0
RINGLI 347240 221026 13 F 0  67  41  39 1 1 135 10  0  68  44  82  37   0   0
RINGLI 347240 221027 13 F 1  67  47  50 1 2 158 13  0  69  47  86  37   0   0
RINGLI 347240 221028 13 F 2  58  53  84 2 2  45  8  0  69  51 100  47   0   0
RINGLI 347240 221029 13 F 1  62  48  62 1 1 360  8  0  62  47 100  62   0   0
RINGLI 347240 221030 13 F 1  64  48  56 1 1 225  6  0  65  44 100  54   0   0
MILLER 419301 221024 13 F 2  69  52  56 1 3 315 11  0  88  65  97  33   0   6
MILLER 419301 221025 13 F 0  66  32  29 2 2 315  8  0  72  47  93  28   0   0
MILLER 419301 221026 13 F 0  71  36  28 1 1 158 13  0  72  47  74  25   0   0
MILLER 419301 221027 13 F 1  73  49  44 1 3 180 14  0  74  52  71  26   0   0
MILLER 419301 221028 13 F 1  62  49  64 3 3 360 11  0  76  55  96  39   0   0
MILLER 419301 221029 13 F 1  64  43  47 1 1 360  8  0  64  47 100  46   0   0
MILLER 419301 221030 13 F 1  66  42  43 1 1 203  6  0  66  46  93  43   0   0
SHEPPA 419302 221024 13 F 2  65  57  76 1 3 360 12  0  88  64 100  36   0   7
SHEPPA 419302 221025 13 F 0  66  37  35 3 2 315 12  0  67  47 100  33   0   0
SHEPPA 419302 221026 13 F 0  71  40  33 1 1 135 13  0  72  45  79  28   0   0
SHEPPA 419302 221027 13 F 1  72  47  42 1 3 180 17  0  73  49  80  28   0   0
SHEPPA 419302 221028 13 F 2  61  50  69 3 3  45 12  0  74  53  93  37   0   0
SHEPPA 419302 221029 13 F 1  65  45  50 1 1 360 10  0  66  46 100  47   0   0
SHEPPA 419302 221030 13 F 1  66  45  47 1 1 203  9  0  68  44 100  40   0   0
GOODLE 419303 221024 13 F 2  63  51  66 1 3 360 10  0  88  60  81  31   2   4
GOODLE 419303 221025 13 F 0  66  34  31 2 2 293  8  0  67  45  93  29   6   0
GOODLE 419303 221026 13 F 0  70  38  31 1 1 158 16  0  70  45  71  25   0   0
GOODLE 419303 221027 13 F 1  71  48  44 1 3 180 14  0  71  50  71  29   0   0
GOODLE 419303 221028 13 F 1  59  47  65 3 3  23 11  0  74  52  93  40   0   0
GOODLE 419303 221029 13 F 1  63  43  48 1 1 360  8  0  64  46  93  46   0   0
GOODLE 419303 221030 13 F 1  65  43  45 1 1 180  8  0  65  44  89  43   0   0
ODELL  419304 221024 13 F 2  64  52  67 1 3  23 11  0  88  62  84  33   3   5
ODELL  419304 221025 13 F 0  66  35  32 2 2 315  8  0  67  46  93  30   7   0
ODELL  419304 221026 13 F 0  69  39  34 1 1 135 14  0  70  45  73  26   0   0
ODELL  419304 221027 13 F 1  71  49  46 1 3 180 14  0  71  50  74  31   0   0
ODELL  419304 221028 13 F 1  59  49  70 3 3  23 11  0  73  52  93  44   0   0
ODELL  419304 221029 13 F 1  63  44  51 1 1 360  8  0  64  46 100  48   0   0
ODELL  419304 221030 13 F 1  65  43  46 1 1 180  9  0  65  44  93  45   0   0
KNOX C 419305 221024 13 F 2  70  48  47 1 3 315 10  0  88  63  87  31   0   5
KNOX C 419305 221025 13 F 0  67  31  27 2 1 293  6  0  72  47  86  27   0   0
KNOX C 419305 221026 13 F 0  71  34  26 1 1 158 13  0  71  46  68  23   0   0
KNOX C 419305 221027 13 F 1  73  49  43 1 3 180 13  0  73  52  66  24   0   0
KNOX C 419305 221028 13 F 1  61  46  59 3 3 360 12  0  76  55  86  39   0   0
KNOX C 419305 221029 13 F 1  64  42  45 1 1 360  6  0  64  47  96  45   0   0
KNOX C 419305 221030 13 F 1  66  41  41 1 1 203  6  0  66  46  89  40   0   0
CROWEL 419307 221024 13 F 2  65  52  63 1 3 360  9  0  88  62  87  33   2   5
CROWEL 419307 221025 13 F 0  66  36  33 2 2 315  8  0  66  47  96  32   6   0
CROWEL 419307 221026 13 F 0  70  38  31 1 1 158 14  0  70  46  73  27   0   0
CROWEL 419307 221027 13 F 1  71  49  47 1 3 180 14  0  72  52  71  28   0   0
CROWEL 419307 221028 13 F 1  60  49  69 3 3 360 12  0  74  53  93  43   0   0
CROWEL 419307 221029 13 F 1  62  45  54 1 1 360  8  0  63  46  96  52   0   0
CROWEL 419307 221030 13 F 1  64  42  46 1 1 203  8  0  65  45  96  45   0   0
SEYMOU 419308 221024 13 F 2  68  54  61 1 3 360 10  0  88  65  93  33   0   6
SEYMOU 419308 221025 13 F 0  66  34  31 2 2 315  8  0  70  47  93  30   0   0
SEYMOU 419308 221026 13 F 0  71  37  29 1 1 158 13  0  71  46  73  26   0   0
SEYMOU 419308 221027 13 F 1  73  49  44 1 3 180 14  0  73  52  71  27   0   0
SEYMOU 419308 221028 13 F 1  61  49  65 3 3  23 11  0  75  54  96  40   0   0
SEYMOU 419308 221029 13 F 1  64  43  48 1 1 360  8  0  64  46 100  46   0   0
SEYMOU 419308 221030 13 F 1  66  42  43 1 1 203  8  0  66  45  96  43   0   0
 
 
 
End of WIMS Bulletin @ 23-OCT-22 21:31:25 GMT

