SHUS64 KMWI 232131
FWOSHV
Weather Information Management System (WIMS)
USDA National Information Technology Center (KMWI)
23-OCT-22 21:31:25 GMT
 
Listing of Forecasted Observations (Shreveport, LA)
 
ST NME STAT'N   DATE HR T W DBT DPT  RH Y M DIR WS 10 TMX TMN HMX HMN PD1 PD2
------ ------ ------ -- - - --- --- --- - - --- -- -- --- --- --- ---  --  --
Stations not in a Zone:
CLARKS 410401 221024 13 F 3  76  67  74 1 1 180 16  0  85  67  97  40   0   0
CLARKS 410401 221025 13 F 0  62  45  54 1 1 315 18  0  76  53 100  54  14   0
CLARKS 410401 221026 13 F 0  68  40  37 1 1  68  5  0  68  42  96  36   0   0
CLARKS 410401 221027 13 F 1  68  45  45 1 1 135  9  0  69  44  93  36   0   0
CLARKS 410401 221028 13 F 2  63  53  70 1 1  68  8  0  70  49 100  42   0   0
CLARKS 410401 221029 13 F 1  65  52  64 1 1 360  9  0  65  49 100  63   0   0
CLARKS 410401 221030 13 F 1  67  50  56 1 1 293  6  0  67  46 100  54   0   0
TEXARK 410501 221024 13 F 2  79  67  68 1 1 180 16  0  87  67  97  38   0   0
TEXARK 410501 221025 13 F 1  62  50  65 1 1 293 14  0  80  58 100  62  13   2
TEXARK 410501 221026 13 F 0  68  42  40 1 1  23  3  0  68  43  96  39   0   0
TEXARK 410501 221027 13 F 1  69  47  47 1 1 113  5  0  69  44  96  39   0   0
TEXARK 410501 221028 13 F 2  64  55  75 1 1  90  4  0  72  50  93  44   0   0
TEXARK 410501 221029 13 F 1  65  56  73 1 1 360  5  0  66  51 100  73   0   0
TEXARK 410501 221030 13 F 1  66  55  68 1 1 293  4  0  67  48 100  68   0   0
LINDEN 411102 221024 13 F 2  78  65  66 1 1 180 14  0  86  66 100  40   0   0
LINDEN 411102 221025 13 F 1  63  48  59 1 1 293 13  0  80  54 100  58  13   1
LINDEN 411102 221026 13 F 0  68  41  38 1 1  23  3  0  68  42 100  37   0   0
LINDEN 411102 221027 13 F 1  70  46  43 1 1 135  5  0  70  43 100  37   0   0
LINDEN 411102 221028 13 F 2  64  55  75 1 1  90  4  0  72  49  96  41   0   0
LINDEN 411102 221029 13 F 1  65  55  72 1 1 360  5  0  66  49 100  70   0   0
LINDEN 411102 221030 13 F 1  67  53  61 1 1 315  4  0  67  47 100  61   0   0
GILMER 411401 221024 13 F 2  78  65  66 1 1 180 14  0  87  67  97  38   0   0
GILMER 411401 221025 13 F 1  63  45  53 1 1 293 14  0  79  54 100  52  13   0
GILMER 411401 221026 13 F 0  68  40  37 1 1  23  3  0  68  42 100  36   0   0
GILMER 411401 221027 13 F 1  70  43  39 1 1 135  5  0  70  44  96  36   0   0
GILMER 411401 221028 13 F 2  63  53  72 1 1  90  5  0  72  51  93  38   0   0
GILMER 411401 221029 13 F 1  65  52  63 1 1 360  6  0  65  49 100  63   0   0
GILMER 411401 221030 13 F 1  67  51  57 1 1 315  4  0  67  47 100  56   0   0
TYLER  411701 221024 13 F 3  78  67  69 1 1 180 18  0  87  71  89  40   0   0
TYLER  411701 221025 13 F 0  65  46  51 1 1 315 17  0  79  55 100  48  10   0
TYLER  411701 221026 13 F 0  70  43  38 1 1  45  4  0  70  45  93  36   0   0
TYLER  411701 221027 13 F 1  72  47  41 1 1 135  8  0  73  46  89  34   0   0
TYLER  411701 221028 13 F 2  65  56  73 1 1  90  6  0  75  54  93  37   0   0
TYLER  411701 221029 13 F 1  66  52  62 1 1 338  9  0  67  51 100  56   0   0
TYLER  411701 221030 13 F 1  69  52  56 1 1 315  5  0  69  49 100  53   0   0
CADDO  411901 221024 13 F 2  79  65  64 1 1 180 14  0  87  66 100  38   0   0
CADDO  411901 221025 13 F 1  64  48  57 1 1 293 14  0  80  56 100  56  12   1
CADDO  411901 221026 13 F 0  69  40  36 1 1  23  4  0  69  43 100  36   0   0
CADDO  411901 221027 13 F 0  71  45  40 1 1 135  4  0  71  44  96  35   0   0
CADDO  411901 221028 13 F 2  64  55  73 1 1  90  4  0  73  49 100  39   0   0
CADDO  411901 221029 13 F 1  66  55  70 1 1 338  5  0  66  50 100  70   0   0
CADDO  411901 221030 13 F 1  68  53  59 1 1 338  3  0  68  47 100  59   0   0
HENDER 412202 221024 13 F 2  79  65  63 1 1 180 17  0  87  68  93  38   0   0
HENDER 412202 221025 13 F 1  63  46  54 1 1 293 16  0  80  57  97  54  12   0
HENDER 412202 221026 13 F 0  68  40  37 1 1  23  4  0  68  43  96  37   0   0
HENDER 412202 221027 13 F 1  71  44  39 1 1 135  6  0  71  44  93  36   0   0
HENDER 412202 221028 13 F 2  64  55  73 1 1  90  5  0  73  52  96  37   0   0
HENDER 412202 221029 13 F 1  65  52  65 1 1 338  8  0  65  51 100  65   0   0
HENDER 412202 221030 13 F 1  68  50  54 1 1 315  4  0  68  48 100  54   0   0
LUMBER 412801 221024 13 F 2  80  67  65 1 1 180 16  0  87  66 100  40   0   0
LUMBER 412801 221025 13 F 1  65  47  53 1 1 315 14  0  81  57  97  52  12   1
LUMBER 412801 221026 13 F 0  70  41  35 1 1  23  5  0  70  42 100  35   0   0
LUMBER 412801 221027 13 F 0  72  45  38 1 1 135  6  0  72  44  96  34   0   0
LUMBER 412801 221028 13 F 2  66  57  73 1 1  90  8  0  75  52  96  34   0   0
LUMBER 412801 221029 13 F 1  66  55  68 1 1 338  8  0  67  50 100  68   0   0
LUMBER 412801 221030 13 F 1  69  53  57 1 1 315  5  0  69  47 100  57   0   0
SABINE 412901 221024 13 F 2  80  66  64 1 1 158 12  0  86  65 100  43   0   0
SABINE 412901 221025 13 F 1  68  49  51 1 1 293 12  0  82  59 100  50  10   2
SABINE 412901 221026 13 F 0  70  41  36 1 1 360  4  0  71  44  96  35   0   0
SABINE 412901 221027 13 F 0  73  46  39 1 1 113  3  0  73  45  93  34   0   0
SABINE 412901 221028 13 F 2  67  58  73 1 1  90  4  0  75  52  93  37   0   0
SABINE 412901 221029 13 F 1  67  56  68 1 1 338  4  0  68  51 100  68   0   0
SABINE 412901 221030 13 F 1  70  53  56 1 1 338  3  0  70  48 100  55   0   0
ZAVALL 413503 221024 13 F 2  81  69  69 1 1 180 12  0  86  67 100  43   0   0
ZAVALL 413503 221025 13 F 1  69  51  53 1 1 315 11  0  82  61  93  52  10   1
ZAVALL 413503 221026 13 F 0  71  44  39 1 1  23  4  0  72  45  96  36   0   0
ZAVALL 413503 221027 13 F 0  74  49  42 1 1 135  4  0  75  47  93  34   0   0
ZAVALL 413503 221028 13 F 2  67  62  86 1 1  68  4  0  77  54  96  39   0   0
ZAVALL 413503 221029 13 F 1  67  59  76 1 1 338  5  0  69  51 100  73   0   0
ZAVALL 413503 221030 13 F 1  70  56  62 1 1 315  4  0  71  49 100  59   0   0
LUFKIN 413509 221024 13 F 2  82  68  64 1 1 180 14  0  86  68 100  42   0   0
LUFKIN 413509 221025 13 F 1  69  49  49 1 1 315 13  0  84  60  90  49  12   1
LUFKIN 413509 221026 13 F 0  72  42  34 1 1  23  4  0  72  45  96  34   0   0
LUFKIN 413509 221027 13 F 0  75  46  37 1 1 135  5  0  75  46  93  32   0   0
LUFKIN 413509 221028 13 F 2  67  59  78 1 1  90  6  0  77  54  96  36   0   0
LUFKIN 413509 221029 13 F 1  68  55  65 1 1 338  8  0  69  51 100  65   0   0
LUFKIN 413509 221030 13 F 1  71  53  54 1 1 315  5  0  71  49 100  53   0   0
SABINE 413701 221024 13 F 2  82  67  61 1 1 158 13  0  86  64 100  43   0   0
SABINE 413701 221025 13 F 1  71  49  47 1 1 293 11  0  83  60  97  46   7   2
SABINE 413701 221026 13 F 0  72  42  35 1 1 360  3  0  72  45  96  34   0   0
SABINE 413701 221027 13 F 0  75  46  37 1 1 113  4  0  75  46  93  33   0   0
SABINE 413701 221028 13 F 2  69  59  73 1 1  90  4  0  77  52  96  34   0   0
SABINE 413701 221029 13 F 1  68  55  65 1 1 338  5  0  69  51 100  65   0   0
SABINE 413701 221030 13 F 1  71  53  54 1 1 338  4  0  71  48 100  53   0   0
COLDSP 414201 221024 13 F 2  80  67  65 1 3 180 11  0  86  69  90  44   0   0
COLDSP 414201 221025 13 F 0  69  45  43 3 3 315 11  0  82  58  97  42  14   1
COLDSP 414201 221026 13 F 0  74  38  28 1 1  23  4  0  74  44  91  28   0   0
COLDSP 414201 221027 13 F 1  74  44  35 1 1 135  6  0  75  44  97  27   0   0
COLDSP 414201 221028 13 F 2  69  62  80 1 2  68  8  0  76  54 100  33   0   5
COLDSP 414201 221029 13 F 1  68  54  62 2 1 338 11  0  71  51 100  60   2   0
COLDSP 414201 221030 13 F 1  70  52  54 1 1 338  6  0  71  49 100  53   0   0
NWS Office:  SHV/Zone: 840
CANEY  160401 221024 13 F 2  81  67  63 1 1 158 12  0  86  63 100  42   0   0
CANEY  160401 221025 13 F 1  67  53  61 1 1 270 14  0  83  60 100  58  10   2
CANEY  160401 221026 13 F 0  69  43  39 1 1 360  4  0  69  42 100  39   0   0
CANEY  160401 221027 13 F 0  72  48  44 1 1 113  3  0  72  42 100  38   0   0
CANEY  160401 221028 13 F 2  67  57  72 1 1  90  2  0  73  48 100  42   0   0
CANEY  160401 221029 13 F 1  66  57  74 1 1 360  5  0  69  50 100  70   0   0
CANEY  160401 221030 13 F 1  68  55  64 1 1 338  3  0  68  48 100  63   0   0
NATCHI 161803 221024 13 F 2  81  66  62 1 1 158 11  0  88  64 100  41   0   0
NATCHI 161803 221025 13 F 0  71  51  50 1 1 293 12  0  83  64  97  49   7   2
NATCHI 161803 221026 13 F 0  71  41  34 1 1 360  4  0  71  45  96  34   0   0
NATCHI 161803 221027 13 F 0  74  46  38 1 1 113  3  0  74  44 100  33   0   0
NATCHI 161803 221028 13 F 2  68  58  72 1 1  90  4  0  76  50  96  37   0   0
NATCHI 161803 221029 13 F 1  68  57  69 1 1 338  5  0  70  53 100  68   0   0
NATCHI 161803 221030 13 F 1  71  55  58 1 1 338  3  0  71  50 100  57   0   0
GUM SP 161902 221024 13 F 2  81  65  59 1 1 158 13  0  87  64  97  40   0   0
GUM SP 161902 221025 13 F 0  71  52  52 1 1 270 14  0  82  63 100  49   6   2
GUM SP 161902 221026 13 F 0  71  42  35 1 1 360  5  0  71  45  96  35   0   0
GUM SP 161902 221027 13 F 0  73  47  40 1 1 113  4  0  73  45  96  35   0   0
GUM SP 161902 221028 13 F 2  69  58  68 1 1  90  4  0  75  50  96  38   0   0
GUM SP 161902 221029 13 F 1  68  57  69 1 1 338  5  0  70  53 100  66   0   0
GUM SP 161902 221030 13 F 1  71  55  59 1 1 338  4  0  71  50 100  57   0   0
VERNON 162302 221024 13 F 2  79  67  67 1 1 180 10  0  83  66  97  47   0   0
VERNON 162302 221025 13 F 0  70  48  47 1 3 293  9  0  81  65 100  47   7   2
VERNON 162302 221026 13 F 0  72  39  31 1 1 360  5  0  72  48  94  31   0   0
VERNON 162302 221027 13 F 0  74  44  35 1 1 113  3  0  74  47  89  29   0   0
VERNON 162302 221028 13 F 2  70  59  69 1 2  90  8  0  76  54 100  33   0   0
VERNON 162302 221029 13 F 1  69  56  64 2 2 338  8  0  71  55 100  63   0   0
VERNON 162302 221030 13 F 1  70  53  55 1 1 315  6  0  70  52 100  55   0   0
DOVE F 162303 221024 13 F 2  80  67  65 1 1 158  9  0  83  65  97  47   0   0
DOVE F 162303 221025 13 F 0  70  51  51 1 3 293  8  0  81  65 100  51   6   2
DOVE F 162303 221026 13 F 0  71  40  33 1 1 360  5  0  71  48  90  33   0   0
DOVE F 162303 221027 13 F 0  74  46  37 1 1 113  3  0  74  46  93  30   0   0
DOVE F 162303 221028 13 F 2  70  59  69 1 2 113  7  0  76  53  96  33   0   0
DOVE F 162303 221029 13 F 1  68  56  66 2 2 338  8  0  71  55 100  66   0   0
DOVE F 162303 221030 13 F 1  70  54  57 1 1 338  5  0  70  52 100  57   0   0
EVANGE 162401 221024 13 F 2  80  63  58 1 1 158  9  0  83  64  93  44   0   0
EVANGE 162401 221025 13 F 0  72  49  45 1 2 270  9  0  82  66 100  45   6   2
EVANGE 162401 221026 13 F 0  72  38  30 1 1 360  6  0  72  47  94  30   0   0
EVANGE 162401 221027 13 F 0  75  43  33 1 1  90  3  0  75  45  96  28   0   0
EVANGE 162401 221028 13 F 2  70  56  63 1 2 113  7  0  76  51 100  32   0   0
EVANGE 162401 221029 13 F 1  69  54  60 2 2 315  8  0  72  55 100  59   0   0
EVANGE 162401 221030 13 F 1  71  53  54 1 1 338  6  0  71  51 100  54   0   0
CATAHO 162502 221024 13 F 2  80  64  60 1 1 158 12  0  86  62 100  43   0   0
CATAHO 162502 221025 13 F 0  72  51  49 1 1 270 12  0  82  65 100  49   6   2
CATAHO 162502 221026 13 F 0  70  41  36 1 1 360  4  0  72  45 100  36   0   0
CATAHO 162502 221027 13 F 0  74  47  39 1 1  90  3  0  74  44 100  35   0   0
CATAHO 162502 221028 13 F 2  69  58  68 1 1 113  3  0  75  50  96  38   0   0
CATAHO 162502 221029 13 F 1  68  57  68 1 1 315  5  0  70  53 100  68   0   0
CATAHO 162502 221030 13 F 1  69  55  61 1 1 315  3  0  69  50 100  61   0   0
Count:    49  Zone Average:  72  53  54          7  0  75  53  98  46   1   0
 
 
 
End of WIMS Bulletin @ 23-OCT-22 21:31:25 GMT

