SHUS62 KMWI 232025
FWORAH
Weather Information Management System (WIMS)
USDA National Information Technology Center (KMWI)
23-OCT-22 20:25:42 GMT
 
Listing of Forecasted Observations (Raleigh/Durham, NC)
 
ST NME STAT'N   DATE HR T W DBT DPT  RH Y M DIR WS 10 TMX TMN HMX HMN PD1 PD2
------ ------ ------ -- - - --- --- --- - - --- -- -- --- --- --- ---  --  --
Stations not in a Zone:
OXFORD 310841 221024 13 F 1  71  54  55 1 1 360  3  0  71  50 100  47   0   0
OXFORD 310841 221025 13 F 1  71  56  61 1 1 113  1  0  71  49 100  55   0   0
OXFORD 310841 221026 13 F 2  71  59  67 1 1 203  5  0  73  53 100  57   0   0
OXFORD 310841 221027 13 F 1  68  52  58 1 1  23  5  0  71  50  96  57   0   0
OXFORD 310841 221028 13 F 1  66  51  59 1 1  23  4  0  68  48  93  57   0   0
OXFORD 310841 221029 13 F 2  64  56  77 1 1  45  5  0  66  50 100  58   0   0
OXFORD 310841 221030 13 F 2  64  55  74 1 1  68  4  0  64  51 100  73   0   0
WARREN 311001 221024 13 F 1  70  56  63 1 1 338  3  0  70  50 100  63   0   0
WARREN 311001 221025 13 F 1  72  60  68 1 1  68  0  0  72  51 100  61   0   0
WARREN 311001 221026 13 F 1  71  61  71 1 1 203  3  0  73  55 100  64   0   0
WARREN 311001 221027 13 F 1  68  55  64 1 1  23  4  0  72  52  97  63   0   0
WARREN 311001 221028 13 F 1  66  54  67 1 1  23  4  0  69  49  96  61   0   0
WARREN 311001 221029 13 F 2  64  59  84 1 1  45  4  0  66  52 100  65   0   0
WARREN 311001 221030 13 F 2  64  58  81 1 1  68  3  0  66  52 100  78   0   0
NC A S 312342 221024 13 F 0  71  49  46 1 1 338  2  0  71  48  93  35   0   0
NC A S 312342 221025 13 F 1  72  55  57 1 1 180  2  0  72  48 100  44   0   0
NC A S 312342 221026 13 F 1  71  59  68 1 1 203  6  0  73  55  96  55   0   0
NC A S 312342 221027 13 F 1  68  52  57 1 1  45  6  0  71  51  90  57   0   0
NC A S 312342 221028 13 F 1  65  52  63 1 1  45  6  0  68  48  93  57   0   0
NC A S 312342 221029 13 F 2  64  55  75 1 1  45  6  0  65  50 100  63   0   0
NC A S 312342 221030 13 F 2  63  56  78 1 1  68  6  0  64  52 100  75   0   0
DUKE F 312501 221024 13 F 0  72  51  49 1 1 338  2  0  72  49 100  39   0   0
DUKE F 312501 221025 13 F 1  73  58  60 1 1 158  1  0  73  49 100  49   0   0
DUKE F 312501 221026 13 F 1  72  60  68 1 1 203  5  0  74  55 100  57   0   0
DUKE F 312501 221027 13 F 1  70  54  58 1 1  45  6  0  72  52  93  57   0   0
DUKE F 312501 221028 13 F 1  68  54  61 1 1  45  5  0  70  49  90  57   0   0
DUKE F 312501 221029 13 F 2  65  57  78 1 1  45  5  0  68  51 100  59   0   0
DUKE F 312501 221030 13 F 2  66  57  73 1 1  68  5  0  66  52 100  70   0   0
HORACE 312541 221024 13 F 1  72  53  53 1 1 360  3  0  72  50 100  43   0   0
HORACE 312541 221025 13 F 1  72  57  61 1 1 158  1  0  72  49 100  53   0   0
HORACE 312541 221026 13 F 2  71  59  68 1 1 203  4  0  74  54 100  55   0   0
HORACE 312541 221027 13 F 1  69  53  57 1 1  45  5  0  71  52  90  57   0   0
HORACE 312541 221028 13 F 1  66  52  61 1 1  23  4  0  69  48  93  57   0   0
HORACE 312541 221029 13 F 2  64  57  78 1 1  45  5  0  66  50 100  61   0   0
HORACE 312541 221030 13 F 2  65  56  73 1 1  68  5  0  65  52 100  73   0   0
N DURH 312640 221024 13 F 0  73  53  51 1 1 360  3  0  73  51 100  42   0   0
N DURH 312640 221025 13 F 1  73  59  62 1 1 158  1  0  73  51 100  51   0   0
N DURH 312640 221026 13 F 2  72  62  71 1 1 203  5  0  75  55 100  58   0   0
N DURH 312640 221027 13 F 1  70  55  59 1 1  45  5  0  72  52  93  59   0   0
N DURH 312640 221028 13 F 1  68  54  61 1 1  23  4  0  70  50  93  59   0   0
N DURH 312640 221029 13 F 2  66  58  78 1 1  45  5  0  68  51 100  61   0   0
N DURH 312640 221030 13 F 2  67  58  73 1 1  68  5  0  67  53 100  73   0   0
BUTNER 312641 221024 13 F 0  73  52  49 1 1 338  2  0  73  50 100  39   0   0
BUTNER 312641 221025 13 F 1  73  57  59 1 1 158  1  0  73  49 100  49   0   0
BUTNER 312641 221026 13 F 1  73  60  64 1 1 203  5  0  74  55  96  57   0   0
BUTNER 312641 221027 13 F 1  70  54  57 1 1  45  5  0  73  52  89  57   0   0
BUTNER 312641 221028 13 F 1  68  52  57 1 1  23  5  0  70  49  89  57   0   0
BUTNER 312641 221029 13 F 2  67  56  68 1 1  45  5  0  68  50  96  57   0   0
BUTNER 312641 221030 13 F 2  67  56  68 1 1  68  5  0  67  52  96  68   0   0
UPPER  312940 221024 13 F 2  71  55  59 1 1 360  5  0  71  50 100  59   0   0
UPPER  312940 221025 13 F 1  73  58  60 1 1  23  2  0  73  52 100  59   0   0
UPPER  312940 221026 13 F 1  74  58  59 1 1 203  5  0  74  55 100  57   0   0
UPPER  312940 221027 13 F 1  70  54  57 1 1  23  6  0  75  55  97  57   0   0
UPPER  312940 221028 13 F 1  69  54  60 1 1  23  7  0  71  51  96  57   0   0
UPPER  312940 221029 13 F 2  68  56  66 1 1  45  6  0  69  53 100  59   0   0
UPPER  312940 221030 13 F 2  67  56  68 1 1  68  6  0  68  55 100  65   0   0
LEXING 314602 221024 13 F 0  71  46  42 1 1 293  1  0  71  43 100  32   0   0
LEXING 314602 221025 13 F 1  72  53  53 1 1 180  2  0  72  46  96  39   0   0
LEXING 314602 221026 13 F 1  71  57  62 1 1 225  5  0  73  54 100  49   0   0
LEXING 314602 221027 13 F 1  68  50  54 1 1  45  5  0  72  50  93  54   0   0
LEXING 314602 221028 13 F 1  66  50  57 1 1  45  4  0  69  49  93  53   0   0
LEXING 314602 221029 13 F 2  64  54  71 1 1  68  5  0  67  50 100  56   0   0
LEXING 314602 221030 13 F 2  63  54  75 1 1  68  5  0  65  52 100  70   0   0
SILER  314840 221024 13 F 0  71  49  47 1 1 338  2  0  71  47 100  36   0   0
SILER  314840 221025 13 F 1  73  55  55 1 1 180  2  0  73  45 100  46   0   0
SILER  314840 221026 13 F 1  71  59  68 1 1 203  5  0  74  53 100  51   0   0
SILER  314840 221027 13 F 0  69  53  57 1 1  45  6  0  72  51  93  57   0   0
SILER  314840 221028 13 F 1  67  53  61 1 1  23  5  0  69  49  93  57   0   0
SILER  314840 221029 13 F 2  65  56  75 1 1  68  5  0  68  51 100  59   0   0
SILER  314840 221030 13 F 2  65  56  73 1 1  68  6  0  66  52 100  73   0   0
RALEIG 314940 221024 13 F 0  73  54  53 1 1 338  3  0  73  52  96  41   0   0
RALEIG 314940 221025 13 F 1  76  59  56 1 1 135  1  0  76  52 100  51   0   0
RALEIG 314940 221026 13 F 2  75  57  54 1 1 203  7  0  77  56 100  54   0   0
RALEIG 314940 221027 13 F 1  72  51  48 1 1  45  6  0  75  55  86  48   0   0
RALEIG 314940 221028 13 F 1  70  49  49 1 1  23  6  0  72  52  86  48   0   0
RALEIG 314940 221029 13 F 2  68  53  59 1 1  45  6  0  70  53  93  49   0   0
RALEIG 314940 221030 13 F 2  69  53  57 1 1  68  6  0  69  55  93  57   0   0
LAKE W 314941 221024 13 F 1  73  54  53 1 1 338  3  0  73  52 100  41   0   0
LAKE W 314941 221025 13 F 1  73  60  64 1 1  68  0  0  74  53 100  51   0   0
LAKE W 314941 221026 13 F 1  73  61  68 1 1 203  5  0  75  56 100  58   0   0
LAKE W 314941 221027 13 F 1  70  55  59 1 1  45  5  0  74  55  93  59   0   0
LAKE W 314941 221028 13 F 1  69  55  61 1 1  23  4  0  71  52  90  57   0   0
LAKE W 314941 221029 13 F 2  67  58  75 1 1  45  5  0  70  53 100  59   0   0
LAKE W 314941 221030 13 F 2  67  57  72 1 1  68  5  0  68  55 100  70   0   0
REEDY  314942 221024 13 F 0  73  54  53 1 1 338  3  0  73  52 100  41   0   0
REEDY  314942 221025 13 F 1  74  58  59 1 1 113  1  0  74  53 100  51   0   0
REEDY  314942 221026 13 F 2  73  60  66 1 1 203  5  0  75  57  96  58   0   0
REEDY  314942 221027 13 F 1  70  54  57 1 1  45  5  0  73  55  87  57   0   0
REEDY  314942 221028 13 F 1  69  54  59 1 1  23  4  0  70  52  89  57   0   0
REEDY  314942 221029 13 F 2  67  58  75 1 1  45  5  0  69  53 100  59   0   0
REEDY  314942 221030 13 F 2  67  58  73 1 1  68  5  0  67  55 100  73   0   0
N STAN 316941 221024 13 F 0  72  47  42 1 1 315  1  0  72  44 100  32   0   0
N STAN 316941 221025 13 F 1  73  52  49 1 1 180  1  0  73  46 100  40   0   0
N STAN 316941 221026 13 F 1  72  56  59 1 1 225  4  0  74  54 100  46   0   0
N STAN 316941 221027 13 F 1  70  49  49 1 1  45  5  0  73  51  89  49   0   0
N STAN 316941 221028 13 F 1  68  49  52 1 1  45  4  0  70  50  93  49   0   0
N STAN 316941 221029 13 F 2  65  54  68 1 1  45  5  0  68  51  96  52   0   0
N STAN 316941 221030 13 F 2  65  54  70 1 1  68  5  0  66  53 100  65   0   0
TROY   317001 221024 13 F 0  73  47  41 1 1 338  1  0  73  45 100  29   0   0
TROY   317001 221025 13 F 1  74  51  46 1 1 180  1  0  75  47 100  38   0   0
TROY   317001 221026 13 F 1  74  56  55 1 1 203  4  0  76  54 100  42   0   0
TROY   317001 221027 13 F 1  72  49  45 1 1  45  4  0  75  52  89  44   0   0
TROY   317001 221028 13 F 1  70  48  46 1 1  45  4  0  72  50  90  44   0   0
TROY   317001 221029 13 F 2  67  52  60 1 1  45  4  0  71  51 100  45   0   0
TROY   317001 221030 13 F 2  67  53  61 1 1  68  4  0  68  53 100  57   0   0
SANDHI 317040 221024 13 F 0  73  49  44 1 1 338  2  0  73  46 100  34   0   0
SANDHI 317040 221025 13 F 1  74  53  48 1 1 180  1  0  74  49 100  41   0   0
SANDHI 317040 221026 13 F 1  73  59  62 1 1 203  5  0  75  55 100  46   0   0
SANDHI 317040 221027 13 F 0  72  51  48 1 1  45  5  0  74  53  89  48   0   0
SANDHI 317040 221028 13 F 1  70  51  51 1 1  45  5  0  72  52  90  48   0   0
SANDHI 317040 221029 13 F 2  68  54  63 1 1  45  5  0  70  53  96  51   0   0
SANDHI 317040 221030 13 F 2  68  55  65 1 1  68  5  0  68  54 100  63   0   0
CENT C 317441 221024 13 F 1  73  55  55 1 1 360  4  0  73  52 100  49   0   0
CENT C 317441 221025 13 F 1  73  59  62 1 1  45  0  0  74  52 100  53   0   0
CENT C 317441 221026 13 F 1  74  61  64 1 1 203  5  0  74  55 100  59   0   0
CENT C 317441 221027 13 F 1  71  55  57 1 1  45  5  0  74  55  97  57   0   0
CENT C 317441 221028 13 F 1  70  55  60 1 1  23  5  0  71  52  90  57   0   0
CENT C 317441 221029 13 F 2  68  59  74 1 1  45  5  0  70  53 100  59   0   0
CENT C 317441 221030 13 F 2  68  57  70 1 1  68  5  0  68  55 100  70   0   0
FINCH' 317501 221024 13 F 1  73  55  55 1 1 360  5  0  73  52 100  55   0   0
FINCH' 317501 221025 13 F 1  75  57  55 1 1  23  1  0  75  55 100  53   0   0
FINCH' 317501 221026 13 F 1  77  59  54 1 1 203  5  0  77  56 100  52   0   0
FINCH' 317501 221027 13 F 1  73  54  53 1 1  23  6  0  77  58  93  53   0   0
FINCH' 317501 221028 13 F 1  72  54  55 1 1  23  7  0  74  54  93  51   0   0
FINCH' 317501 221029 13 F 2  70  56  63 1 1  45  6  0  72  56 100  55   0   0
FINCH' 317501 221030 13 F 2  70  56  62 1 1  68  6  0  71  57  96  61   0   0
CHERRY 317540 221024 13 F 1  73  55  55 1 1 360  5  0  73  52 100  55   0   0
CHERRY 317540 221025 13 F 1  75  58  56 1 1  23  1  0  75  54 100  53   0   0
CHERRY 317540 221026 13 F 1  77  60  57 1 1 203  5  0  77  56 100  54   0   0
CHERRY 317540 221027 13 F 1  73  54  53 1 1  23  6  0  77  57  97  53   0   0
CHERRY 317540 221028 13 F 1  71  55  57 1 1  23  7  0  74  54  90  51   0   0
CHERRY 317540 221029 13 F 2  70  58  67 1 1  45  6  0  72  55 100  55   0   0
CHERRY 317540 221030 13 F 2  70  56  63 1 1  68  6  0  71  56 100  61   0   0
ROCKIN 318202 221024 13 F 0  74  51  46 1 1 338  2  0  74  46 100  31   0   0
ROCKIN 318202 221025 13 F 1  75  55  50 1 1 180  1  0  75  48 100  41   0   0
ROCKIN 318202 221026 13 F 1  74  60  62 1 1 203  5  0  76  55 100  45   0   0
ROCKIN 318202 221027 13 F 0  73  52  48 1 1  45  5  0  76  54  90  46   0   0
ROCKIN 318202 221028 13 F 1  71  51  51 1 1  45  5  0  73  53  86  46   0   0
ROCKIN 318202 221029 13 F 2  69  55  63 1 1  45  5  0  71  54  96  49   0   0
ROCKIN 318202 221030 13 F 2  69  55  63 1 1  68  5  0  70  55 100  59   0   0
HORSES 318203 221024 13 F 0  73  51  46 1 1 338  2  0  73  46 100  32   0   0
HORSES 318203 221025 13 F 1  74  55  52 1 1 180  1  0  74  45 100  43   0   0
HORSES 318203 221026 13 F 1  74  60  62 1 1 203  4  0  76  54 100  48   0   0
HORSES 318203 221027 13 F 1  72  52  50 1 1  45  5  0  75  52  93  49   0   0
HORSES 318203 221028 13 F 1  70  53  55 1 1  23  4  0  72  50  93  49   0   0
HORSES 318203 221029 13 F 2  68  56  66 1 1  45  5  0  71  51 100  51   0   0
HORSES 318203 221030 13 F 2  68  55  65 1 1  68  5  0  68  53 100  65   0   0
HAMLET 318242 221024 13 F 0  74  51  46 1 1 338  2  0  74  47 100  31   0   0
HAMLET 318242 221025 13 F 1  74  54  51 1 1 180  1  0  75  48 100  43   0   0
HAMLET 318242 221026 13 F 1  74  60  62 1 1 203  5  0  75  55 100  48   0   0
HAMLET 318242 221027 13 F 0  73  52  49 1 1  45  6  0  76  55  87  49   0   0
HAMLET 318242 221028 13 F 1  71  53  53 1 1  45  5  0  73  54  83  49   0   0
HAMLET 318242 221029 13 F 2  69  55  63 1 1  45  5  0  71  55  93  51   0   0
HAMLET 318242 221030 13 F 2  69  55  63 1 1  68  6  0  70  56 100  61   0   0
FORT B 318503 221024 13 F 0  75  52  46 1 1 360  3  0  75  51  96  33   0   0
FORT B 318503 221025 13 F 1  76  57  52 1 1 158  1  0  76  51 100  45   0   0
FORT B 318503 221026 13 F 1  75  60  61 1 1 225  6  0  77  56 100  48   0   0
FORT B 318503 221027 13 F 0  73  53  51 1 1  45  7  0  76  56  93  49   0   0
FORT B 318503 221028 13 F 1  71  53  53 1 1  23  7  0  74  53  89  49   0   0
FORT B 318503 221029 13 F 2  69  57  67 1 1  45  7  0  73  55  96  51   0   0
FORT B 318503 221030 13 F 2  70  57  64 1 1  68  6  0  71  56 100  61   0   0
HORTIC 318640 221024 13 F 1  74  55  53 1 1 360  4  0  74  53 100  46   0   0
HORTIC 318640 221025 13 F 1  76  58  54 1 1 360  1  0  76  54 100  52   0   0
HORTIC 318640 221026 13 F 1  78  60  54 1 1 203  6  0  78  57 100  52   0   0
HORTIC 318640 221027 13 F 1  75  55  50 1 1  23  6  0  78  58  93  50   0   0
HORTIC 318640 221028 13 F 1  73  54  53 1 1  23  7  0  75  55  90  50   0   0
HORTIC 318640 221029 13 F 2  71  57  63 1 1  45  6  0  73  56 100  53   0   0
HORTIC 318640 221030 13 F 1  71  56  61 1 1  90  6  0  71  57  96  61   0   0
 
 
 
End of WIMS Bulletin @ 23-OCT-22 20:25:42 GMT

