SHUS61 KMWI 232025
FWOGYX
Weather Information Management System (WIMS)
USDA National Information Technology Center (KMWI)
23-OCT-22 20:25:41 GMT
 
Listing of Forecasted Observations (Portland, ME)
 
ST NME STAT'N   DATE HR T W DBT DPT  RH Y M DIR WS 10 TMX TMN HMX HMN PD1 PD2
------ ------ ------ -- - - --- --- --- - - --- -- -- --- --- --- ---  --  --
Stations not in a Zone:
BOLTON 170111 221024 13 F 8  59  57  96 1 2  68  4  0  63  50 100  65   7   8
BOLTON 170111 221025 13 F 2  65  61  87 2 1 113  2  0  65  56 100  87  10   0
BOLTON 170111 221026 13 F 2  64  63  97 1 1  90  3  0  65  57 100  87   0   0
BOLTON 170111 221027 13 F 1  65  54  70 1 1 315  7  0  65  57 100  70   0   0
BOLTON 170111 221028 13 F 1  53  38  57 1 1 360  5  0  65  41  82  57   0   0
BOLTON 170111 221029 13 F 2  53  41  66 1 1 360  3  0  53  38  92  57   0   0
BOLTON 170111 221030 13 F 1  57  44  64 1 1 270  4  0  57  40 100  64   0   0
HATCHE 170132 221024 13 F 8  58  56  96 1 2  90  5  0  62  51 100  72   8   8
HATCHE 170132 221025 13 F 2  63  62 100 2 2 158  3  0  63  56 100  96  10   0
HATCHE 170132 221026 13 F 2  63  60  93 1 2  90  3  0  63  57 100  93   0   0
HATCHE 170132 221027 13 F 1  65  54  70 2 1 315  7  0  65  57 100  70   0   0
HATCHE 170132 221028 13 F 1  53  36  54 1 1 360  7  0  65  42  79  54   0   0
HATCHE 170132 221029 13 F 2  53  41  66 1 1  45  4  0  53  39  89  54   0   0
HATCHE 170132 221030 13 F 1  56  44  66 1 1 293  4  0  56  42  93  66   0   0
DAMARI 170151 221024 13 F 8  60  58  96 1 2  90  5  0  64  52 100  72   8   8
DAMARI 170151 221025 13 F 2  64  61  93 2 2 135  2  0  64  56 100  93  10   0
DAMARI 170151 221026 13 F 2  63  62  97 1 1  90  4  0  64  56 100  93   0   0
DAMARI 170151 221027 13 F 1  67  56  68 1 1 315  7  0  67  56 100  68   0   0
DAMARI 170151 221028 13 F 1  55  39  55 1 1  23  7  0  67  43  79  55   0   0
DAMARI 170151 221029 13 F 2  54  42  66 1 1  45  4  0  55  39  92  55   0   0
DAMARI 170151 221030 13 F 1  58  47  67 1 1 270  4  0  58  42  96  66   0   0
CUPSUP 170171 221024 13 F 2  55  53  93 1 1 135  2  0  65  48 100  41   3   0
CUPSUP 170171 221025 13 F 2  64  58  81 1 1 180  3  0  64  52 100  81   0   0
CUPSUP 170171 221026 13 F 2  62  59  90 1 1 135  3  0  64  55 100  81   0   0
CUPSUP 170171 221027 13 F 2  54  44  69 1 1 293  8  0  62  52  96  69   0   0
CUPSUP 170171 221028 13 F 1  49  30  48 1 1 360  3  0  54  35  82  48   0   0
CUPSUP 170171 221029 13 F 2  49  33  54 1 1 203  2  0  49  34  82  48   0   0
CUPSUP 170171 221030 13 F 1  52  36  56 1 1 293  2  0  52  36  85  54   0   0
MASSAB 170311 221024 13 F 8  59  56  90 1 2  23  4  0  62  51 100  56   8   7
MASSAB 170311 221025 13 F 2  65  61  87 2 2  90  2  0  65  54 100  87   6   0
MASSAB 170311 221026 13 F 2  63  62  97 1 1  68  3  0  65  55 100  87   0   0
MASSAB 170311 221027 13 F 1  65  54  68 1 1 315  6  0  65  55 100  68   0   0
MASSAB 170311 221028 13 F 1  54  37  54 1 1  23  5  0  65  42  86  54   0   0
MASSAB 170311 221029 13 F 2  53  41  66 1 1  45  3  0  54  38  89  54   0   0
MASSAB 170311 221030 13 F 1  57  44  64 1 1 293  3  0  57  40  96  64   0   0
RACHEL 171603 221024 13 F 3  59  56  93 1 2  45  5  0  61  51 100  67   9   7
RACHEL 171603 221025 13 F 2  64  61  90 2 2 113  2  0  64  55 100  90   0   0
RACHEL 171603 221026 13 F 2  63  60  93 1 1  68  3  0  64  55 100  90   0   0
RACHEL 171603 221027 13 F 1  66  55  68 1 1 315  6  0  66  56 100  68   0   0
RACHEL 171603 221028 13 F 1  55  40  57 1 1  45  7  0  66  44  83  57   0   0
RACHEL 171603 221029 13 F 2  54  42  66 1 1  45  5  0  55  41  89  57   0   0
RACHEL 171603 221030 13 F 1  57  46  67 1 1 113  5  0  57  42  96  66   0   0
TURNER 172501 221024 13 F 3  56  49  80 1 1 113  3  0  73  46  89  30   0   0
TURNER 172501 221025 13 F 2  66  57  73 1 1 180  3  0  66  50 100  70   0   0
TURNER 172501 221026 13 F 2  65  57  76 1 1 158  5  0  66  53 100  70   0   0
TURNER 172501 221027 13 F 2  56  43  63 1 1 270  8  0  65  50 100  62   0   0
TURNER 172501 221028 13 F 1  49  27  43 1 1 360  4  0  56  31  89  42   0   0
TURNER 172501 221029 13 F 2  49  30  49 1 1 225  3  0  49  30  85  42   0   0
TURNER 172501 221030 13 F 1  54  36  52 1 1 270  3  0  54  32 100  48   0   0
LANCAS 270071 221024 13 F 2  60  54  81 1 1 113  2  0  66  47 100  46   4   0
LANCAS 270071 221025 13 F 2  67  59  76 1 1 180  3  0  67  51 100  75   0   0
LANCAS 270071 221026 13 F 2  65  60  85 1 1 135  2  0  67  56 100  75   0   0
LANCAS 270071 221027 13 F 2  56  45  69 1 1 293  6  0  65  50 100  67   0   0
LANCAS 270071 221028 13 F 1  53  32  45 1 1 338  2  0  57  32  96  44   0   0
LANCAS 270071 221029 13 F 1  53  35  51 1 1 270  2  0  54  32  89  44   0   0
LANCAS 270071 221030 13 F 1  54  38  55 1 1 270  2  0  55  34  96  50   0   0
WARREN 270091 221024 13 F 2  61  55  81 1 1 113  3  0  61  48 100  49   4   0
WARREN 270091 221025 13 F 2  63  59  87 1 1 158  3  0  63  52 100  81   0   0
WARREN 270091 221026 13 F 2  64  60  87 1 1 135  2  0  64  56 100  87   0   0
WARREN 270091 221027 13 F 1  59  46  64 1 1 315  6  0  64  52 100  64   0   0
WARREN 270091 221028 13 F 1  55  35  47 1 1 338  1  0  59  36  89  47   0   0
WARREN 270091 221029 13 F 1  54  35  50 1 1 180  1  0  55  34  89  47   0   0
WARREN 270091 221030 13 F 1  56  40  55 1 1 293  2  0  56  36  92  50   0   0
BEAR B 270131 221024 13 F 3  59  56  93 1 2  45  4  0  60  49 100  62   7   6
BEAR B 270131 221025 13 F 2  65  62  91 2 2 113  1  0  65  54 100  86   0   0
BEAR B 270131 221026 13 F 2  63  62  97 1 1  68  3  0  65  57 100  90   0   0
BEAR B 270131 221027 13 F 1  64  52  67 1 1 315  9  0  65  54 100  67   0   0
BEAR B 270131 221028 13 F 1  54  39  57 1 1  23  5  0  65  40  89  57   0   0
BEAR B 270131 221029 13 F 2  53  42  67 1 1  45  4  0  55  37  92  57   0   0
BEAR B 270131 221030 13 F 1  57  45  66 1 1 338  4  0  57  39 100  64   0   0
WHITE  270301 221024 13 F 2  57  54  93 1 1  23  3  0  63  47 100  54   7   7
WHITE  270301 221025 13 F 2  65  59  81 1 1 158  1  0  65  50 100  81   0   0
WHITE  270301 221026 13 F 2  63  60  93 1 1  90  2  0  65  56 100  81   0   0
WHITE  270301 221027 13 F 1  63  51  65 1 1 315  6  0  63  52 100  65   0   0
WHITE  270301 221028 13 F 1  55  35  47 1 1  45  3  0  63  37  85  47   0   0
WHITE  270301 221029 13 F 2  53  38  57 1 1 113  2  0  55  35  89  47   0   0
WHITE  270301 221030 13 F 1  56  41  59 1 1 270  2  0  56  37  92  57   0   0
 
 
 
End of WIMS Bulletin @ 23-OCT-22 20:25:41 GMT

