SHUS61 KMWI 231831
FWOCTP
Weather Information Management System (WIMS)
USDA National Information Technology Center (KMWI)
23-OCT-22 18:31:05 GMT
 
Listing of Observations (Central Pennsylvania, PA)
 
ST NME STAT'N   DATE HR T W DBT DPT  RH Y M DIR WS 10 TMX TMN HMX HMN PD PPAMT
------ ------ ------ -- - - --- --- --- - - --- -- -- --- --- --- --- -- -----
Stations not in a Zone:
DISTAN 360051 221023 12 R 2  72  37  28 0 0 145  3     73  36  96  24  0 0.000
BLAIR  360131 221023 13 R 2  68  41  38 0 0 355  3     74  32  97  25  0 0.000
DOLL H 360231 221023 12 R 2  68  35  30 0 0 155  4     72  43  71  26  0 0.000
GARDEN 360271 221023 13 R 3  59  49  71 0 0 209  3     67  38  92  32  0 0.000
BEAR K 360272 221023 12 R 2  60  39  46 0 0 147  5     66  41  81  30  0 0.000
KENNED 360331 221023 13 R 2  62  39  43 0 0 171  5     70  40  85  28  0 0.000
COFFIN 360351 221023 13 R 2  62  38  41 0 0 171  5     66  44  74  31  0 0.000
TUMBLI 360411 221023 12 R 3  58  49  74 0 0  16  1     71  38  96  31  0 0.000
BEAR G 360431 221023 13 R 3  61  45  56 0 0  47  1     70  36 100  30  0 0.000
MANADA 360432 221023 13 R 3  62  47  58 0 0  49  4     69  33 100  28  0 0.000
FORNEY 360571 221023 12 R 3  65  44  47 0 0 341  2     70  30 100  24  0 0.000
YELLOW 360631 221023 12 R 2  71  35  27 0 0 115  4     75  32 100  21  0 0.000
INDIAN 360751 221023 13 R 3  60  48  65 0 0  81  2     68  33 100   0  0 0.000
CHESTN 360871 221023 12 R 3  62  48  62 0 0  90  2     67  40  96  32  0 0.000
BIG KN 360991 221023 13 R 3  62  47  58 0 0  66  1     72  33 100  25  0 0.000
ALLEGH 361002 221023 13 R 1  71  35  27 0 0 140  4     71  35  91  26  0 0.000
BEARS  361071 221023 13 R 3  61  48  63 0 0 112  5     68  35 100  29  0 0.000
OLD MO 361171 221023 13 R 1  67  39  36 0 0 187  3     68  35 100  28  0 0.000
KINZUA 361231 221023 13 R 1  75  37  26 0 0 192  5     75  38  96  25  0 0.000
 
 
 
End of WIMS Bulletin @ 23-OCT-22 18:31:05 GMT

