SHUS62 KMWI 231930
FWOGSP
Weather Information Management System (WIMS)
USDA National Information Technology Center (KMWI)
23-OCT-22 19:30:54 GMT
 
Listing of Observations (Greenville/Spartanburg, SC)
 
ST NME STAT'N   DATE HR T W DBT DPT  RH Y M DIR WS 10 TMX TMN HMX HMN PD PPAMT
------ ------ ------ -- - - --- --- --- - - --- -- -- --- --- --- --- -- -----
Stations not in a Zone:
TALLUL 090802 221023 13 R 1  73  38  28 0 0 162  4     73  49  55  28  0 0.000
CHATTO 091301 221023 13 R 2  73  35  25 0 0 208  3     73  36  98  23  0 0.000
SPRUCE 311740 221023 13 R 1  65  38  37 0 0 257  3     66  31 100  32  0 0.000
SEVEN  313302 221023 13 R 0  76  40  28 0 0 222  3     76  36  98  23  0 0.000
BUSICK 313402 221023 13 R 0  70  34  27 0 0 172  4     70  34  95  27  0 0.000
JESSEN 313404 221023 13 R 0  68  37  33 0 0 257  2     68  44  67  31  0 0.000
MT MIT 313441 221023 13 R 1  53  31  43 0 0 306  4     56  39  63  24  0 0.000
TAYLOR 313601 221023 13 R 0  72  41  33 0 0 184  2     72  38 100  27  0 0.000
TAYLOR 313640 221023 13 R 0  67  40  38 0 0 273  2     70  37  92  26  0 0.000
CHEROK 313902 221023 12 O 1  73  31  21 0 0 166  3  5  75  39  84  21  0 0.000
COW MT 313903 221023 13 R 2  78  32  19 0 0 223  4     78  36  97  19  0 0.000
TOW ST 313904 221023 13 R 0  75  37  26 0 0 189  3     75  42  73  24  0 0.000
FRYING 314040 221023 13 R 2  59  30  34 0 0 199  3     65  42  63  15  0 0.000
MOUNTA 314041 221023 13 R 1  66  39  37 0 0 104  3     69  31 100  27  0 0.000
UNC AS 314141 221023 13 R 2  68  40  36 0 0 306  4     73  38  92  23  0 0.000
GRANDF 314201 221023 13 R 0  72  41  33 0 0 180  3     72  39  94  29  0 0.000
NORTH  314301 221023 13 R 0  70  41  36 0 0 317  1     70  45  63  29  0 0.000
PIEDMO 314541 221023 13 R 2  68  46  46 0 0 258  4     71  35 100  25  0 0.000
CHEOAH 315501 221023 13 R 0  75  34  23 0 0 296  3     77  36  97  23  0 0.000
LOCUST 315802 221023 13 R 1  70  27  20 0 0  99  3     70  46  54  20  0 0.000
HIGHLA 315803 221023 13 R 2  69  28  22 0 0 296  3     69  45  57  22  0 0.000
WAYAH  315840 221023 13 R 2  57  27  32 0 0 167  1     61  42  60  19  0 0.000
JACKSO 315902 221023 13 O 0  74  29  19 0 0  31  1     75  40  81  19  0 0.000
DAVIDS 316001 221023 13 R 3  71  38  30 0 0 146  3     71  29  95  25  0 0.000
GUION  316102 221023 13 R 0  69  31  25 0 0 326  2     69  35  97  25  0 0.000
BEARWA 316140 221023 13 R 0  59  37  44 0 0 269  3     60  45  58  30  0 0.000
MTN HO 316141 221023 13 R 0  67  38  35 0 0 205  5     70  31 100  24  0 0.000
RUTHER 316302 221023 13 R 0  77  40  27 0 0 218  2     78  37  99  23  0 0.000
SPINDA 316341 221023 13 R 2  68  40  37 0 0 168  1     71  45  79  26  0 0.000
MT. IS 316602 221023 13 R 0  73  42  33 0 0  83  6     75  40 100  24  0 0.000
ANDREW 380102 221023 13 R 3  67  38  35 0 0 133  0     67  46  70  33  0 0.000
TABLE  380201 221023 13 R 2  77  41  28 0 0 206  2     78  48  73  25  0 0.000
SASSAF 380241 221023 13 R 1  64  39  40 0 0 164  2     65  48  55  36  0 0.000
KINGS  380601 221023 12 R 3  71  38  31 0 0 327  3     75  41  89  22  0 0.000
DURBIN 380801 221023 13 R 1  74  43  33 0 0  69  3     74  38  94  25  0 0.000
WHITMI 380902 221023 13 R 2  75  43  33 0 0  10  5     75  36 100  22  0 0.000
 
 
 
End of WIMS Bulletin @ 23-OCT-22 19:30:54 GMT

