SHUS64 KMWI 232107
FWOMAF
Weather Information Management System (WIMS)
USDA National Information Technology Center (KMWI)
23-OCT-22 21:07:49 GMT
 
Listing of Observations (Midland/Odessa, TX)
 
ST NME STAT'N   DATE HR T W DBT DPT  RH Y M DIR WS 10 TMX TMN HMX HMN PD PPAMT
------ ------ ------ -- - - --- --- --- - - --- -- -- --- --- --- --- -- -----
Stations not in a Zone:
PINERY 417101 221023 12 O 3  70  46  42 0 0 247 22  8  73  65  50  39  0 0.000
THE BO 417103 221023 12 O 3  94  47  20 0 0 268 34  5  99  87  20  14  0 0.000
PX WEL 417105 221023 12 O 3  78  46  32 0 0 251 12  7  83  69  47  31  0 0.000
VAN HO 417106 221023 13 O 0  84  46  27 0 0 223 13     84  63  55  27  0 0.000
FORT D 417201 221023 13 O 0  80  43  27 0 0 228 17     81  57  55  26  0 0.000
WOLF D 417202 221023 13 O 0  69  41  36 0 0 203 15     72  57  52  34  0 0.000
PANTHE 417401 221023 13 O 2  85  41  21 0 0 152 13  4  87  66  35  18  0 0.000
CHISOS 417403 221023 12 O 2  75  37  25 0 0 173 11  5  81  68  32  21  0 0.000
ELEPHA 417404 221023 13 O 0  82  39  22 0 0 207 16     82  59  60  22  0 0.000
WINKLE 417501 221023 12 O 1  90  47  23 0 0 237 17     90  57  93  23  0 0.000
KENT   417502 221023 13 O 0  82  48  30 0 0 228 17     83  62  59  28  0 0.000
PECOS  417601 221023 12 O 1  86  46  25 0 0 200 15     86  63  78  25  0 0.000
GAIL   419101 221023 13 O 0  87  53  31 0 0 182 17     90  64  70  24  0 0.000
GAIL W 419102 221023 13 O 0  85  53  33 0 0 196 16     90  64  69  27  0 0.000
SEMINO 419103 221023 13 O 0  83  50  32 0 0 214 16     83  61  81  32  0 0.000
SNYDER 419105 221023 13 O 0  84  53  35 0 0 184 18     88  62  73  28  0 0.000
MIDLAN 419202 221023 13 O 0  83  53  36 0 0 175 17     87  62  78  29  0 0.000
ST. LA 419205 221023 13 O 0  80  56  43 0 0 182 19     87  62  80  30  0 0.000
MIDLAN 419207 221023 12 O 1  81  54  39 0 0 193 16     84  63  78  33  0 0.000
BIG LA 419208 221023 13 O 0  76  59  56 0 0 173 19     85  61 100  33  0 0.000
NWS Office:  MAF/Zone: 364
DUNKEN 292302 221023 13 R 2  69  44  42 0 0 242 24     73  60  64  38  0 0.000
QUEEN  293105 221023 13 R 1  73  47  41 0 0 203 16     73  63  54  40  0 0.000
Count:     2  Zone Average:  71  46  42         20  0  73  62  59  39  0 0.000
 
Zone: 365
8 MILE 292301 221023 12 R 3  78  49  37 0 0 218 18     78  63  63  34  0 0.000
BATDRA 293101 221023 12 R 2  80  46  31 0 0 242 10     81  65  49  28  0 0.000
CAPROC 293104 221023 12 R 3  75  48  39 0 0 253 19     76  59  76  37  0 0.000
PADUCA 293202 221023 12 R 2  87  44  23 0 0 231 23     87  57  97  23  0 0.000
Count:     4  Zone Average:  80  47  33         18  0  81  61  71  31  0 0.000
 
 
 
End of WIMS Bulletin @ 23-OCT-22 21:07:49 GMT

