SHUS62 KMWI 232048
FWOILM
Weather Information Management System (WIMS)
USDA National Information Technology Center (KMWI)
23-OCT-22 20:48:15 GMT
 
Listing of Forecasted Observations (Wilmington, NC)
 
ST NME STAT'N   DATE HR T W DBT DPT  RH Y M DIR WS 10 TMX TMN HMX HMN PD1 PD2
------ ------ ------ -- - - --- --- --- - - --- -- -- --- --- --- ---  --  --
Stations not in a Zone:
LUMBER 319201 221024 13 F 0  74  54  51 1 1 360  4  0  74  50 100  33   0   0
LUMBER 319201 221025 13 F 1  77  55  48 1 1 360  3  0  77  52 100  48   0   0
LUMBER 319201 221026 13 F 1  79  59  52 1 1 203  7  0  79  56 100  46   0   0
LUMBER 319201 221027 13 F 0  76  53  46 1 1  45  7  0  80  56  93  46   0   0
LUMBER 319201 221028 13 F 1  73  52  48 1 1  45  8  0  77  54  90  45   0   0
LUMBER 319201 221029 13 F 2  72  56  58 1 1  45  9  0  75  56  92  47   0   0
LUMBER 319201 221030 13 F 2  73  56  56 1 1  90  9  0  73  56  98  56   0   0
TURNBU 319302 221024 13 F 0  73  56  56 1 1 360  3  0  73  52 100  41   0   0
TURNBU 319302 221025 13 F 1  77  57  51 1 1 360  0  0  77  53 100  51   0   0
TURNBU 319302 221026 13 F 1  80  59  50 1 1 203  5  0  80  56 100  50   0   0
TURNBU 319302 221027 13 F 1  77  54  46 1 1  23  5  0  81  56  95  46   0   0
TURNBU 319302 221028 13 F 1  73  53  51 1 1  23  6  0  78  54  92  46   0   0
TURNBU 319302 221029 13 F 2  73  57  58 1 1  45  6  0  75  55 100  49   0   0
TURNBU 319302 221030 13 F 2  73  57  58 1 1  90  6  0  74  56 100  58   0   0
BACK I 319402 221024 13 F 1  72  59  64 1 1 338  5  0  72  52 100  56   0   0
BACK I 319402 221025 13 F 1  76  61  60 1 1 360  2  0  76  53 100  60   0   0
BACK I 319402 221026 13 F 1  79  62  57 1 1 203  4  0  79  55 100  57   0   0
BACK I 319402 221027 13 F 1  76  59  57 1 1  45  5  0  80  56 100  56   0   0
BACK I 319402 221028 13 F 1  73  58  61 1 1  23  7  0  77  54 100  56   0   0
BACK I 319402 221029 13 F 2  72  61  69 1 1  45  7  0  74  55 100  59   0   0
BACK I 319402 221030 13 F 2  72  60  68 1 1  68  7  0  73  56 100  66   0   0
WHITEV 319701 221024 13 F 0  73  57  59 1 1 360  3  0  73  51 100  38   0   0
WHITEV 319701 221025 13 F 1  77  59  54 1 1 360  0  0  77  52 100  54   0   0
WHITEV 319701 221026 13 F 1  80  62  55 1 1 203  4  0  80  55 100  53   0   0
WHITEV 319701 221027 13 F 1  77  57  51 1 1  45  4  0  80  56  97  51   0   0
WHITEV 319701 221028 13 F 1  74  56  54 1 1  45  6  0  77  55  94  51   0   0
WHITEV 319701 221029 13 F 2  73  59  63 1 1  45  6  0  75  56  99  53   0   0
WHITEV 319701 221030 13 F 2  73  59  63 1 1  90  6  0  74  57 100  62   0   0
BDR BE 319741 221024 13 F 0  73  55  54 1 1 360  4  0  73  51 100  35   0   0
BDR BE 319741 221025 13 F 1  77  56  49 1 1 360  1  0  77  52 100  49   0   0
BDR BE 319741 221026 13 F 1  79  59  52 1 1 203  6  0  79  55 100  48   0   0
BDR BE 319741 221027 13 F 1  76  54  47 1 1  45  5  0  80  56  94  47   0   0
BDR BE 319741 221028 13 F 1  74  53  48 1 1  45  6  0  77  55  90  47   0   0
BDR BE 319741 221029 13 F 2  73  57  58 1 1  45  7  0  75  56  96  48   0   0
BDR BE 319741 221030 13 F 2  73  56  57 1 1  90  8  0  74  56 100  57   0   0
NATURE 319802 221024 13 F 0  73  57  59 1 1 360  4  0  73  52 100  40   0   0
NATURE 319802 221025 13 F 1  78  60  55 1 1 360  2  0  78  53 100  55   0   0
NATURE 319802 221026 13 F 1  80  63  57 1 1 203  6  0  80  56 100  55   0   0
NATURE 319802 221027 13 F 1  78  59  53 1 1  45  5  0  80  57  98  53   0   0
NATURE 319802 221028 13 F 1  75  58  56 1 1  45  7  0  78  56  95  53   0   0
NATURE 319802 221029 13 F 2  75  61  63 1 1  45  8  0  76  57  99  54   0   0
NATURE 319802 221030 13 F 2  75  61  63 1 1  90  8  0  75  57 100  62   0   0
SUNNY  319803 221024 13 F 1  72  58  62 1 1 360  4  0  72  54 100  47   0   0
SUNNY  319803 221025 13 F 1  76  62  62 1 1  23  3  0  76  56 100  62   0   0
SUNNY  319803 221026 13 F 1  78  64  63 1 1 225  6  0  78  59 100  61   0   0
SUNNY  319803 221027 13 F 1  75  61  62 1 1  45  7  0  78  59  99  61   0   0
SUNNY  319803 221028 13 F 1  74  60  62 1 1  45  9  0  76  58  95  61   0   0
SUNNY  319803 221029 13 F 2  73  63  71 1 1  45 10  0  74  59  97  62   0   0
SUNNY  319803 221030 13 F 2  73  62  70 1 1  68 10  0  74  60  99  68   0   0
BALD H 319841 221024 13 F 1  69  59  72 1 1 360  5  0  71  56 100  52   0   0
BALD H 319841 221025 13 F 1  73  63  71 1 1  23  3  0  74  60 100  66   0   0
BALD H 319841 221026 13 F 1  75  65  72 1 1 225  7  0  76  63  98  66   0   0
BALD H 319841 221027 13 F 1  73  63  71 1 1  45  9  0  76  62  97  66   0   0
BALD H 319841 221028 13 F 1  71  61  72 1 1  45 12  0  74  61  95  66   0   0
BALD H 319841 221029 13 F 2  71  64  79 1 1  45 13  0  73  62  96  66   0   0
BALD H 319841 221030 13 F 2  71  63  78 1 1  68 12  0  73  62  96  72   0   0
HORTIC 319940 221024 13 F 1  73  58  60 1 1 338  5  0  73  53 100  50   0   0
HORTIC 319940 221025 13 F 1  77  59  55 1 1 360  3  0  77  54 100  55   0   0
HORTIC 319940 221026 13 F 1  80  61  53 1 1 203  5  0  80  57 100  53   0   0
HORTIC 319940 221027 13 F 1  77  58  53 1 1  45  5  0  80  57 100  53   0   0
HORTIC 319940 221028 13 F 1  74  57  56 1 1  23  7  0  77  55  97  53   0   0
HORTIC 319940 221029 13 F 2  73  60  65 1 1  45  8  0  75  57  99  55   0   0
HORTIC 319940 221030 13 F 2  73  59  63 1 1  68  8  0  74  57 100  63   0   0
MARION 382901 221024 13 F 0  73  52  48 1 1 360  4  0  73  49  97  31   0   0
MARION 382901 221025 13 F 1  76  50  41 1 1 360  2  0  76  50 100  41   0   0
MARION 382901 221026 13 F 1  78  56  48 1 1 203  7  0  78  55 100  40   0   0
MARION 382901 221027 13 F 0  75  49  41 1 1  45  6  0  78  55  90  41   0   0
MARION 382901 221028 13 F 1  73  48  42 1 1  45  7  0  76  55  85  41   0   0
MARION 382901 221029 13 F 2  71  51  51 1 1  45  7  0  73  56  87  42   0   0
MARION 382901 221030 13 F 2  73  53  51 1 1  90  8  0  73  56  95  51   0   0
HORRY  383001 221024 13 F 0  73  56  57 1 1 360  4  0  73  49  98  35   0   0
HORRY  383001 221025 13 F 1  76  58  54 1 1 360  1  0  76  52 100  54   0   0
HORRY  383001 221026 13 F 1  79  62  57 1 1 203  6  0  79  56 100  52   0   0
HORRY  383001 221027 13 F 1  75  56  53 1 1  45  4  0  79  56  95  53   0   0
HORRY  383001 221028 13 F 1  74  56  54 1 1  45  6  0  77  56  93  51   0   0
HORRY  383001 221029 13 F 2  71  59  67 1 1  45  6  0  75  56  97  53   0   0
HORRY  383001 221030 13 F 2  73  59  63 1 1  90  7  0  73  57 100  63   0   0
 
 
 
End of WIMS Bulletin @ 23-OCT-22 20:48:15 GMT

