SHUS63 KMWI 232112
FWOUNR
Weather Information Management System (WIMS)
USDA National Information Technology Center (KMWI)
23-OCT-22 21:12:58 GMT
 
Listing of Forecasted Observations (Rapid City, SD)
 
ST NME STAT'N   DATE HR T W DBT DPT  RH Y M DIR WS 10 TMX TMN HMX HMN PD1 PD2
------ ------ ------ -- - - --- --- --- - - --- -- -- --- --- --- ---  --  --
NWS Office:  UNR/Zone: 326
PORCUP 395202 221024 13 F 2  42  23  48 1 1 315 20  0  56  30  85  47   3   0
PORCUP 395202 221025 13 F 1  52  23  33 1 1 293 11  0  53  28  71  32   0   0
PORCUP 395202 221026 13 F 2  52  27  38 1 1 180 16  0  53  28  85  32   0   0
PORCUP 395202 221027 13 F 2  48  29  49 1 1 338 12  0  52  34  82  35   0   0
PORCUP 395202 221028 13 F 0  53  19  27 1 1 248 11  0  54  28  81  26   0   0
PORCUP 395202 221029 13 F 1  56  21  26 1 1 203 14  0  56  30  63  25   0   0
PORCUP 395202 221030 13 F 1  55  21  27 1 1 270 11  0  56  32  63  25   0   0
Count:     7  Zone Average:  51  23  36         14  0  54  30  76  32   1   0
Zone: 314
ECHETA 480501 221024 13 F 1  41  25  53 1 1 315 19  0  41  27  96  53   8   0
ECHETA 480501 221025 13 F 1  43  25  50 1 1 293 12  0  43  30  84  49   0   0
ECHETA 480501 221026 13 F 2  45  26  48 1 1 203 11  0  45  29  78  47   0   0
ECHETA 480501 221027 13 F 1  42  24  49 1 1 293  8  0  45  30  81  47   0   0
ECHETA 480501 221028 13 F 1  48  21  35 1 1 180 12  0  48  29  66  35   0   0
ECHETA 480501 221029 13 F 1  49  23  37 1 1 225 11  0  49  33  56  35   0   0
ECHETA 480501 221030 13 F 1  50  25  38 1 1 225 11  0  50  32  66  36   0   0
Count:     7  Zone Average:  46  24  44         12  0  46  30  75  43   1   0
Zone: 315
ROCHEL 480502 221024 13 F 1  41  21  45 1 1 293 24  0  42  26  92  43   0   0
ROCHEL 480502 221025 13 F 2  45  26  47 1 1 315 11  0  45  31  71  40   0   0
ROCHEL 480502 221026 13 F 2  46  27  48 1 1 203 16  0  47  30  72  43   0   0
ROCHEL 480502 221027 13 F 1  43  24  48 1 1 315 16  0  47  32  82  45   0   0
ROCHEL 480502 221028 13 F 0  50  19  30 1 1 248 13  0  50  28  69  28   0   0
ROCHEL 480502 221029 13 F 1  52  20  29 1 1 248 16  0  53  31  56  27   0   0
ROCHEL 480502 221030 13 F 1  53  22  30 1 1 248 17  0  53  33  58  27   0   0
Count:     7  Zone Average:  47  23  40         16  0  48  30  72  36   0   0
Zone: 316
DEVILS 480606 221024 13 F 1  39  26  60 1 1 293 18  0  40  24 100  59  12   3
DEVILS 480606 221025 13 F 1  46  27  49 1 1 293 11  0  48  22 100  47   0   0
DEVILS 480606 221026 13 F 2  47  29  50 1 1 180 11  0  48  24  92  45   0   0
DEVILS 480606 221027 13 F 1  44  26  50 1 1 315  8  0  48  27 100  49   0   0
DEVILS 480606 221028 13 F 1  50  24  36 1 1 180 11  0  51  24  88  34   0   0
DEVILS 480606 221029 13 F 1  52  23  33 1 1 203 10  0  54  28  72  32   0   0
DEVILS 480606 221030 13 F 1  53  26  35 1 1 225  9  0  54  27  81  32   0   0
Count:     7  Zone Average:  47  26  45         11  0  49  25  91  43   2   1
Zone: 318
BEARLO 480605 221024 13 F 1  34  25  70 1 1 293 21  0  36  22 100  67  14   4
BEARLO 480605 221025 13 F 1  42  27  55 1 1 293 11  0  44  28  78  51   0   0
BEARLO 480605 221026 13 F 2  43  27  55 1 1 180  9  0  46  30  75  51   0   0
BEARLO 480605 221027 13 F 1  40  26  58 1 1 293  6  0  46  32  85  53   0   0
BEARLO 480605 221028 13 F 1  47  22  38 1 1 225  8  0  49  30  75  35   0   0
BEARLO 480605 221029 13 F 1  49  23  36 1 1 203  8  0  51  34  56  34   0   0
BEARLO 480605 221030 13 F 1  49  24  38 1 1 225  8  0  51  34  59  34   0   0
Count:     7  Zone Average:  44  25  50         10  0  46  30  76  47   2   1
Zone: 319
NEMO   392506 221024 13 F 2  38  22  53 1 1 293 26  0  44  22 100  53   5   0
NEMO   392506 221025 13 F 1  47  23  39 1 1 293 11  0  48  26  79  38   0   0
NEMO   392506 221026 13 F 2  47  26  45 1 1 180  9  0  48  25  85  38   0   0
NEMO   392506 221027 13 F 1  45  26  48 1 1 338 10  0  47  28  92  45   0   0
NEMO   392506 221028 13 F 1  53  20  28 1 1  45  5  0  54  24  85  26   0   0
NEMO   392506 221029 13 F 1  54  22  29 1 1 225  6  0  55  29  61  28   0   0
NEMO   392506 221030 13 F 1  54  22  29 1 1 338  6  0  55  30  63  27   0   0
WHITET 392607 221024 13 F 2  30  20  68 1 1 293 24  0  37  18 100  68  10   0
WHITET 392607 221025 13 F 1  38  24  57 1 1 293 11  0  38  25  81  57   0   0
WHITET 392607 221026 13 F 2  39  25  59 1 1 180  9  0  39  23  81  57   0   0
WHITET 392607 221027 13 F 1  37  24  61 1 1 338  8  0  39  27  92  59   0   0
WHITET 392607 221028 13 F 0  44  20  39 1 1 270  8  0  44  25  81  38   0   0
WHITET 392607 221029 13 F 1  46  21  37 1 1 248  8  0  46  30  61  37   0   0
WHITET 392607 221030 13 F 1  46  21  38 1 1 270  8  0  46  30  58  37   0   0
Count:    14  Zone Average:  44  23  45         11  0  46  26  80  44   1   0
Zone: 320
MT. RU 392603 221024 13 F 2  38  19  47 1 1 315 21  0  54  24  85  45   3   0
MT. RU 392603 221025 13 F 1  47  21  36 1 1 293 10  0  50  30  60  33   0   0
MT. RU 392603 221026 13 F 2  45  26  47 1 1 180 10  0  49  30  66  33   0   0
MT. RU 392603 221027 13 F 1  44  24  46 1 1 360  8  0  47  34  72  42   0   0
MT. RU 392603 221028 13 F 1  51  18  27 1 1 203  6  0  54  30  66  25   0   0
MT. RU 392603 221029 13 F 1  53  20  28 1 1 203  9  0  56  34  48  25   0   0
MT. RU 392603 221030 13 F 1  52  19  28 1 1 248  8  0  55  35  48  26   0   0
BAKER  392606 221024 13 F 2  38  21  50 1 1 315 21  0  52  26  82  48   3   0
BAKER  392606 221025 13 F 1  48  22  36 1 1 315 10  0  50  29  67  34   0   0
BAKER  392606 221026 13 F 2  47  26  45 1 1 180 10  0  49  28  72  35   0   0
BAKER  392606 221027 13 F 1  46  25  45 1 1 338  8  0  48  32  82  43   0   0
BAKER  392606 221028 13 F 0  53  19  26 1 1 158  5  0  55  29  72  25   0   0
BAKER  392606 221029 13 F 1  55  21  27 1 1 203  8  0  56  33  51  25   0   0
BAKER  392606 221030 13 F 1  54  21  28 1 1 270  8  0  56  33  53  26   0   0
Count:    14  Zone Average:  48  22  37         10  0  52  31  66  33   1   0
Zone: 321
WICA_E 393505 221024 13 F 2  43  23  45 1 1 293 20  0  56  30  73  44   3   0
WICA_E 393505 221025 13 F 1  52  24  34 1 1 293 13  0  52  32  59  33   0   0
WICA_E 393505 221026 13 F 2  50  27  42 1 1 180 12  0  52  32  69  33   0   0
WICA_E 393505 221027 13 F 1  49  27  43 1 1 360  9  0  50  37  70  40   0   0
WICA_E 393505 221028 13 F 0  54  20  27 1 1 248 11  0  54  32  69  26   0   0
WICA_E 393505 221029 13 F 1  56  21  26 1 1 225 11  0  56  34  51  25   0   0
WICA_E 393505 221030 13 F 1  56  22  27 1 1 225 11  0  56  36  52  25   0   0
CUSTER 393506 221024 13 F 2  36  19  51 1 1 293 21  0  53  23  85  48   4   0
CUSTER 393506 221025 13 F 1  44  21  40 1 1 293 12  0  46  26  70  38   0   0
CUSTER 393506 221026 13 F 2  43  26  51 1 1 180 11  0  45  25  78  39   0   0
CUSTER 393506 221027 13 F 1  44  24  46 1 1 338  6  0  44  30  81  41   0   0
CUSTER 393506 221028 13 F 1  49  18  30 1 1 270  8  0  50  26  78  28   0   0
CUSTER 393506 221029 13 F 1  51  19  29 1 1 248  9  0  52  30  53  28   0   0
CUSTER 393506 221030 13 F 1  51  20  30 1 1 248  9  0  52  31  54  28   0   0
CUSTER 393507 221024 13 F 2  42  22  45 1 1 315 18  0  56  31  73  43   3   0
Count:    15  Zone Average:  48  22  38         12  0  52  30  68  35   1   0
Zone: 325
CUSTER 393507 221024 13 F 2  42  22  45 1 1 315 18  0  56  31  73  43   3   0
Count:     1  Zone Average:  42  22  45         18  0  56  31  73  43   3   0
Zone: 321
CUSTER 393507 221025 13 F 1  52  24  34 1 1 293 11  0  52  33  58  33   0   0
Count:     1  Zone Average:  52  24  34         11  0  52  33  58  33   0   0
Zone: 325
CUSTER 393507 221025 13 F 1  52  24  34 1 1 293 11  0  52  33  58  33   0   0
CUSTER 393507 221026 13 F 2  49  29  46 1 1 180 11  0  52  33  66  33   0   0
Count:     2  Zone Average:  51  27  40         11  0  52  33  62  33   0   0
Zone: 321
CUSTER 393507 221026 13 F 2  49  29  46 1 1 180 11  0  52  33  66  33   0   0
CUSTER 393507 221027 13 F 1  48  27  45 1 1 360 10  0  49  37  70  42   0   0
Count:     2  Zone Average:  49  28  46         11  0  51  35  68  38   0   0
Zone: 325
CUSTER 393507 221027 13 F 1  48  27  45 1 1 360 10  0  49  37  70  42   0   0
Count:     1  Zone Average:  48  27  45         10  0  49  37  70  42   0   0
Zone: 321
CUSTER 393507 221028 13 F 0  55  21  27 1 1 203 10  0  55  33  66  25   0   0
Count:     1  Zone Average:  55  21  27         10  0  55  33  66  25   0   0
Zone: 325
CUSTER 393507 221028 13 F 0  55  21  27 1 1 203 10  0  55  33  66  25   0   0
Count:     1  Zone Average:  55  21  27         10  0  55  33  66  25   0   0
Zone: 321
CUSTER 393507 221029 13 F 1  56  23  28 1 1 203 11  0  56  37  50  25   0   0
Count:     1  Zone Average:  56  23  28         11  0  56  37  50  25   0   0
Zone: 325
CUSTER 393507 221029 13 F 1  56  23  28 1 1 203 11  0  56  37  50  25   0   0
Count:     1  Zone Average:  56  23  28         11  0  56  37  50  25   0   0
Zone: 321
CUSTER 393507 221030 13 F 1  56  24  29 1 1 225 10  0  56  37  50  27   0   0
Count:     1  Zone Average:  56  24  29         10  0  56  37  50  27   0   0
Zone: 325
CUSTER 393507 221030 13 F 1  56  24  29 1 1 225 10  0  56  37  50  27   0   0
Count:     1  Zone Average:  56  24  29         10  0  56  37  50  27   0   0
Zone: 322
REDCYN 395105 221024 13 F 2  41  21  46 1 1 293 27  0  47  27  85  44   0   0
REDCYN 395105 221025 13 F 1  50  25  38 1 1 293 17  0  50  27  74  37   0   0
REDCYN 395105 221026 13 F 2  49  28  44 1 1 180 13  0  50  28  75  36   0   0
REDCYN 395105 221027 13 F 1  49  28  44 1 1 293 12  0  51  31  85  40   0   0
REDCYN 395105 221028 13 F 0  52  19  28 1 1 270 12  0  53  25  81  28   0   0
REDCYN 395105 221029 13 F 1  55  21  27 1 1 248 12  0  55  29  60  27   0   0
REDCYN 395105 221030 13 F 1  55  22  28 1 1 248 13  0  56  30  66  27   0   0
Count:     7  Zone Average:  50  24  37         15  0  52  28  75  34   0   0
Zone: 323
SPEARF 392507 221024 13 F 2  37  24  61 1 1 293 24  0  40  27  92  61   7   0
SPEARF 392507 221025 13 F 1  46  25  45 1 1 293 14  0  46  35  63  45   0   0
SPEARF 392507 221026 13 F 2  46  27  49 1 1 180  9  0  46  34  61  43   0   0
SPEARF 392507 221027 13 F 1  43  27  53 1 1 315 10  0  46  36  75  49   0   0
SPEARF 392507 221028 13 F 0  52  22  31 1 1 270  8  0  52  34  64  31   0   0
SPEARF 392507 221029 13 F 1  53  23  32 1 1 248  8  0  53  38  50  31   0   0
SPEARF 392507 221030 13 F 1  53  24  33 1 1 293  8  0  53  39  48  32   0   0
Count:     7  Zone Average:  47  25  44         12  0  48  35  65  42   1   0
Zone: 324
RAPID  392608 221024 13 F 2  42  24  49 1 1 315 24  0  50  32  76  49   0   0
RAPID  392608 221025 13 F 1  51  25  36 1 1 315 13  0  51  33  60  36   0   0
RAPID  392608 221026 13 F 2  50  28  44 1 1 180 12  0  51  33  64  36   0   0
RAPID  392608 221027 13 F 1  48  28  47 1 1 360 13  0  50  37  75  44   0   0
RAPID  392608 221028 13 F 0  56  21  26 1 1 113  9  0  56  33  67  26   0   0
RAPID  392608 221029 13 F 1  57  25  29 1 1 180 11  0  57  37  50  26   0   0
RAPID  392608 221030 13 F 1  57  25  29 1 1  90 10  0  57  39  50  29   0   0
Count:     7  Zone Average:  52  25  37         13  0  53  35  63  35   0   0
Zone: 327
INDIAN 390901 221024 13 F 1  39  28  65 1 1 293 32  0  44  28 100  63   9   0
INDIAN 390901 221025 13 F 1  49  29  46 1 1 293 20  0  49  29  84  46   0   0
INDIAN 390901 221026 13 F 2  49  28  45 1 1 135 12  0  49  28  85  44   0   0
INDIAN 390901 221027 13 F 1  47  29  50 1 1 293 12  0  49  32  96  44   0   0
INDIAN 390901 221028 13 F 0  53  23  32 1 1 248 11  0  54  29  75  31   0   0
INDIAN 390901 221029 13 F 1  53  26  35 1 1 225 11  0  54  31  69  31   0   0
INDIAN 390901 221030 13 F 1  55  27  34 1 1 270 12  0  55  33  69  34   0   0
Count:     7  Zone Average:  49  27  44         16  0  51  30  83  42   1   0
Zone: 328
SHADEH 391051 221024 13 F 2  39  28  66 1 1 293 28  0  55  29 100  57   6   4
SHADEH 391051 221025 13 F 1  51  28  42 1 1 293 21  0  51  26 100  42   0   0
SHADEH 391051 221026 13 F 2  50  29  45 1 1 135 14  0  51  28 100  41   0   0
SHADEH 391051 221027 13 F 1  49  32  53 1 1 315 12  0  50  33 100  44   0   0
SHADEH 391051 221028 13 F 0  55  24  31 1 1 248 16  0  55  30  88  31   0   0
SHADEH 391051 221029 13 F 1  55  25  32 1 1 180 16  0  55  32  75  31   0   0
SHADEH 391051 221030 13 F 1  55  27  34 1 1 270 13  0  55  33  78  32   0   0
Count:     7  Zone Average:  51  28  43         17  0  53  30  92  40   1   1
Zone: 332
PINNAC 392602 221024 13 F 2  43  27  55 1 1 315 28  0  55  31  85  52   0   0
PINNAC 392602 221025 13 F 1  54  27  35 1 1 293 18  0  54  28  80  35   0   0
PINNAC 392602 221026 13 F 2  52  30  44 1 1 158 17  0  54  29  81  33   0   0
PINNAC 392602 221027 13 F 1  49  31  51 1 1 338 17  0  53  34  89  43   0   0
PINNAC 392602 221028 13 F 0  55  23  29 1 1 203 13  0  55  29  85  28   0   0
PINNAC 392602 221029 13 F 1  57  23  27 1 1 180 17  0  58  32  63  26   0   0
PINNAC 392602 221030 13 F 1  56  25  30 1 1 248 12  0  58  34  66  26   0   0
Count:     7  Zone Average:  52  27  39         18  0  55  31  79  35   0   0
Zone: 334
MAGPIE 395601 221024 13 F 2  42  27  57 1 1 293 27  0  59  33  92  43   0   0
MAGPIE 395601 221025 13 F 1  55  25  32 1 1 315 19  0  55  30  74  31   0   0
MAGPIE 395601 221026 13 F 2  54  27  35 1 1 158 20  0  55  32  78  31   0   0
MAGPIE 395601 221027 13 F 2  50  32  51 1 1 338 16  0  54  39  79  34   0   0
MAGPIE 395601 221028 13 F 0  55  24  30 1 1 248 13  0  55  34  89  29   0   0
MAGPIE 395601 221029 13 F 1  58  25  28 1 1 180 19  0  58  35  64  27   0   0
MAGPIE 395601 221030 13 F 1  57  25  29 1 1 248 17  0  58  38  64  26   0   0
Count:     7  Zone Average:  53  27  38         19  0  56  35  77  32   0   0
 
 
 
End of WIMS Bulletin @ 23-OCT-22 21:12:59 GMT

