SHUS66 KMWI 232131
FWOEKA
Weather Information Management System (WIMS)
USDA National Information Technology Center (KMWI)
23-OCT-22 21:31:27 GMT
 
Listing of Observations (Eureka, CA)
 
ST NME STAT'N   DATE HR T W DBT DPT  RH Y M DIR WS 10 TMX TMN HMX HMN PD PPAMT
------ ------ ------ -- - - --- --- --- - - --- -- -- --- --- --- --- -- -----
NWS Office:  EKA/Zone: 555
BIGHIL 040402 221023 12 R 2  50  35  58 0 0 340  2     51  34 100  58  1 0.010
BRUSH  040404 221023 12 R 1  49  30  48 0 0 358  4     50  34  96  48  0 0.000
HOOPA  040408 221023 12 R 2  64  31  30 0 0 325 13     64  42  95  30  0 0.000
SLATE  040430 221023 12 R 1  51  26  39 0 0  53  5     51  33  95  39  1 0.010
MAD RI 040507 221023 12 R 1  59  25  27 0 0  67  3     59  32  96  27  0 0.000
RUTH S 040508 221023 12 R 1  58  28  32 0 0 280  5     59  28  94  32  0 0.000
UNDERW 040519 221023 12 R 1  57  31  37 0 0 172  4     57  37  96  37  0 0.000
Count:     7  Zone Average:  56  30  39          5  0  56  34  96  39  0 0.003
 
Zone: 556
CAMP S 040101 221023 12 R 2  46  33  62 0 0  44  6     46  34 100  62  7 0.250
GASQUE 040102 221023 12 R 2  62  36  39 0 0 206  2     62  40  99  39  2 0.020
SHIP M 040105 221023 12 R 0  41  34  77 0 0 327  3     41  30  97  65  7 0.260
EEL RI 040421 221023 12 R 2  64  37  38 0 0  39  7     64  36  98  38  0 0.000
ALDER  040423 221023 12 R 2  63  40  43 0 0  60  2     64  40  93  38  0 0.000
NOTCHK 040427 221023 12 R 3  65  46  51 0 0 308  3     65  43  98  51  1 0.020
Count:     6  Zone Average:  57  38  52          4  0  57  37  98  49  3 0.092
 
Zone: 557
BOONVI 041001 221023 12 O 0  64  37  37 0 0 313 11  7  65  40  92  36  0 0.000
EEL RI 041005 221023 12 O 1  65  34  31 0 0 211  4  6  66  33  91  29  0 0.000
MCGUIR 041017 221023 12 O 0  59  43  55 0 0 326  3 10  61  41  95  51  0 0.000
MENDOC 041018 221023 13 O 1  49  24  37 0 0 319  4     49  30  90  37  0 0.000
SODA C 041406 221023 13 R 2  64  28  26 0 0 205  3     65  30  90  23  0 0.000
KNOXVI 041409 221023 13 R 1  60  22  23 0 0  24 15     67  45  61  21  0 0.000
Count:     6  Zone Average:  60  31  35          7  8  62  37  87  33  0 0.000
 
Zone: 560
SCHOOL 040425 221023 13 R 0  48  37  66 0 0 312 14     49  39  98  66  1 0.010
WESTSI 040428 221023 12 R 2  54  42  66 0 0 335  8     54  41  99  66  0 0.000
KNEELA 040429 221023 12 R 2  51  38  61 0 0 324  6     51  39 100  59  0 0.000
Count:     3  Zone Average:  51  39  64          9  0  51  40  99  64  0 0.003
 
Zone: 591
BIG BA 040501 221023 13 O 0  65  31  28 0 0 253  3     65  40  87  28  0 0.000
HAYFOR 040503 221023 13 O 3  58  29  33 0 0 304  2     58  28  96  33  0 0.000
FRIEND 040512 221023 12 O 0  50  28  42 0 0 348  2     50  33  96  42  0 0.000
SCORPI 040517 221023 12 O 0  56  24  29 0 0 200  3     56  40  73  29  1 0.010
BACKBO 040518 221023 12 O 1  52  24  33 0 0 122  2     52  33  80  33  0 0.000
FIVE C 040520 221023 13 O 1  60  30  32 0 0 188  3     61  36  82  23  0 0.000
Count:     6  Zone Average:  57  28  33          3  0  57  35  86  31  0 0.002
 
Zone: 594
YOLLA  040511 221023 12 O 1  54  22  28 0 0 160  2     54  31  91  28  0 0.000
Count:     1  Zone Average:  54  22  28          2  0  54  31  91  28  0 0.000
 
 
 
End of WIMS Bulletin @ 23-OCT-22 21:31:27 GMT

