SHUS62 KMWI 231929
FWOTAE
Weather Information Management System (WIMS)
USDA National Information Technology Center (KMWI)
23-OCT-22 19:29:49 GMT
 
Listing of Observations (Tallahassee, FL)
 
ST NME STAT'N   DATE HR T W DBT DPT  RH Y M DIR WS 10 TMX TMN HMX HMN PD PPAMT
------ ------ ------ -- - - --- --- --- - - --- -- -- --- --- --- --- -- -----
Stations not in a Zone:
BLOXHA 080802 221023 13 O 1  79  44  29 0 0 280  2     79  39  97  25  0 0.000
TALLAH 080803 221023 13 R 2  82  42  25 0 0  13  2     82  42  95  22  0 0.000
FFS PO 080890 221023 13 R 2  78  44  31 0 0 266  4     78  44  89  21  0 0.000
WILMA  082001 221023 12 O 2  79  44  29 0 0  42  4     79  42  98  23  0 0.000
SUMATR 082002 221023 12 O 2  82  47  29 0 0 155  2     82  43  97  21  0 0.000
SANBOR 082201 221023 13 O 2  82  48  30 0 0  37  2     82  40  99  21  0 0.000
ST.  M 082202 221023 13 O 2  79  48  34 0 0   0  0     79  43 100  23  0 0.000
ST. MA 082203 221023 12 O 2  76  49  39 0 0  87  6     77  43 100  27  0 0.000
FRANKL 089909 221023 13 O 0  73  55  54 0 0  98  2     73  44  94  38  0 0.000
HOLMES 089910 221023 13 O 0  72  46  40 0 0  89  4     77  41  91  28  0 0.000
LIBERT 089911 221023 13 O 0  71  53  53 0 0  91  4     76  40  91  28  0 0.000
WAKULL 089914 221023 13 O 0  71  53  53 0 0  91  4     76  40  91  28  0 0.000
WALTON 089915 221023 13 O 0  74  46  37 0 0 105  6     77  42  95  29  0 0.000
WASHIN 089916 221023 13 O 0  78  43  29 0 0   0  4     80  42  87  22  0 0.000
BAY    089917 221023 13 O 0  78  43  29 0 0   0  4     80  42  87  22  0 0.000
CALHOU 089918 221023 13 O 0  72  46  40 0 0  89  4     77  41  91  28  0 0.000
GADSDE 089919 221023 13 O 0  71  53  53 0 0  91  4     76  40  91  28  0 0.000
GULF   089920 221023 13 O 0  73  55  54 0 0  98  2     73  44  94  38  0 0.000
JACKSO 089921 221023 13 O 0  72  46  40 0 0  89  4     77  41  91  28  0 0.000
DIXIE  089923 221023 13 O 0  78  59  52 0 0   5  4     78  51  93  46  0 0.000
JEFFER 089928 221023 13 O 0  71  53  53 0 0  91  4     76  40  91  28  0 0.000
LAFAYE 089929 221023 13 O 0  74  54  49 0 0  53  3     77  39  94  25  0 0.000
LEON   089930 221023 13 O 0  71  53  53 0 0  91  4     76  40  91  28  0 0.000
MADISO 089931 221023 13 O 0  74  54  49 0 0  53  3     77  39  94  25  0 0.000
TAYLOR 089932 221023 13 O 0  74  54  49 0 0  53  3     77  39  94  25  0 0.000
BRADFO 089934 221023 13 O 0  75  61  62 0 0  32  2     76  46  81  32  0 0.000
CAMILL 098201 221023 13 R 1  78  48  36 0 0 253  2     78  39  97  21  0 0.000
ADEL   098401 221023 13 R 1  80  51  37 0 0 305  3     80  39  99  23  0 0.000
BAINBR 099101 221023 13 R 2  79  40  25 0 0  29  3     79  42  94  20  0 0.000
 
 
 
End of WIMS Bulletin @ 23-OCT-22 19:29:49 GMT

