SHUS62 KMWI 232053
FWOMHX
Weather Information Management System (WIMS)
USDA National Information Technology Center (KMWI)
23-OCT-22 20:53:23 GMT
 
Listing of Forecasted Observations (Morehead City, NC)
 
ST NME STAT'N   DATE HR T W DBT DPT  RH Y M DIR WS 10 TMX TMN HMX HMN PD1 PD2
------ ------ ------ -- - - --- --- --- - - --- -- -- --- --- --- ---  --  --
Stations not in a Zone:
HWY PA 315140 221024 13 F 1  71  55  59 1 1 360  5  0  71  56  93  59   0   0
HWY PA 315140 221025 13 F 2  73  60  64 1 1  23  3  0  73  53 100  57   0   0
HWY PA 315140 221026 13 F 1  77  60  56 1 1 203  4  0  77  57 100  56   0   0
HWY PA 315140 221027 13 F 1  71  55  57 1 1  23  5  0  79  54 100  50   0   0
HWY PA 315140 221028 13 F 2  71  55  57 1 1  23  6  0  71  50 100  56   0   0
HWY PA 315140 221029 13 F 2  71  56  61 1 1  45  6  0  71  53 100  57   0   0
HWY PA 315140 221030 13 F 2  73  56  57 1 1  68  6  0  73  55 100  57   0   0
POCOSI 315201 221024 13 F 2  67  58  75 1 1 360  5  0  67  58  93  75   0   0
POCOSI 315201 221025 13 F 2  70  63  81 1 1  23  3  0  70  59 100  75   0   0
POCOSI 315201 221026 13 F 1  74  64  71 1 1 203  4  0  74  62 100  71   0   0
POCOSI 315201 221027 13 F 1  67  58  75 1 1  23  6  0  75  58 100  66   0   0
POCOSI 315201 221028 13 F 2  67  59  78 1 1  23  9  0  68  55 100  72   0   0
POCOSI 315201 221029 13 F 2  67  60  81 1 1  45  8  0  68  58 100  75   0   0
POCOSI 315201 221030 13 F 2  69  59  73 1 1  68  8  0  69  60  96  73   0   0
TIDEWA 315240 221024 13 F 2  70  58  66 1 1 360  5  0  70  58  93  66   0   0
TIDEWA 315240 221025 13 F 2  72  62  73 1 1  45  2  0  72  56 100  66   0   0
TIDEWA 315240 221026 13 F 1  78  62  58 1 1 203  4  0  78  58 100  58   0   0
TIDEWA 315240 221027 13 F 1  70  56  63 1 1  23  6  0  78  55 100  56   0   0
TIDEWA 315240 221028 13 F 2  70  58  66 1 1  23  8  0  71  52 100  62   0   0
TIDEWA 315240 221029 13 F 2  70  58  68 1 1  45  7  0  71  54 100  64   0   0
TIDEWA 315240 221030 13 F 2  73  57  59 1 1  68  8  0  73  56 100  59   0   0
DARE B 315406 221024 13 F 2  68  60  78 1 1 338  6  0  68  60  97  76   0   0
DARE B 315406 221025 13 F 2  73  66  79 1 1  23  5  0  73  56 100  76   0   0
DARE B 315406 221026 13 F 1  77  65  67 1 1 180  4  0  77  58 100  67   0   0
DARE B 315406 221027 13 F 1  68  60  78 1 1  23 10  0  77  56 100  67   0   0
DARE B 315406 221028 13 F 2  71  61  73 1 1  23 11  0  71  53 100  73   0   0
DARE B 315406 221029 13 F 2  72  62  71 1 1  45 10  0  72  55 100  71   0   0
DARE B 315406 221030 13 F 2  74  61  64 1 1  45  9  0  74  56 100  64   0   0
BUXTON 315407 221024 13 F 2  68  60  78 2 1 338  9  0  68  64 100  76   0   0
BUXTON 315407 221025 13 F 2  75  64  69 1 1  23  5  0  75  59 100  69   0   0
BUXTON 315407 221026 13 F 2  74  64  71 1 1 248  3  0  75  63 100  68   0   0
BUXTON 315407 221027 13 F 1  72  62  71 1 1 360 11  0  76  62 100  66   0   0
BUXTON 315407 221028 13 F 2  73  61  68 1 1  23 12  0  73  58 100  68   0   0
BUXTON 315407 221029 13 F 2  75  62  64 1 1  23 10  0  75  60 100  64   0   0
BUXTON 315407 221030 13 F 2  74  61  64 1 1  45 10  0  75  61  97  64   0   0
BEAUFO 317801 221024 13 F 1  71  55  59 1 1 360  5  0  71  57  90  59   0   0
BEAUFO 317801 221025 13 F 2  75  62  64 1 1  23  3  0  75  55 100  57   0   0
BEAUFO 317801 221026 13 F 1  79  59  52 1 1 203  3  0  79  57 100  52   0   0
BEAUFO 317801 221027 13 F 1  71  55  59 1 1  23  5  0  79  56 100  52   0   0
BEAUFO 317801 221028 13 F 2  72  56  59 1 1  45  6  0  72  51 100  59   0   0
BEAUFO 317801 221029 13 F 2  73  57  59 1 1  45  6  0  73  54 100  59   0   0
BEAUFO 317801 221030 13 F 2  73  57  59 1 1  68  6  0  73  56 100  59   0   0
PAMLIC 317840 221024 13 F 1  69  58  68 1 1 360  6  0  69  59  93  68   0   0
PAMLIC 317840 221025 13 F 2  72  62  73 1 1  23  3  0  72  57 100  68   0   0
PAMLIC 317840 221026 13 F 1  76  62  64 1 1 203  3  0  76  60 100  64   0   0
PAMLIC 317840 221027 13 F 1  70  58  68 1 1  23  6  0  78  58 100  60   0   0
PAMLIC 317840 221028 13 F 2  71  59  66 1 1  23  8  0  71  55 100  66   0   0
PAMLIC 317840 221029 13 F 2  70  60  71 1 1  45  7  0  71  57 100  66   0   0
PAMLIC 317840 221030 13 F 2  72  60  66 1 1  68  8  0  72  59  97  66   0   0
FAIRFI 317901 221024 13 F 2  69  58  70 1 1 338  6  0  69  59  96  70   0   0
FAIRFI 317901 221025 13 F 2  73  63  73 1 1  23  4  0  73  57 100  68   0   0
FAIRFI 317901 221026 13 F 1  74  64  71 1 1 180  4  0  74  60 100  71   0   0
FAIRFI 317901 221027 13 F 1  69  58  70 1 1  23  8  0  75  56 100  66   0   0
FAIRFI 317901 221028 13 F 2  70  60  71 1 1  23 10  0  70  53 100  70   0   0
FAIRFI 317901 221029 13 F 2  71  61  71 1 1  45  9  0  71  55 100  71   0   0
FAIRFI 317901 221030 13 F 2  72  60  66 1 1  68  9  0  72  57 100  66   0   0
WILLIA 318741 221024 13 F 1  73  55  55 1 1 360  5  0  73  51 100  46   0   0
WILLIA 318741 221025 13 F 1  75  59  58 1 1  23  3  0  75  52 100  52   0   0
WILLIA 318741 221026 13 F 1  81  61  51 1 1 225  6  0  81  57 100  51   0   0
WILLIA 318741 221027 13 F 1  73  55  55 1 1  23  6  0  81  54  98  50   0   0
WILLIA 318741 221028 13 F 1  72  55  57 1 1  45  7  0  74  51 100  55   0   0
WILLIA 318741 221029 13 F 2  71  59  66 1 1  45  6  0  74  53 100  55   0   0
WILLIA 318741 221030 13 F 2  73  57  59 1 1  68  7  0  73  55 100  59   0   0
CUNNIN 318840 221024 13 F 1  72  54  55 1 1 360  6  0  72  51 100  55   0   0
CUNNIN 318840 221025 13 F 2  74  58  59 1 1  23  3  0  74  53 100  53   0   0
CUNNIN 318840 221026 13 F 1  78  58  52 1 1 225  5  0  78  57 100  52   0   0
CUNNIN 318840 221027 13 F 1  72  55  57 1 1  23  6  0  80  55  97  49   0   0
CUNNIN 318840 221028 13 F 1  71  55  57 1 1  45  7  0  73  51 100  54   0   0
CUNNIN 318840 221029 13 F 2  70  58  66 1 1  45  7  0  73  52 100  55   0   0
CUNNIN 318840 221030 13 F 2  72  56  59 1 1  68  7  0  72  55 100  59   0   0
NEW BE 319004 221024 13 F 1  71  57  63 1 1 360  5  0  71  53 100  63   0   0
NEW BE 319004 221025 13 F 2  73  63  71 1 1  23  3  0  73  55 100  61   0   0
NEW BE 319004 221026 13 F 1  79  61  56 1 1 203  5  0  79  57 100  56   0   0
NEW BE 319004 221027 13 F 1  72  59  64 1 1  23  6  0  79  56 100  55   0   0
NEW BE 319004 221028 13 F 2  72  57  61 1 1  45  7  0  73  52 100  61   0   0
NEW BE 319004 221029 13 F 2  71  61  71 1 1  45  7  0  72  54 100  61   0   0
NEW BE 319004 221030 13 F 2  72  60  66 1 1  68  8  0  73  56 100  64   0   0
SANDY  319505 221024 13 F 1  72  57  61 1 1 360  5  0  72  52 100  61   0   0
SANDY  319505 221025 13 F 1  75  62  64 1 1  45  3  0  75  55 100  61   0   0
SANDY  319505 221026 13 F 1  79  63  60 1 1 203  6  0  79  59 100  60   0   0
SANDY  319505 221027 13 F 1  72  60  66 1 1  45  5  0  79  56 100  60   0   0
SANDY  319505 221028 13 F 1  73  60  64 1 1  45  8  0  73  53 100  64   0   0
SANDY  319505 221029 13 F 2  71  61  73 1 1  45  8  0  73  54 100  64   0   0
SANDY  319505 221030 13 F 2  74  61  64 1 1  68  8  0  74  57 100  64   0   0
HOFMAN 319507 221024 13 F 1  72  57  61 1 1 360  5  0  72  52 100  61   0   0
HOFMAN 319507 221025 13 F 1  76  62  62 1 1  23  3  0  76  55 100  61   0   0
HOFMAN 319507 221026 13 F 1  79  62  58 1 1 203  5  0  79  58 100  58   0   0
HOFMAN 319507 221027 13 F 1  73  59  62 1 1  23  6  0  79  56 100  57   0   0
HOFMAN 319507 221028 13 F 1  72  59  64 1 1  45  7  0  74  52 100  61   0   0
HOFMAN 319507 221029 13 F 2  73  60  66 1 1  45  7  0  74  54 100  60   0   0
HOFMAN 319507 221030 13 F 2  73  60  64 1 1  68  8  0  73  56 100  64   0   0
CROATA 319602 221024 13 F 1  71  59  66 1 1 360  8  0  71  54 100  66   0   0
CROATA 319602 221025 13 F 1  75  64  69 1 1  45  5  0  75  56 100  66   0   0
CROATA 319602 221026 13 F 1  77  65  67 1 1 203  6  0  77  60 100  67   0   0
CROATA 319602 221027 13 F 1  71  61  73 1 1  45  8  0  77  58 100  66   0   0
CROATA 319602 221028 13 F 2  72  60  68 1 1  23 10  0  72  54 100  68   0   0
CROATA 319602 221029 13 F 2  73  61  68 1 1  45 10  0  73  55 100  68   0   0
CROATA 319602 221030 13 F 2  74  61  64 1 1  68 11  0  74  58 100  64   0   0
CEDAR  319604 221024 13 F 2  69  59  73 1 1 360 11  0  69  62  97  73   0   0
CEDAR  319604 221025 13 F 2  73  63  73 1 1  23  5  0  73  61 100  73   0   0
CEDAR  319604 221026 13 F 1  76  65  69 1 1 203  5  0  76  64 100  69   0   0
CEDAR  319604 221027 13 F 1  70  62  76 1 1  23 11  0  76  62 100  69   0   0
CEDAR  319604 221028 13 F 2  70  62  76 1 1  23 12  0  70  59 100  76   0   0
CEDAR  319604 221029 13 F 2  72  62  73 1 1  45 12  0  72  60 100  73   0   0
CEDAR  319604 221030 13 F 2  73  60  66 1 1  68 12  0  73  62  94  66   0   0
 
 
 
End of WIMS Bulletin @ 23-OCT-22 20:53:23 GMT

