SHUS61 KMWI 232025
FWORNK
Weather Information Management System (WIMS)
USDA National Information Technology Center (KMWI)
23-OCT-22 20:25:40 GMT
 
Listing of Forecasted Observations (Roanoke, VA)
 
ST NME STAT'N   DATE HR T W DBT DPT  RH Y M DIR WS 10 TMX TMN HMX HMN PD1 PD2
------ ------ ------ -- - - --- --- --- - - --- -- -- --- --- --- ---  --  --
Stations not in a Zone:
UPPER  310141 221024 13 F 1  66  42  43 1 1 135  1  0  66  36  94  32   0   0
UPPER  310141 221025 13 F 1  62  46  57 1 1 158  4  0  67  41  96  40   0   0
UPPER  310141 221026 13 F 1  60  49  69 1 1 248  4  0  62  47  99  57   0   0
UPPER  310141 221027 13 F 1  59  44  58 1 1  68  3  0  60  43  96  58   0   0
UPPER  310141 221028 13 F 1  58  45  63 1 1 135  4  0  60  41  96  57   0   0
UPPER  310141 221029 13 F 2  54  48  81 1 1 113  4  0  58  43  97  62   0   0
UPPER  310141 221030 13 F 2  52  47  86 1 1 113  4  0  55  44 100  79   0   0
MT. JE 310142 221024 13 F 1  63  38  41 1 1  90  2  0  63  40  76  33   0   0
MT. JE 310142 221025 13 F 1  58  42  57 1 1 158  5  0  64  44  80  39   0   0
MT. JE 310142 221026 13 F 1  54  46  76 1 1 270  6  0  58  48  94  57   0   0
MT. JE 310142 221027 13 F 1  55  42  63 1 1  90  4  0  55  42  93  63   0   0
MT. JE 310142 221028 13 F 1  53  42  68 1 1 135  5  0  55  43  91  62   0   0
MT. JE 310142 221029 13 F 2  50  45  85 1 1 135  6  0  54  44  92  68   0   0
MT. JE 310142 221030 13 F 2  47  45  94 1 1 113  7  0  50  45  97  85   0   0
RAVEN  310301 221024 13 F 0  72  49  45 1 1 135  0  0  72  43  92  35   0   0
RAVEN  310301 221025 13 F 1  68  52  57 1 1 180  2  0  74  48  88  42   0   0
RAVEN  310301 221026 13 F 1  67  55  66 1 1 225  2  0  69  53  92  55   0   0
RAVEN  310301 221027 13 F 1  66  49  55 1 1  45  2  0  68  50  86  55   0   0
RAVEN  310301 221028 13 F 1  63  49  61 1 1 113  2  0  67  48  84  54   0   0
RAVEN  310301 221029 13 F 2  61  53  77 1 1  90  2  0  64  49  90  59   0   0
RAVEN  310301 221030 13 F 2  59  52  78 1 1  90  3  0  62  50  96  75   0   0
PILOT  310302 221024 13 F 0  70  50  50 1 1 180  1  0  70  43  97  39   0   0
PILOT  310302 221025 13 F 1  67  52  60 1 1 180  2  0  72  46  99  47   0   0
PILOT  310302 221026 13 F 1  67  56  68 1 1 225  3  0  69  53  95  57   0   0
PILOT  310302 221027 13 F 1  65  48  56 1 1  45  3  0  69  50  89  56   0   0
PILOT  310302 221028 13 F 1  63  49  61 1 1  68  3  0  66  48  87  55   0   0
PILOT  310302 221029 13 F 2  60  53  79 1 1  68  3  0  64  48  97  59   0   0
PILOT  310302 221030 13 F 2  59  53  82 1 1  68  4  0  61  50 100  75   0   0
UPPER  310540 221024 13 F 0  71  53  53 1 1 338  1  0  71  45  93  39   0   0
UPPER  310540 221025 13 F 1  70  55  60 1 1 180  2  0  72  46 100  51   0   0
UPPER  310540 221026 13 F 1  70  57  65 1 1 225  4  0  71  53 100  56   0   0
UPPER  310540 221027 13 F 1  67  50  56 1 1  45  4  0  71  50  93  56   0   0
UPPER  310540 221028 13 F 1  64  49  59 1 1  45  3  0  68  47  92  54   0   0
UPPER  310540 221029 13 F 2  62  53  75 1 1  45  4  0  65  48  99  58   0   0
UPPER  310540 221030 13 F 2  62  53  74 1 1  68  4  0  63  51 100  72   0   0
CASWEL 310801 221024 13 F 0  71  55  57 1 1 360  1  0  71  46  97  45   0   0
CASWEL 310801 221025 13 F 1  71  57  62 1 1 180  1  0  72  47 100  54   0   0
CASWEL 310801 221026 13 F 1  71  59  68 1 1 203  3  0  72  53 100  59   0   0
CASWEL 310801 221027 13 F 1  68  51  56 1 1  45  4  0  72  50  93  56   0   0
CASWEL 310801 221028 13 F 1  66  51  60 1 1  23  3  0  69  47  91  55   0   0
CASWEL 310801 221029 13 F 2  64  55  75 1 1  45  4  0  67  48 100  58   0   0
CASWEL 310801 221030 13 F 2  64  55  75 1 1  68  4  0  64  51 100  73   0   0
BOONE  311941 221024 13 F 1  67  40  38 1 1 135  3  0  68  38  84  29   0   0
BOONE  311941 221025 13 F 1  62  44  53 1 1 158  5  0  69  42  89  36   0   0
BOONE  311941 221026 13 F 1  59  48  67 1 1 270  5  0  63  47 100  53   0   0
BOONE  311941 221027 13 F 1  60  43  55 1 1  90  4  0  60  42  98  55   0   0
BOONE  311941 221028 13 F 1  58  45  62 1 1 135  4  0  60  42  95  54   0   0
BOONE  311941 221029 13 F 2  54  46  76 1 1 113  4  0  58  43  98  61   0   0
BOONE  311941 221030 13 F 2  52  46  82 1 1 113  6  0  54  44 100  76   0   0
RENDEZ 312001 221024 13 F 1  69  46  44 1 1 158  1  0  69  44  82  36   0   0
RENDEZ 312001 221025 13 F 1  66  49  56 1 1 180  3  0  71  47  83  42   0   0
RENDEZ 312001 221026 13 F 1  64  53  69 1 1 248  3  0  67  52  90  55   0   0
RENDEZ 312001 221027 13 F 1  63  47  56 1 1  90  2  0  64  48  88  56   0   0
RENDEZ 312001 221028 13 F 1  61  48  64 1 1 113  2  0  64  47  86  56   0   0
RENDEZ 312001 221029 13 F 2  59  52  79 1 1  90  3  0  62  48  89  63   0   0
RENDEZ 312001 221030 13 F 2  57  52  85 1 1  90  4  0  59  49  95  78   0   0
GLENPE 441631 221024 13 F 0  73  50  45 1 1  90  0  0  73  40 100  45   0   0
GLENPE 441631 221025 13 F 1  71  55  57 1 1 180  1  0  75  45 100  43   0   0
GLENPE 441631 221026 13 F 1  68  56  66 1 1 225  2  0  72  52 100  54   0   0
GLENPE 441631 221027 13 F 1  68  48  50 1 1  23  1  0  70  47  98  50   0   0
GLENPE 441631 221028 13 F 1  65  48  55 1 1  90  1  0  69  43  95  48   0   0
GLENPE 441631 221029 13 F 2  62  51  69 1 1  90  2  0  66  44 100  53   0   0
GLENPE 441631 221030 13 F 2  61  52  74 1 1  90  2  0  64  48  99  66   0   0
LIME K 441801 221024 13 F 0  71  48  44 1 1 135  1  0  71  44  85  38   0   0
LIME K 441801 221025 13 F 1  67  51  58 1 1 158  2  0  72  48  92  42   0   0
LIME K 441801 221026 13 F 2  64  55  73 1 1 225  3  0  68  53  95  57   0   0
LIME K 441801 221027 13 F 1  63  46  54 1 1  45  2  0  65  49  90  54   0   0
LIME K 441801 221028 13 F 2  61  46  59 1 1 113  2  0  64  44  90  52   0   0
LIME K 441801 221029 13 F 2  59  50  74 1 1 113  2  0  62  46  94  58   0   0
LIME K 441801 221030 13 F 2  57  51  82 1 1  90  3  0  59  48  98  72   0   0
CRAIG  444002 221024 13 F 0  72  48  43 1 1  90  0  0  72  43  88  41   0   0
CRAIG  444002 221025 13 F 1  69  53  57 1 1 158  1  0  74  47  87  41   0   0
CRAIG  444002 221026 13 F 2  66  55  68 1 1 248  2  0  69  52  90  56   0   0
CRAIG  444002 221027 13 F 1  64  48  56 1 1  23  1  0  66  49  88  56   0   0
CRAIG  444002 221028 13 F 2  63  48  58 1 1 113  1  0  64  45  86  55   0   0
CRAIG  444002 221029 13 F 2  60  52  75 1 1 113  2  0  64  46  87  56   0   0
CRAIG  444002 221030 13 F 2  58  51  80 1 1 113  2  0  61  48  96  71   0   0
STONY  447502 221024 13 F 1  69  46  44 1 1  45  1  0  69  36  94  33   0   0
STONY  447502 221025 13 F 1  66  48  53 1 1 158  4  0  71  41  95  41   0   0
STONY  447502 221026 13 F 2  60  52  75 1 1 248  5  0  67  50  94  51   0   0
STONY  447502 221027 13 F 1  58  46  66 1 1  45  2  0  60  45  96  66   0   0
STONY  447502 221028 13 F 1  61  47  62 1 1 135  3  0  61  42  97  62   0   0
STONY  447502 221029 13 F 2  58  50  77 1 1 113  4  0  62  42 100  58   0   0
STONY  447502 221030 13 F 2  55  50  84 1 1 113  4  0  59  46  99  73   0   0
PIPEST 465401 221024 13 F 1  67  43  42 1 1  45  1  0  67  39  94  37   0   0
PIPEST 465401 221025 13 F 2  65  46  52 1 1 158  2  0  69  42  97  40   0   0
PIPEST 465401 221026 13 F 2  60  49  69 1 1 248  4  0  66  51  97  49   0   0
PIPEST 465401 221027 13 F 1  56  44  65 1 1  23  2  0  60  45 100  65   0   0
PIPEST 465401 221028 13 F 2  60  44  57 1 1 135  2  0  60  41  99  57   0   0
PIPEST 465401 221029 13 F 2  57  46  69 1 1 135  3  0  61  44  98  54   0   0
PIPEST 465401 221030 13 F 2  54  47  78 1 1 135  4  0  58  46 100  66   0   0
 
 
 
End of WIMS Bulletin @ 23-OCT-22 20:25:40 GMT

