SHUS65 KMWI 232105
FWOGJT
Weather Information Management System (WIMS)
USDA National Information Technology Center (KMWI)
23-OCT-22 21:05:46 GMT
 
Listing of Observations (Grand Junction, CO)
 
ST NME STAT'N   DATE HR T W DBT DPT  RH Y M DIR WS 10 TMX TMN HMX HMN PD PPAMT
------ ------ ------ -- - - --- --- --- - - --- -- -- --- --- --- --- -- -----
Stations not in a Zone:
CARPEN 053808 221023 12 O 3  31  28  87 0 0 225  8 19  58  29  93  38  7 0.480
NWS Office:  GJT/Zone: 200
LADORE 050104 221023 13 R 3  37  30  78 0 0 310 12     68  31 100  20  7 0.440
DINOSA 050105 221023 13 R 2  37  29  74 0 0 227  3     61  31  98  25  7 0.440
GREAT  050106 221023 12 R 4  28  27  97 0 0 306 17     62  28 100  21  2 0.070
CALICO 050108 221023 12 R 3  32  30  93 0 0 330  7     60  29 100  29  3 0.220
AGATE  250105 221023 13 O 3  46  35  64 0 0 329 17     78  38  64  10  0 0.000
Count:     5  Zone Average:  36  30  81         11  0  66  31  93  21  4 0.234
 
Zone: 201
DRY LA 050207 221023 12 R 4  26  25  97 0 0 217 10     59  26 100  18  6 0.290
DEADHO 051404 221023 12 R 4  23  21  92 0 0 208  9     57  23  98  26  6 0.360
Count:     2  Zone Average:  25  23  95         10  0  58  25  99  22  6 0.325
 
Zone: 202
PINTO  051402 221023 13 R 3  31  29  94 0 0 345 13     61  29 100  25  5 0.350
HUNTER 051406 221023 13 R 4  28  28 100 0 0   2  9     61  27 100  26  6 0.460
DRAGON 051407 221023 13 R 3  35  32  89 0 0 153  0     65  32 100  25  6 0.550
SCOTTS 251905 221023 12 O 2  56  36  47 0 0 270 25     81  49  47   9  0 0.000
Count:     4  Zone Average:  38  31  83         12  0  67  34  87  21  4 0.340
 
Zone: 203
RIFLE  051504 221023 12 R 3  33  30  92 0 0 311 16     68  33  97  19 11 0.800
DEMARE 051507 221023 12 R 3  29  26  92 0 0 337 13     59  29 100  31  6 0.560
PINE R 052407 221023 12 R 4  31  31 100 0 0 239  7     62  31 100  29 12 0.680
DOMING 052409 221023 12 R 3  31  29  95 0 0 262  9     58  30  99  35  8 0.820
LITTLE 052410 221023 12 R 3  34  31  90 0 0 255  6     64  32  97  21 11 0.850
Count:     5  Zone Average:  32  29  94         10  0  62  31  99  27 10 0.742
 
Zone: 205
CROWN  051506 221023 12 R 3  31  28  91 0 0 210 22     60  29  99  23  4 0.370
STORM  051508 221023 12 R 3  34  32  93 0 0 314 10     59  28  99  26  3 0.270
DEEP C 051510 221023 12 R 3  21  19  92 0 0 356 10     51  21 100  34  0 0.000
DOWD J 051606 221023 12 R 4  31  29  96 0 0 268 13     58  28  99  16  4 0.150
GYPSUM 051607 221023 13 R 4  32  30  96 0 0 237  7     65  32  98  19  7 0.710
HANGMA 051608 221023 12 R 3  38  31  77 0 0 204 20     61  32  97  21  7 0.540
Count:     6  Zone Average:  31  28  91         14  0  59  28  99  23  4 0.340
 
Zone: 207
SALTER 055205 221023 13 R 3  33  27  81 0 0 253 12     57  30  94  34  9 0.800
CHAPIN 055704 221023 12 R 3  37  30  76 0 0 168  5     66  34  94  26  3 0.310
MOREFI 055706 221023 12 R 3  34  24  68 0 0 221  7     61  31  98  28  8 0.390
MOCKIN 055710 221023 12 R 2  42  34  74 0 0 282 11     67  35  96  26  7 0.420
SAN JU 055711 221023 13 R 3  37  24  59 0 0 223  8     62  33  96  28  9 0.460
MESA M 055805 221023 13 R 2  39  22  51 0 0 261 16     63  37  96  30  4 0.260
BIG BE 055807 221023 12 R 3  26  19  76 0 0 237 11     48  26  97  44  2 0.020
LOG CH 055808 221023 12 R 3  35  21  58 0 0 244 11     57  33  97  34  5 0.270
DEVIL  055901 221023 12 R 3  41  21  46 0 0 258 10     63  38  94  29  6 0.260
SANDOV 055902 221023 13 R 3  34  20  58 0 0 262 11     59  33  98  32  3 0.170
BUCKLE 055905 221023 12 R 4  29  28  97 0 0 236 10     57  29 100  32  3 0.110
Count:    11  Zone Average:  35  25  68         10  0  60  33  96  31  5 0.315
 
Zone: 290
NUCLA  053807 221023 12 R 3  34  29  85 0 0 239 11     69  34  96  25  8 0.570
DRY CR 054501 221023 13 R 3  39  30  70 0 0 267 16     66  34  95  25  9 0.390
Count:     2  Zone Average:  37  30  78         14  0  68  34  96  25  9 0.480
 
Zone: 291
SANBOR 053804 221023 12 R 3  34  29  85 0 0 249  5     60  30  99  29  3 0.180
Count:     1  Zone Average:  34  29  85          5  0  60  30  99  29  3 0.180
 
Zone: 292
JAY    052704 221023 12 R 3  43  38  85 0 0 169  3     68  36  98  23  9 0.630
COTTON 053805 221023 12 R 2  38  29  72 0 0 224 13     62  32  98  28 10 0.910
BLACK  053806 221023 12 R 3  32  27  83 0 0 257 11     60  29  98  24  5 0.250
Count:     3  Zone Average:  38  31  80          9  0  63  32  98  25  8 0.597
 
Zone: 293
TAYLOR 052812 221023 12 R 3  27  19  74 0 0 228 13     52  27  98  19  3 0.120
HUNTSM 052813 221023 12 R 3  28  24  87 0 0 270 16     59  28  98  14  0 0.000
NEEDLE 054704 221023 12 R 3  31  28  91 0 0 282 15     61  31  97  15  0 0.000
Count:     3  Zone Average:  29  24  84         15  0  57  29  98  16  1 0.040
 
Zone: 442
CARTCK 420805 221023 13 R 3  33  26  76 0 0 266  6     57  28  98  27  2 0.040
DIAMON 421408 221023 13 R 2  29  25  85 0 0 334 19     54  25  99  30  5 0.340
Count:     2  Zone Average:  31  26  81         13  0  56  27  99  29  4 0.190
 
Zone: 443
KINGS  420806 221023 13 R 3  41  25  53 0 0 315 19     67  33  97  21 15 0.560
YAMPA  421412 221023 13 R 2  43  29  59 0 0   1  7     67  33  98  22 19 0.910
FORT D 421415 221023 12 R 3  41  35  80 0 0 119  4     67  33  98  23  9 0.310
Count:     3  Zone Average:  42  30  64         10  0  67  33  98  22 14 0.593
 
Zone: 444
MCCOOK 421405 221023 12 R 3  31  28  89 0 0   4 10     61  30  96  30  3 0.160
UPPER  421406 221023 12 R 3  26  23  91 0 0  13 12     51  26  94  38  5 0.320
WINTER 421407 221023 12 R 3  31  28  89 0 0  25  8     59  29  97  30  4 0.200
UPPER  421410 221023 12 R 6  33  30  91 0 0  40  7     65  31  98  25  6 0.260
WILDHO 421416 221023 12 R 3  35  32  89 0 0  41  4     54  27  97  36  6 0.270
Count:     5  Zone Average:  31  28  90          8  0  58  29  97  32  5 0.242
 
Zone: 490
BRYSON 422102 221023 12 O 3  40  30  67 0 0 352  7 13  67  37  98  25 12 0.820
Count:     1  Zone Average:  40  30  67          7 13  67  37  98  25 12 0.820
 
Zone: 491
NORTH  422710 221023 12 O 3  26  23  87 0 0 345  4 19  54  26  96  38  5 0.450
BIG IN 422711 221023 12 O 4  30  29  96 0 0 261 13 22  62  30  99  28  5 0.530
KANE G 422712 221023 12 O 2  40  27  60 0 0 247 15 35  67  32  96  24  9 0.470
Count:     3  Zone Average:  32  26  81         11 25  61  29  97  30  6 0.483
 
 
 
End of WIMS Bulletin @ 23-OCT-22 21:05:46 GMT

