SHUS62 KMWI 232025
FWOTAE
Weather Information Management System (WIMS)
USDA National Information Technology Center (KMWI)
23-OCT-22 20:25:42 GMT
 
Listing of Forecasted Observations (Tallahassee, FL)
 
ST NME STAT'N   DATE HR T W DBT DPT  RH Y M DIR WS 10 TMX TMN HMX HMN PD1 PD2
------ ------ ------ -- - - --- --- --- - - --- -- -- --- --- --- ---  --  --
Stations not in a Zone:
BLOXHA 080802 221024 13 F 1  81  58  47 1 1 113  3  0  81  52 100  30   0   0
BLOXHA 080802 221025 13 F 1  82  64  55 1 2 180  5  0  82  55 100  44   0   0
BLOXHA 080802 221026 13 F 0  80  59  50 2 2 293  4  0  83  63 100  49   0   0
BLOXHA 080802 221027 13 F 0  80  54  41 1 1 360  2  0  81  52  93  41   0   0
BLOXHA 080802 221028 13 F 1  83  59  45 1 1 113  5  0  83  54 100  37   0   0
BLOXHA 080802 221029 13 F 1  79  62  57 1 1 135  6  0  84  59 100  43   0   0
BLOXHA 080802 221030 13 F 1  76  62  64 1 1 180  5  0  80  59 100  54   0   0
WILMA  082001 221024 13 F 1  81  60  50 1 1 113  4  0  81  52 100  31   0   0
WILMA  082001 221025 13 F 1  83  64  54 1 3 180  5  0  84  55 100  47   0   0
WILMA  082001 221026 13 F 0  79  58  49 3 3 293  4  0  84  63 100  47   0   0
WILMA  082001 221027 13 F 0  80  54  41 1 1 360  1  0  81  51  96  39   0   0
WILMA  082001 221028 13 F 1  83  58  44 1 1 135  5  0  83  54 100  38   0   0
WILMA  082001 221029 13 F 1  79  62  58 1 1 135  6  0  84  59 100  41   0   0
WILMA  082001 221030 13 F 1  78  62  60 1 1 180  4  0  80  59 100  54   0   0
SUMATR 082002 221024 13 F 1  79  61  56 1 1 135  4  0  80  53 100  35   0   0
SUMATR 082002 221025 13 F 1  83  66  58 1 3 180  6  0  83  57 100  52   0   0
SUMATR 082002 221026 13 F 0  79  59  52 3 3 293  4  0  83  64 100  52   0   0
SUMATR 082002 221027 13 F 0  80  55  43 1 1 360  2  0  81  52  96  41   0   0
SUMATR 082002 221028 13 F 1  82  60  48 1 1 135  5  0  82  54 100  39   0   0
SUMATR 082002 221029 13 F 1  78  63  62 1 1 135  6  0  83  60 100  46   0   0
SUMATR 082002 221030 13 F 1  78  62  60 1 1 180  5  0  79  60 100  60   0   0
SANBOR 082201 221024 13 F 1  79  60  54 1 1 113  3  0  79  53 100  33   0   0
SANBOR 082201 221025 13 F 1  81  65  60 1 2 158  4  0  81  56 100  49   0   0
SANBOR 082201 221026 13 F 0  79  60  54 2 2 270  3  0  81  63 100  51   0   0
SANBOR 082201 221027 13 F 0  79  55  44 1 1  68  1  0  82  51 100  42   0   0
SANBOR 082201 221028 13 F 1  81  61  52 1 1 135  4  0  81  54 100  39   0   0
SANBOR 082201 221029 13 F 1  78  63  62 1 1 135  5  0  82  59 100  47   0   0
SANBOR 082201 221030 13 F 1  77  62  62 1 1 180  5  0  79  59 100  56   0   0
ST.  M 082202 221024 13 F 1  80  60  52 1 1 135  4  0  80  55 100  35   0   0
ST.  M 082202 221025 13 F 1  80  63  58 1 1 180  5  0  81  58  96  47   0   0
ST.  M 082202 221026 13 F 1  81  64  58 1 2 248  4  0  82  64 100  55   0   0
ST.  M 082202 221027 13 F 0  79  56  46 1 1 225  3  0  82  54  90  45   0   0
ST.  M 082202 221028 13 F 1  81  62  54 1 1 135  5  0  82  56 100  44   0   0
ST.  M 082202 221029 13 F 1  79  63  60 1 1 135  7  0  82  61  97  51   0   0
ST.  M 082202 221030 13 F 1  79  63  60 1 1 180  8  0  80  61 100  58   0   0
ST. MA 082203 221024 13 F 1  77  61  58 1 1 113  4  0  78  54 100  36   0   0
ST. MA 082203 221025 13 F 1  79  65  63 1 2 158  8  0  80  57 100  52   0   0
ST. MA 082203 221026 13 F 1  81  63  55 2 2 248  4  0  82  62 100  51   0   0
ST. MA 082203 221027 13 F 0  78  55  46 1 1 135  2  0  83  52  96  42   0   0
ST. MA 082203 221028 13 F 1  79  62  57 1 1 135  5  0  81  54 100  42   0   0
ST. MA 082203 221029 13 F 1  78  63  62 1 1 135  7  0  82  59 100  51   0   0
ST. MA 082203 221030 13 F 1  77  62  61 1 1 180  8  0  79  58 100  58   0   0
FRANKL 089909 221024 13 F 1  79  61  56 1 1 135  4  0  79  55 100  35   0   0
FRANKL 089909 221025 13 F 1  82  65  58 1 3 158  6  0  82  58 100  52   0   0
FRANKL 089909 221026 13 F 1  80  60  51 3 3 270  4  0  82  64 100  51   0   0
FRANKL 089909 221027 13 F 0  80  54  42 1 1 113  2  0  82  53  96  41   0   0
FRANKL 089909 221028 13 F 1  81  60  49 1 1 113  5  0  81  56 100  39   0   0
FRANKL 089909 221029 13 F 2  79  62  58 1 1 135  6  0  82  61 100  47   0   0
FRANKL 089909 221030 13 F 1  78  62  59 1 1 180  5  0  79  60 100  56   0   0
HOLMES 089910 221024 13 F 1  79  57  48 1 1 158  4  0  79  48  96  29   0   0
HOLMES 089910 221025 13 F 1  82  66  59 1 3 180  9  0  82  54 100  45   0   0
HOLMES 089910 221026 13 F 0  74  54  50 3 3 315  5  0  83  57 100  50   0   0
HOLMES 089910 221027 13 F 0  75  53  47 1 1 360  3  0  77  48 100  40   0   0
HOLMES 089910 221028 13 F 1  79  58  49 1 1 113  5  0  80  51 100  39   0   0
HOLMES 089910 221029 13 F 1  74  63  70 1 1 135  7  0  82  57 100  42   0   0
HOLMES 089910 221030 13 F 1  73  60  65 1 1 180  6  0  76  56 100  62   0   0
LIBERT 089911 221024 13 F 1  81  60  49 1 1 135  3  0  81  52 100  30   0   0
LIBERT 089911 221025 13 F 1  83  64  53 1 3 180  5  0  83  55 100  46   0   0
LIBERT 089911 221026 13 F 0  79  57  48 3 3 293  4  0  84  62 100  47   0   0
LIBERT 089911 221027 13 F 0  80  53  40 1 1 360  1  0  81  51  96  39   0   0
LIBERT 089911 221028 13 F 1  83  58  43 1 1 135  5  0  83  54 100  37   0   0
LIBERT 089911 221029 13 F 1  79  61  56 1 1 135  6  0  84  59 100  41   0   0
LIBERT 089911 221030 13 F 1  77  61  59 1 1 180  4  0  80  58 100  52   0   0
WAKULL 089914 221024 13 F 1  79  59  51 1 1 113  4  0  79  52 100  35   0   0
WAKULL 089914 221025 13 F 1  81  63  56 1 2 158  5  0  81  56 100  49   0   0
WAKULL 089914 221026 13 F 0  81  61  52 2 2 270  4  0  82  62 100  51   0   0
WAKULL 089914 221027 13 F 0  80  54  42 1 1  68  2  0  82  52  93  42   0   0
WAKULL 089914 221028 13 F 1  81  61  52 1 1 135  5  0  81  54 100  41   0   0
WAKULL 089914 221029 13 F 1  80  63  58 1 1 135  6  0  82  59 100  49   0   0
WAKULL 089914 221030 13 F 1  78  62  60 1 1 180  6  0  80  59 100  56   0   0
WALTON 089915 221024 13 F 1  79  60  53 1 1 158  4  0  79  51  93  32   0   0
WALTON 089915 221025 13 F 2  81  68  65 1 3 180  9  0  81  57 100  52   0   0
WALTON 089915 221026 13 F 0  74  54  51 3 3 338  5  0  81  57 100  50   0   0
WALTON 089915 221027 13 F 0  75  53  48 1 1 360  3  0  76  49 100  43   0   0
WALTON 089915 221028 13 F 1  79  57  48 1 1 135  5  0  80  51 100  43   0   0
WALTON 089915 221029 13 F 1  74  64  71 1 1 135  8  0  81  57 100  46   0   0
WALTON 089915 221030 13 F 1  73  60  66 1 1 203  7  0  75  57 100  64   0   0
WASHIN 089916 221024 13 F 1  80  60  51 1 1 158  4  0  81  50  96  30   0   0
WASHIN 089916 221025 13 F 1  83  67  59 1 3 180  9  0  83  55 100  49   0   0
WASHIN 089916 221026 13 F 0  76  56  50 3 3 315  5  0  83  60 100  48   0   0
WASHIN 089916 221027 13 F 0  77  54  45 1 1 360  3  0  78  49 100  43   0   0
WASHIN 089916 221028 13 F 1  79  58  50 1 1 113  5  0  80  52 100  41   0   0
WASHIN 089916 221029 13 F 1  75  63  68 1 1 135  7  0  82  58 100  43   0   0
WASHIN 089916 221030 13 F 1  75  62  66 1 1 203  8  0  78  58 100  60   0   0
BAY    089917 221024 13 F 1  79  63  59 1 1 158  4  0  79  52 100  35   0   0
BAY    089917 221025 13 F 1  81  68  65 1 3 180 10  0  82  58 100  54   0   0
BAY    089917 221026 13 F 0  77  57  51 3 3 293  5  0  82  61 100  48   0   0
BAY    089917 221027 13 F 0  77  55  48 1 1 338  3  0  79  51  96  45   0   0
BAY    089917 221028 13 F 1  80  59  50 1 1 135  6  0  81  54 100  44   0   0
BAY    089917 221029 13 F 1  76  65  71 1 1 135  8  0  82  59 100  47   0   0
BAY    089917 221030 13 F 1  75  62  65 1 1 203  7  0  78  59 100  62   0   0
CALHOU 089918 221024 13 F 1  81  58  47 1 1 158  4  0  81  51  96  29   0   0
CALHOU 089918 221025 13 F 1  83  64  53 1 3 180  9  0  84  55 100  44   0   0
CALHOU 089918 221026 13 F 0  80  56  44 3 3 293  5  0  85  62 100  42   0   0
CALHOU 089918 221027 13 F 0  79  52  40 1 1 360  3  0  81  51  93  39   0   0
CALHOU 089918 221028 13 F 1  83  56  41 1 1 135  5  0  83  53 100  35   0   0
CALHOU 089918 221029 13 F 1  78  62  58 1 1 135  7  0  84  59 100  40   0   0
CALHOU 089918 221030 13 F 1  77  61  59 1 1 180  6  0  79  58 100  56   0   0
GADSDE 089919 221024 13 F 1  80  56  44 1 1 135  4  0  80  51 100  29   0   0
GADSDE 089919 221025 13 F 1  82  62  51 1 2 180  8  0  82  55 100  41   0   0
GADSDE 089919 221026 13 F 0  78  56  48 2 2 293  5  0  83  62 100  47   0   0
GADSDE 089919 221027 13 F 0  78  52  41 1 1 360  3  0  80  51  96  39   0   0
GADSDE 089919 221028 13 F 1  82  58  45 1 1 113  5  0  82  54 100  37   0   0
GADSDE 089919 221029 13 F 1  78  61  56 1 1 135  7  0  83  59 100  41   0   0
GADSDE 089919 221030 13 F 1  77  62  61 1 1 180  6  0  79  59 100  54   0   0
GULF   089920 221024 13 F 1  80  64  59 1 1 135  4  0  80  55 100  37   0   0
GULF   089920 221025 13 F 1  84  67  58 1 3 180  8  0  84  58 100  56   0   0
GULF   089920 221026 13 F 0  80  60  51 3 3 293  5  0  84  64 100  51   0   0
GULF   089920 221027 13 F 0  79  55  45 1 1 315  2  0  81  53  96  44   0   0
GULF   089920 221028 13 F 1  81  60  49 1 1 135  5  0  81  55 100  42   0   0
GULF   089920 221029 13 F 1  77  65  67 1 1 135  7  0  82  61 100  47   0   0
GULF   089920 221030 13 F 1  78  63  61 1 1 203  5  0  79  61 100  60   0   0
JACKSO 089921 221024 13 F 1  80  57  46 1 1 135  4  0  81  49 100  29   0   0
JACKSO 089921 221025 13 F 1  83  64  53 1 3 180  9  0  83  54 100  42   0   0
JACKSO 089921 221026 13 F 0  78  55  46 3 3 293  5  0  84  61 100  45   0   0
JACKSO 089921 221027 13 F 0  78  53  43 1 1 360  3  0  79  50 100  39   0   0
JACKSO 089921 221028 13 F 1  80  57  47 1 1 113  6  0  81  53 100  38   0   0
JACKSO 089921 221029 13 F 1  77  62  62 1 1 135  7  0  83  58 100  41   0   0
JACKSO 089921 221030 13 F 1  77  62  61 1 1 180  7  0  78  58 100  58   0   0
DIXIE  089923 221024 13 F 1  81  56  43 1 1  68  4  0  81  55 100  39   0   0
DIXIE  089923 221025 13 F 1  83  58  44 1 1 203  4  0  83  55 100  40   0   0
DIXIE  089923 221026 13 F 1  82  68  63 1 2 248  8  0  84  62 100  43   0   0
DIXIE  089923 221027 13 F 0  81  56  43 1 1 293  3  0  83  56  96  41   0   0
DIXIE  089923 221028 13 F 1  83  61  49 1 1 135  5  0  83  58 100  40   0   0
DIXIE  089923 221029 13 F 1  82  64  55 1 1 158  5  0  84  61 100  46   0   0
DIXIE  089923 221030 13 F 1  81  62  53 1 1 180  8  0  83  61 100  51   0   0
JEFFER 089928 221024 13 F 0  80  57  46 1 1  90  3  0  80  52 100  34   0   0
JEFFER 089928 221025 13 F 1  81  61  51 1 1 180  4  0  82  54  96  41   0   0
JEFFER 089928 221026 13 F 1  80  64  59 1 2 270  4  0  83  63 100  49   0   0
JEFFER 089928 221027 13 F 0  79  56  46 1 1 360  2  0  81  54  86  45   0   0
JEFFER 089928 221028 13 F 1  82  60  49 1 1 113  4  0  83  56 100  41   0   0
JEFFER 089928 221029 13 F 1  78  63  62 1 1 135  4  0  84  61  93  46   0   0
JEFFER 089928 221030 13 F 1  78  63  61 1 1 180  7  0  81  60  97  56   0   0
LAFAYE 089929 221024 13 F 1  81  55  42 1 1  68  4  0  81  53 100  36   0   0
LAFAYE 089929 221025 13 F 1  83  58  44 1 1 180  4  0  83  53 100  38   0   0
LAFAYE 089929 221026 13 F 1  81  68  65 1 1 225  6  0  84  62 100  41   0   0
LAFAYE 089929 221027 13 F 0  81  57  44 1 1  23  3  0  83  55  93  41   0   0
LAFAYE 089929 221028 13 F 1  82  60  49 1 1 113  5  0  83  57 100  38   0   0
LAFAYE 089929 221029 13 F 1  81  63  55 1 1 135  5  0  84  61 100  44   0   0
LAFAYE 089929 221030 13 F 1  80  61  54 1 1 180  8  0  82  61 100  51   0   0
LEON   089930 221024 13 F 0  80  57  46 1 1 113  3  0  81  53 100  32   0   0
LEON   089930 221025 13 F 1  81  62  53 1 2 180  5  0  82  56  96  44   0   0
LEON   089930 221026 13 F 0  79  61  56 2 2 270  4  0  82  64 100  51   0   0
LEON   089930 221027 13 F 0  79  55  45 1 1 360  3  0  81  54  90  44   0   0
LEON   089930 221028 13 F 1  82  60  48 1 1 113  5  0  82  56 100  41   0   0
LEON   089930 221029 13 F 1  79  64  61 1 1 135  6  0  83  61 100  46   0   0
LEON   089930 221030 13 F 1  76  63  65 1 1 180  7  0  80  61  97  58   0   0
MADISO 089931 221024 13 F 0  79  57  47 1 1  68  3  0  79  52 100  39   0   0
MADISO 089931 221025 13 F 1  82  60  48 1 1 180  4  0  83  52 100  41   0   0
MADISO 089931 221026 13 F 1  80  66  64 1 1 248  5  0  84  62 100  46   0   0
MADISO 089931 221027 13 F 0  79  56  46 1 1 360  2  0  82  54  93  45   0   0
MADISO 089931 221028 13 F 1  82  62  51 1 1 113  5  0  83  56 100  41   0   0
MADISO 089931 221029 13 F 1  79  64  61 1 1 113  5  0  84  60 100  46   0   0
MADISO 089931 221030 13 F 1  78  63  62 1 1 180  7  0  81  60 100  54   0   0
TAYLOR 089932 221024 13 F 1  79  58  49 1 1  68  4  0  80  52 100  39   0   0
TAYLOR 089932 221025 13 F 1  81  62  53 1 1 203  4  0  81  53 100  44   0   0
TAYLOR 089932 221026 13 F 1  78  67  69 1 1 248  6  0  81  62 100  53   0   0
TAYLOR 089932 221027 13 F 0  79  57  47 1 1 315  3  0  80  54  93  47   0   0
TAYLOR 089932 221028 13 F 1  81  62  54 1 1 135  4  0  81  56 100  45   0   0
TAYLOR 089932 221029 13 F 1  78  64  64 1 1 135  5  0  82  59 100  53   0   0
TAYLOR 089932 221030 13 F 1  78  63  62 1 1 180  8  0  79  59 100  60   0   0
BRADFO 089934 221024 13 F 1  81  53  39 1 1  45  4  0  81  54 100  39   0   0
BRADFO 089934 221025 13 F 1  84  59  43 1 1  45  3  0  84  54 100  38   0   0
BRADFO 089934 221026 13 F 1  83  69  63 1 1 225  6  0  84  60 100  41   0   0
BRADFO 089934 221027 13 F 0  83  60  47 1 1  45  3  0  83  56 100  47   0   0
BRADFO 089934 221028 13 F 1  84  62  49 1 1  90  4  0  84  59 100  47   0   0
BRADFO 089934 221029 13 F 2  82  65  58 1 1  90  4  0  84  62 100  49   0   0
BRADFO 089934 221030 13 F 1  82  64  55 1 1 180  5  0  82  62 100  55   0   0
CAMILL 098201 221024 13 F 0  79  53  42 1 1 113  3  0  79  50 100  31   0   0
CAMILL 098201 221025 13 F 1  81  57  45 1 2 180  5  0  81  52 100  36   0   0
CAMILL 098201 221026 13 F 0  77  55  48 2 2 270  5  0  83  61 100  43   0   0
CAMILL 098201 221027 13 F 0  77  51  41 1 1 360  2  0  79  50 100  40   0   0
CAMILL 098201 221028 13 F 1  79  57  48 1 1 113  5  0  80  54 100  36   0   0
CAMILL 098201 221029 13 F 2  75  60  60 1 1 113  7  0  82  59 100  41   0   0
CAMILL 098201 221030 13 F 1  75  61  62 1 1 180  7  0  78  58 100  52   0   0
ADEL   098401 221024 13 F 1  78  52  41 1 1  90  4  0  78  52 100  36   0   0
ADEL   098401 221025 13 F 1  80  54  42 1 1 180  4  0  81  52 100  38   0   0
ADEL   098401 221026 13 F 1  79  59  52 1 2 270  5  0  83  62 100  38   0   0
ADEL   098401 221027 13 F 0  78  52  41 1 1  23  3  0  80  53  90  40   0   0
ADEL   098401 221028 13 F 1  80  57  47 1 1  90  6  0  80  56 100  38   0   0
ADEL   098401 221029 13 F 1  78  61  56 1 1 113  6  0  82  60 100  43   0   0
ADEL   098401 221030 13 F 1  77  60  57 1 1 158  8  0  79  59 100  52   0   0
 
 
 
End of WIMS Bulletin @ 23-OCT-22 20:25:43 GMT

