SHUS62 KMWI 231929
FWOMFL
Weather Information Management System (WIMS)
USDA National Information Technology Center (KMWI)
23-OCT-22 19:29:49 GMT
 
Listing of Observations (Miami, FL)
 
ST NME STAT'N   DATE HR T W DBT DPT  RH Y M DIR WS 10 TMX TMN HMX HMN PD PPAMT
------ ------ ------ -- - - --- --- --- - - --- -- -- --- --- --- --- -- -----
Stations not in a Zone:
BRIGHT 085801 221023 13 R 2  85  63  49 0 0  59  4     85  61 100  39  0 0.000
LOXAHA 086001 221023 13 R 1  84  65  54 0 0  49 10     84  65  98  50  0 0.000
STRF B 086201 221023 13 R 2  83  66  58 0 0  26  6     83  65 100  41  0 0.000
HONEYM 086301 221023 13 O 2  83  65  55 0 0  63  4     84  64  98  41  0 0.000
OASIS  086401 221023 13 O 2  86  66  52 0 0  78  9     86  66  98  43  0 0.000
MILES  086402 221023 13 O 2  84  64  52 0 0  60  5     85  65 100  47  0 0.000
OCHOPE 086403 221023 13 O 3  82  67  60 0 0  54  8     84  65  98  47  0 0.000
RACCOO 086404 221023 13 O 1  83  66  56 0 0  25  6     83  67  95  44  0 0.000
PANTHE 086405 221023 13 R 2  85  64  51 0 0  58  7     85  64 100  43  0 0.000
PANTHE 086406 221023 13 R 2  87  63  46 0 0  68  5     87  63  98  40  0 0.000
CACHE  086702 221023 13 O 3  83  63  51 0 0  18  7     85  67  96  48  0 0.000
CHEKIK 086704 221023 13 O 2  84  67  56 0 0  38  7     84  69 100  48  0 0.000
MONROE 089903 221023 13 O 2  86  64  48 0 0  70  9     86  71  83  45  1 0.010
BROWAR 089956 221023 13 O 2  81  67  63 0 0  63  5     81  66  93  55  0 0.000
COLLIE 089957 221023 13 O 1  80  64  59 0 0  62  7     81  62  98  49  0 0.000
HENDRY 089958 221023 13 O 1  80  67  64 0 0  40 12     81  62 100  50  0 0.000
MIAMI- 089959 221023 13 O 2  86  64  48 0 0  70  9     86  71  83  45  1 0.010
PALM B 089960 221023 13 O 2  82  64  54 0 0 360 16     82  66  93  50  0 0.000
GLADES 089961 221023 13 O 1  81  67  63 0 0  50  5     83  65  95  47  0 0.000
 
 
 
End of WIMS Bulletin @ 23-OCT-22 19:29:49 GMT

