SHUS62 KMWI 232025
FWOMFL
Weather Information Management System (WIMS)
USDA National Information Technology Center (KMWI)
23-OCT-22 20:25:42 GMT
 
Listing of Forecasted Observations (Miami, FL)
 
ST NME STAT'N   DATE HR T W DBT DPT  RH Y M DIR WS 10 TMX TMN HMX HMN PD1 PD2
------ ------ ------ -- - - --- --- --- - - --- -- -- --- --- --- ---  --  --
Stations not in a Zone:
BRIGHT 085801 221024 13 F 1  84  69  61 1 1  68  8  0  84  64 100  53   0   0
BRIGHT 085801 221025 13 F 1  85  65  52 1 1  23  3  0  85  63 100  52   0   0
BRIGHT 085801 221026 13 F 1  86  65  51 1 1 270  3  0  86  65  93  51   0   0
BRIGHT 085801 221027 13 F 1  84  68  60 1 1 225  3  0  86  66  95  51   0   0
BRIGHT 085801 221028 13 F 1  85  67  56 1 1  90  3  0  85  65  95  56   0   0
BRIGHT 085801 221029 13 F 1  85  68  58 1 1  90  4  0  85  66  99  56   0   0
BRIGHT 085801 221030 13 F 1  84  68  59 1 1 135  3  0  85  66  99  58   0   0
LOXAHA 086001 221024 13 F 1  82  69  65 1 1  68  9  0  83  71  90  57   0   0
LOXAHA 086001 221025 13 F 1  84  67  57 1 1  23  5  0  84  69  93  57   0   0
LOXAHA 086001 221026 13 F 1  85  65  53 1 1 338  4  0  85  69  90  53   0   0
LOXAHA 086001 221027 13 F 1  85  69  59 1 1  90  3  0  85  69  95  53   0   0
LOXAHA 086001 221028 13 F 1  85  69  60 1 1  90  8  0  85  70  95  59   0   0
LOXAHA 086001 221029 13 F 1  85  70  61 1 1  90  8  0  85  72  94  60   0   0
LOXAHA 086001 221030 13 F 1  82  69  65 1 1  90  8  0  85  71  92  61   0   0
STRF B 086201 221024 13 F 1  83  67  60 1 1  68  6  0  83  65 100  51   0   0
STRF B 086201 221025 13 F 1  84  65  54 1 1  23  3  0  84  64 100  52   0   0
STRF B 086201 221026 13 F 1  84  64  52 1 1 293  2  0  84  64 100  51   0   0
STRF B 086201 221027 13 F 1  85  66  54 1 1 270  1  0  85  66  98  51   0   0
STRF B 086201 221028 13 F 1  85  67  56 1 1  90  4  0  85  66 100  54   0   0
STRF B 086201 221029 13 F 1  85  67  55 1 1  90  4  0  85  67 100  55   0   0
STRF B 086201 221030 13 F 1  83  66  57 1 1  90  3  0  85  66 100  55   0   0
HONEYM 086301 221024 13 F 1  84  67  57 1 1  68  6  0  84  66 100  49   0   0
HONEYM 086301 221025 13 F 1  85  65  52 1 1  23  2  0  85  66  99  52   0   0
HONEYM 086301 221026 13 F 1  85  63  49 1 1 293  2  0  85  67  97  49   0   0
HONEYM 086301 221027 13 F 1  86  66  53 1 1 270  1  0  86  67  99  48   0   0
HONEYM 086301 221028 13 F 1  86  66  53 1 1  90  3  0  86  67 100  52   0   0
HONEYM 086301 221029 13 F 1  86  67  54 1 1  90  4  0  86  68  99  53   0   0
HONEYM 086301 221030 13 F 1  84  66  55 1 1 113  3  0  86  67 100  54   0   0
OASIS  086401 221024 13 F 1  85  67  55 1 1  68  8  0  86  68  97  46   0   0
OASIS  086401 221025 13 F 1  84  65  54 1 1  23  2  0  86  68  99  51   0   0
OASIS  086401 221026 13 F 1  86  65  50 1 1 293  3  0  86  69  97  49   0   0
OASIS  086401 221027 13 F 1  86  67  54 1 1 225  2  0  86  69  95  49   0   0
OASIS  086401 221028 13 F 1  85  68  57 1 1  90  4  0  86  69  99  53   0   0
OASIS  086401 221029 13 F 1  87  69  56 1 1  90  5  0  87  69  99  53   0   0
OASIS  086401 221030 13 F 1  85  68  57 1 1 113  3  0  87  69  99  54   0   0
MILES  086402 221024 13 F 1  85  67  55 1 1  68  6  0  85  66 100  49   0   0
MILES  086402 221025 13 F 1  86  65  50 1 1  23  2  0  86  66 100  50   0   0
MILES  086402 221026 13 F 1  86  64  48 1 1 293  3  0  86  66 100  48   0   0
MILES  086402 221027 13 F 1  86  66  53 1 1 248  1  0  86  67 100  48   0   0
MILES  086402 221028 13 F 1  86  66  53 1 1  90  3  0  86  68  99  53   0   0
MILES  086402 221029 13 F 1  86  67  54 1 1  90  4  0  86  68  99  52   0   0
MILES  086402 221030 13 F 1  85  65  53 1 1 113  3  0  86  68  99  53   0   0
OCHOPE 086403 221024 13 F 1  84  68  59 1 1  68  4  0  84  67 100  53   0   0
OCHOPE 086403 221025 13 F 1  84  65  54 1 1 360  2  0  85  67 100  54   0   0
OCHOPE 086403 221026 13 F 0  84  66  55 1 1 270  3  0  84  69  97  54   0   0
OCHOPE 086403 221027 13 F 1  84  68  60 1 1 225  3  0  84  69  98  55   0   0
OCHOPE 086403 221028 13 F 0  85  67  56 1 1 113  3  0  85  69  99  56   0   0
OCHOPE 086403 221029 13 F 1  85  68  58 1 1 113  4  0  85  69  99  56   0   0
OCHOPE 086403 221030 13 F 1  83  69  63 1 1 180  3  0  85  69  99  58   0   0
RACCOO 086404 221024 13 F 1  84  66  55 1 1  68  8  0  85  67 100  48   0   0
RACCOO 086404 221025 13 F 1  84  64  52 1 1  23  3  0  86  67 100  50   0   0
RACCOO 086404 221026 13 F 1  85  64  50 1 1 293  3  0  86  67 100  48   0   0
RACCOO 086404 221027 13 F 1  86  65  51 1 1 225  1  0  86  68  99  48   0   0
RACCOO 086404 221028 13 F 1  86  66  53 1 1  90  5  0  86  69  99  51   0   0
RACCOO 086404 221029 13 F 1  86  66  53 1 1  90  5  0  86  69  99  53   0   0
RACCOO 086404 221030 13 F 1  84  67  57 1 1 113  4  0  86  69  99  53   0   0
PANTHE 086405 221024 13 F 1  85  67  55 1 1  68  6  0  85  66 100  49   0   0
PANTHE 086405 221025 13 F 1  86  66  52 1 1  23  2  0  86  66 100  51   0   0
PANTHE 086405 221026 13 F 1  86  65  50 1 1 270  3  0  86  66 100  49   0   0
PANTHE 086405 221027 13 F 1  86  67  55 1 1 248  2  0  86  68  99  49   0   0
PANTHE 086405 221028 13 F 1  87  68  54 1 1  90  2  0  87  67 100  53   0   0
PANTHE 086405 221029 13 F 1  87  68  55 1 1  90  3  0  87  68  99  53   0   0
PANTHE 086405 221030 13 F 1  85  67  55 1 1 135  3  0  87  68 100  54   0   0
PANTHE 086406 221024 13 F 1  85  67  56 1 1  68  6  0  85  66 100  51   0   0
PANTHE 086406 221025 13 F 1  85  65  53 1 1  23  2  0  86  66 100  53   0   0
PANTHE 086406 221026 13 F 1  85  66  54 1 1 270  3  0  85  66 100  52   0   0
PANTHE 086406 221027 13 F 1  85  69  60 1 1 248  3  0  85  68  99  53   0   0
PANTHE 086406 221028 13 F 1  86  67  55 1 1 113  2  0  86  67 100  55   0   0
PANTHE 086406 221029 13 F 1  86  68  57 1 1 113  3  0  86  68  99  55   0   0
PANTHE 086406 221030 13 F 1  84  68  59 1 1 158  3  0  86  68 100  57   0   0
CACHE  086702 221024 13 F 1  84  68  59 1 1  68  8  0  84  68  97  53   0   0
CACHE  086702 221025 13 F 1  85  67  56 1 1  68  3  0  85  69  97  56   0   0
CACHE  086702 221026 13 F 1  85  64  51 1 1 270  3  0  85  69  94  51   0   0
CACHE  086702 221027 13 F 1  85  67  55 1 1 135  3  0  85  68  96  51   0   0
CACHE  086702 221028 13 F 1  86  67  55 1 1  90  8  0  86  69  96  55   0   0
CACHE  086702 221029 13 F 1  86  69  58 1 1  90  8  0  86  70  98  55   0   0
CACHE  086702 221030 13 F 1  84  69  61 1 1 113  6  0  86  69  99  58   0   0
CHEKIK 086704 221024 13 F 1  86  66  53 1 1  68  9  0  86  68  97  50   0   0
CHEKIK 086704 221025 13 F 1  86  66  52 1 1  45  4  0  86  69  97  52   0   0
CHEKIK 086704 221026 13 F 1  86  64  49 1 1 315  4  0  86  68  97  48   0   0
CHEKIK 086704 221027 13 F 1  87  66  50 1 1  90  3  0  87  68  96  48   0   0
CHEKIK 086704 221028 13 F 1  86  67  54 1 1  90  9  0  87  69  95  49   0   0
CHEKIK 086704 221029 13 F 1  86  66  53 1 1  90  9  0  86  69 100  53   0   0
CHEKIK 086704 221030 13 F 1  85  68  57 1 1 113  8  0  86  69  99  53   0   0
MONROE 089903 221024 13 F 1  84  68  59 1 1  68  8  0  85  68  97  51   0   0
MONROE 089903 221025 13 F 1  83  66  58 1 1  23  3  0  85  68  99  57   0   0
MONROE 089903 221026 13 F 1  84  65  54 1 1 270  5  0  84  69  97  54   0   0
MONROE 089903 221027 13 F 1  84  66  56 1 1 248  3  0  84  68  98  54   0   0
MONROE 089903 221028 13 F 1  86  67  55 1 1  90  5  0  86  69  97  55   0   0
MONROE 089903 221029 13 F 1  85  68  58 1 1 113  6  0  86  69  99  55   0   0
MONROE 089903 221030 13 F 1  84  69  61 1 1 135  5  0  85  69  99  58   0   0
BROWAR 089956 221024 13 F 1  84  67  57 1 1  68  8  0  84  69  93  53   0   0
BROWAR 089956 221025 13 F 1  84  65  54 1 1  23  3  0  84  68  97  54   0   0
BROWAR 089956 221026 13 F 1  83  64  54 1 1 315  3  0  84  69  93  53   0   0
BROWAR 089956 221027 13 F 1  85  67  55 1 1  68  2  0  85  69  92  50   0   0
BROWAR 089956 221028 13 F 1  85  67  56 1 1  90  5  0  85  70  94  55   0   0
BROWAR 089956 221029 13 F 1  85  67  56 1 1  90  6  0  85  70  95  56   0   0
BROWAR 089956 221030 13 F 1  83  67  59 1 1  90  5  0  85  70  95  56   0   0
COLLIE 089957 221024 13 F 1  86  67  54 1 1  68  6  0  87  66 100  48   0   0
COLLIE 089957 221025 13 F 1  86  66  52 1 1  23  2  0  87  66 100  51   0   0
COLLIE 089957 221026 13 F 1  86  65  50 1 1 270  3  0  86  66 100  49   0   0
COLLIE 089957 221027 13 F 1  86  67  54 1 1 248  2  0  86  68  99  49   0   0
COLLIE 089957 221028 13 F 1  86  67  55 1 1  90  2  0  86  68  99  54   0   0
COLLIE 089957 221029 13 F 1  86  67  55 1 1 113  3  0  86  68  99  54   0   0
COLLIE 089957 221030 13 F 1  85  65  53 1 1 135  3  0  86  68  99  53   0   0
HENDRY 089958 221024 13 F 1  83  67  59 1 1  68  6  0  83  65  97  54   0   0
HENDRY 089958 221025 13 F 1  84  65  54 1 1  23  3  0  84  64 100  54   0   0
HENDRY 089958 221026 13 F 1  84  63  51 1 1 293  3  0  84  65  97  51   0   0
HENDRY 089958 221027 13 F 1  84  66  56 1 1 270  1  0  84  66  99  51   0   0
HENDRY 089958 221028 13 F 1  85  68  58 1 1  90  3  0  85  65  99  56   0   0
HENDRY 089958 221029 13 F 1  85  67  55 1 1  90  4  0  85  66  99  55   0   0
HENDRY 089958 221030 13 F 1  83  66  57 1 1 113  3  0  85  66  99  55   0   0
MIAMI- 089959 221024 13 F 1  86  66  53 1 1  68  9  0  86  69  93  50   0   0
MIAMI- 089959 221025 13 F 1  86  66  53 1 1  45  4  0  86  69  95  52   0   0
MIAMI- 089959 221026 13 F 1  86  64  49 1 1 315  3  0  86  69  93  48   0   0
MIAMI- 089959 221027 13 F 1  87  66  50 1 1  90  3  0  87  68  95  48   0   0
MIAMI- 089959 221028 13 F 1  86  66  53 1 1  90  9  0  87  69  95  49   0   0
MIAMI- 089959 221029 13 F 1  86  66  53 1 1  90  9  0  86  70 100  53   0   0
MIAMI- 089959 221030 13 F 1  85  68  57 1 1  90  8  0  86  70  95  53   0   0
PALM B 089960 221024 13 F 2  81  69  67 1 1  68  8  0  83  66 100  60   0   0
PALM B 089960 221025 13 F 1  83  66  58 1 1 360  4  0  83  65 100  58   0   0
PALM B 089960 221026 13 F 1  82  65  58 1 1 293  4  0  83  65 100  58   0   0
PALM B 089960 221027 13 F 1  84  68  60 1 1 338  3  0  84  65  99  53   0   0
PALM B 089960 221028 13 F 1  84  68  60 1 1  90  5  0  84  66  99  60   0   0
PALM B 089960 221029 13 F 1  84  69  62 1 1  90  6  0  84  67  99  60   0   0
PALM B 089960 221030 13 F 1  82  69  65 1 1 113  5  0  84  67 100  62   0   0
GLADES 089961 221024 13 F 1  84  69  61 1 1  68  8  0  84  64 100  55   0   0
GLADES 089961 221025 13 F 1  84  65  54 1 1  23  3  0  84  64  97  54   0   0
GLADES 089961 221026 13 F 1  86  65  51 1 1 270  3  0  86  65  93  51   0   0
GLADES 089961 221027 13 F 1  84  68  60 1 1 248  2  0  86  66  95  51   0   0
GLADES 089961 221028 13 F 1  85  68  58 1 1  90  3  0  85  65  95  58   0   0
GLADES 089961 221029 13 F 1  85  68  58 1 1  90  4  0  85  66  99  58   0   0
GLADES 089961 221030 13 F 1  83  69  63 1 1 113  3  0  85  65 100  58   0   0
 
 
 
End of WIMS Bulletin @ 23-OCT-22 20:25:42 GMT

