SHUS65 KMWI 232115
FWOTWC
Weather Information Management System (WIMS)
USDA National Information Technology Center (KMWI)
23-OCT-22 21:15:30 GMT
 
Listing of Observations (Tucson, AZ)
 
ST NME STAT'N   DATE HR T W DBT DPT  RH Y M DIR WS 10 TMX TMN HMX HMN PD PPAMT
------ ------ ------ -- - - --- --- --- - - --- -- -- --- --- --- --- -- -----
Stations not in a Zone:
CANELO 021303 221023 13 O 2  65  41  42 0 0 215 11  8  75  56  73  40  0 0.000
NWS Office:  TWC/Zone: 305
SASABE 021206 221023 13 O 3  68  49  50 0 0 223 12 10  82  56  93  36  0 0.000
SELLS  021209 221023 13 O 3  72  51  48 0 0 231 12  9  85  62  77  35  0 0.000
Count:     2  Zone Average:  70  50  49         12 10  84  59  85  36  0 0.000
 
Zone: 306
AZSCA_ 020698 221023 13 R 0  46  41  83 0 0 200  4     59  42  97  64  1 0.010
HORSE  020903 221023 13 O 3  57  47  70 0 0 282 23 12  79  57  75  37  0 0.000
COLUMB 021005 221023 13 O 3  40  37  88 0 0 214  9 20  48  35 100  78  0 0.000
MULE S 021007 221023 13 O 2  67  38  34 0 0 280 14  7  77  55  76  34  0 0.000
BLACK  021008 221023 12 O 3  70  43  37 0 0 256 13  7  82  60  74  35  1 0.020
DRY LA 021009 221023 13 R 4  45  44  97 0 0 244  8     64  43 100  57  1 0.010
NOON C 021010 221023 12 O 1  68  41  37 0 0 225  4  7  72  60  73  33  2 0.400
GUTHRI 021104 221023 13 O 2  59  40  49 0 0 241 12 10  68  51  99  49  2 0.070
TRAIL  021105 221023 13 R 3  57  37  48 0 0 209  8     69  50  80  39  0 0.000
SAGUAR 021202 221023 13 O 3  73  46  38 0 0 295 11     88  60  71  30  0 0.000
EMPIRE 021205 221023 12 O 3  67  42  40 0 0 200 11  8  76  55  75  37  0 0.000
RINCON 021207 221023 12 O 3  44  43  95 0 0 241  5 22  58  40 100  76  0 0.000
SCOUT  021208 221023 12 O 3  51  40  66 0 0 241  9 13  62  42 100  61  0 0.000
HOPKIN 021302 221023 13 O 3  58  41  53 0 0 275  5 11  62  44 100  53  0 0.000
HEADQU 021409 221023 12 O 2  64  44  48 0 0 192  7  9  75  57  82  45  1 0.040
CARR   021411 221023 13 O 2  65  42  43 0 0 253  4  8  71  56  67  38  0 0.000
RUCKER 021414 221023 12 O 3  61  43  52 0 0 250 14 11  73  56  91  46  3 0.190
Count:    17  Zone Average:  58  42  58         10 11  70  51  86  48  1 0.044
 
 
 
End of WIMS Bulletin @ 23-OCT-22 21:15:30 GMT

