SHUS64 KMWI 232104
FWOEWX
Weather Information Management System (WIMS)
USDA National Information Technology Center (KMWI)
23-OCT-22 21:04:43 GMT
 
Listing of Observations (Austin/San Antonio, TX)
 
ST NME STAT'N   DATE HR T W DBT DPT  RH Y M DIR WS 10 TMX TMN HMX HMN PD PPAMT
------ ------ ------ -- - - --- --- --- - - --- -- -- --- --- --- --- -- -----
Stations not in a Zone:
BASTRO 415501 221023 13 O 3  83  64  53 0 0 166 12     87  68  91  38  0 0.000
LAGRAN 415602 221023 13 O 3  85  64  49 0 0 169  9     88  64  96  35  0 0.000
NEASLO 416401 221023 13 O 2  87  66  49 0 0 156 12     88  65  99  37  0 0.000
LOST M 417802 221023 13 O 3  75  60  59 0 0 145 14     80  64  94  41  0 0.000
BIRD   417901 221023 13 O 0  83  58  43 0 0 177 19     85  68  81  35  0 0.000
BALCON 417902 221023 13 O 0  86  60  41 0 0 160  6     87  70  80  32  0 0.000
BALCON 417903 221023 13 O 0  83  59  44 0 0 175 20  7  85  68  82  33  0 0.000
EAST A 417904 221023 13 O 2  86  64  48 0 0 182 11     88  65  98  35  0 0.000
SOUTH  417905 221023 13 O 2  85  61  44 0 0 188 13     86  66  92  32  0 0.000
KICKAP 418001 221023 13 O 3  76  63  64 0 0 140 10     81  66  93  48  0 0.000
MERRIL 418002 221023 13 O 3  77  58  52 0 0 160  9     85  65  89  32  0 0.000
DEL RI 418003 221023 12 O 0  77  66  70 0 0 147 13     82  66  89  42  0 0.000
GUADAL 418101 221023 13 O 2  82  62  50 0 0 174 13     86  68  87  37  0 0.000
PEARSA 418102 221023 13 O 1  86  63  47 0 0 159 11     87  66  98  34  0 0.000
HONDO  418103 221023 12 O 0  84  64  51 0 0 160 16     86  66  96  35  0 0.000
STINSO 418104 221023 12 O 1  86  63  46 0 0 167 13     88  64  99  36  0 0.000
NEW BR 418105 221023 12 O 1  84  62  47 0 0 157 20     88  64  94  35  0 0.000
 
 
 
End of WIMS Bulletin @ 23-OCT-22 21:04:43 GMT

