SMPA01 KWBC 231800 RRB
AAXX 23184
91165 12966 00610 10261 20211 30138 40173 53014 69901 91753=
91212 12566 20908 10267 20244 39997 40079 56013 69931 91754=
91285 12566 62505 10256 20200 30158 40171 52016 60021 91753=
91334 11472 69906 10261 20237 30071 40074 57008 60011 78082 82271=
91348 32474 51303 10248 20237 30030 40083 56008 82101=
91376 32474 80905 10273 20239 30097 40100 53008 84871=
91408 11463 82805 10237 20228 39997 40054 60041 78082 8737/=
91413 11469 81708 10250 20247 30039 40064 55014 60511 78082 8432/=
