NOAA 15                 
1 25338U 98030A   22296.45837528  .00000143  00000+0  77941-4 0  9993
2 25338  98.6343 324.2628 0009302 285.9259  74.0896 14.26186020271517
DMSP 5D-3 F15 (USA 147) 
1 25991U 99067A   22295.83803424  .00000178  00000+0  11261-3 0  9998
2 25991  99.0629 289.6521 0009959 182.3389 301.5381 14.16586467181809
DMSP 5D-3 F16 (USA 172) 
1 28054U 03048A   22296.50901196  .00000121  00000+0  87961-4 0  9994
2 28054  98.9997 288.0435 0006778 322.6322 200.2406 14.13697461981116
NOAA 18                 
1 28654U 05018A   22296.39484043  .00000188  00000+0  12541-3 0  9997
2 28654  98.9376   6.6588 0013651 333.3746  26.6723 14.12794530898138
METEOSAT-9 (MSG-2)      
1 28912U 05049B   22295.50650325  .00000140  00000+0  00000+0 0  9999
2 28912   6.3018  65.4322 0001731 190.5764   2.9300  1.00271032 61667
EWS-G1 (GOES 13)        
1 29155U 06018A   22295.50972966  .00000046  00000+0  00000+0 0  9999
2 29155   0.8959  94.7691 0006579 128.8374  52.2705  1.00270452 30006
DMSP 5D-3 F17 (USA 191) 
1 29522U 06050A   22296.49860427  .00000132  00000+0  92044-4 0  9990
2 29522  98.7651 309.1452 0008836 255.1981 104.8213 14.14127579824002
FENGYUN 3A              
1 32958U 08026A   22296.47111264  .00000097  00000+0  67040-4 0  9996
2 32958  98.5202 253.9660 0009173  20.2293 339.9245 14.18752435746488
FENGYUN 2E              
1 33463U 08066A   22295.94504243 -.00000189  00000+0  00000+0 0  9997
2 33463   6.1854  64.5149 0000554  45.5049 348.0970  1.00269407 50729
NOAA 19                 
1 33591U 09005A   22296.48154701  .00000176  00000+0  11976-3 0  9996
2 33591  99.1356 333.2367 0013875 184.7352 175.3690 14.12626476706527
GOES 14                 
1 35491U 09033A   22295.62025122 -.00000086  00000+0  00000+0 0  9990
2 35491   0.3064 266.2366 0018202 311.5153 292.3057  1.00273141 48739
METEOR-M 1              
1 35865U 09049A   22296.42579258  .00000116  00000+0  71424-4 0  9991
2 35865  98.5459 262.8653 0001808 184.9058 175.2103 14.22369688679878
DMSP 5D-3 F18 (USA 210) 
1 35951U 09057A   22296.52344725  .00000193  00000+0  12523-3 0  9995
2 35951  98.7383 272.8436 0012273  82.2602 277.9964 14.13574971671202
GOES 15                 
1 36411U 10008A   22295.59188958  .00000064  00000+0  00000+0 0  9995
2 36411   0.2661 278.9198 0003933 262.6251 294.1486  1.00270838 46292
COMS 1                  
1 36744U 10032A   22295.80993812 -.00000334  00000+0  00000+0 0  9999
2 36744   1.4004  91.8537 0000856 122.3935 236.7350  1.00272743 37712
FENGYUN 3B              
1 37214U 10059A   22296.26297517  .00000038  00000+0  44312-4 0  9990
2 37214  99.0951 304.5202 0022066 357.5084   2.5974 14.14270439619026
SUOMI NPP               
1 37849U 11061A   22296.49648514  .00000065  00000+0  51441-4 0  9991
2 37849  98.7419 233.3149 0000987  83.0799  49.1824 14.19553880569356
FENGYUN 2F              
1 38049U 12002A   22295.82196260 -.00000344  00000+0  00000+0 0  9993
2 38049   4.0982  78.6383 0000709 330.4755  30.0200  1.00264349 39508
METEOSAT-10 (MSG-3)     
1 38552U 12035B   22295.78621962  .00000071  00000+0  00000+0 0  9991
2 38552   1.7236  47.6050 0001201 157.0625 118.8567  1.00275983 37489
METOP-B                 
1 38771U 12049A   22296.44205350  .00000111  00000+0  70588-4 0  9990
2 38771  98.7149 354.3510 0001395  68.1722 303.3094 14.21485327523910
FENGYUN 3C              
1 39260U 13052A   22296.24365285  .00000080  00000+0  61293-4 0  9999
2 39260  98.4470 317.8429 0009928 266.2885  93.7158 14.15952348470009
METEOR-M 2              
1 40069U 14037A   22296.21879321  .00000018  00000+0  27643-4 0  9992
2 40069  98.4302 308.1828 0004935 321.2458  38.8368 14.20722965430004
HIMAWARI-8              
1 40267U 14060A   22296.46699663 -.00000265  00000+0  00000+0 0  9992
2 40267   0.0339 137.4208 0001210  99.8643 103.3843  1.00273804 29507
FENGYUN 2G              
1 40367U 14090A   22295.84807647 -.00000289  00000+0  00000+0 0  9996
2 40367   2.2505  88.1201 0002905 202.7145 145.1863  1.00263746 28628
METEOSAT-11 (MSG-4)     
1 40732U 15034A   22296.45952117  .00000010  00000+0  00000+0 0  9993
2 40732   0.5700  74.7290 0000389  95.4957  27.2487  1.00280052 26655
ELEKTRO-L 2             
1 41105U 15074A   22296.25188258 -.00000102  00000+0  00000+0 0  9990
2 41105   3.3044  86.5963 0002921 129.1144 252.2185  1.00272453 25152
HIMAWARI-9              
1 41836U 16064A   22296.56283772 -.00000265  00000+0  00000+0 0  9992
2 41836   0.0202 109.9789 0000605 120.8510 144.5019  1.00268032 21941
GOES 16                 
1 41866U 16071A   22295.44872122 -.00000240  00000+0  00000+0 0  9995
2 41866   0.0598 279.6539 0000811 339.3523 218.2234  1.00271121 21749
FENGYUN 4A              
1 41882U 16077A   22295.94870485 -.00000322  00000+0  00000+0 0  9995
2 41882   0.1644 286.8897 0004425 114.4016  76.2684  1.00275665 21615
CYGFM05                 
1 41884U 16078A   22295.94959279  .00003882  00000+0  19262-3 0  9994
2 41884  34.9547 127.4086 0013945 156.7552 203.3793 15.17086977324254
CYGFM04                 
1 41885U 16078B   22295.82472950  .00004507  00000+0  21994-3 0  9998
2 41885  34.9479 116.6963 0012658 174.5011 185.5841 15.17632913324185
CYGFM02                 
1 41886U 16078C   22295.87811730  .00004266  00000+0  20801-3 0  9995
2 41886  34.9569 118.6137 0013208 168.4691 191.6325 15.17671513324273
CYGFM01                 
1 41887U 16078D   22295.83628464  .00003956  00000+0  19733-3 0  9999
2 41887  34.9513 130.7127 0014329 154.9071 205.2339 15.16886754324084
CYGFM08                 
1 41888U 16078E   22295.78097943  .00004332  00000+0  21300-3 0  9998
2 41888  34.9484 123.1015 0013724 167.4518 192.6538 15.17373456324213
CYGFM06                 
1 41889U 16078F   22295.85713151  .00004011  00000+0  19567-3 0  9999
2 41889  34.9565 117.4012 0012217 168.7258 191.3729 15.17687601324216
CYGFM07                 
1 41890U 16078G   22295.84718464  .00003948  00000+0  19300-3 0  9995
2 41890  34.9504 116.3225 0012132 173.3948 186.6926 15.17618053324197
CYGFM03                 
1 41891U 16078H   22295.84583699  .00004018  00000+0  19641-3 0  9993
2 41891  34.9535 116.8347 0011630 171.3618 188.7296 15.17621781324337
FENGYUN 3D              
1 43010U 17072A   22296.17030589  .00000118  00000+0  77491-4 0  9990
2 43010  98.8277 240.1997 0000850 241.6760 118.4333 14.19233844255882
NOAA 20                 
1 43013U 17073A   22296.50512847  .00000063  00000+0  50638-4 0  9996
2 43013  98.7258 233.0972 0001599  73.5057 286.6294 14.19552773255394
GOES 17                 
1 43226U 18022A   22294.70674245  .00000104  00000+0  00000+0 0  9997
2 43226   0.0624 280.3802 0000425 326.0240 260.8437  1.00273082 17047
FENGYUN 2H              
1 43491U 18050A   22295.87208566 -.00000117  00000+0  00000+0 0  9995
2 43491   1.4650  94.6743 0003609  69.4749 260.2150  1.00271884 16069
METOP-C                 
1 43689U 18087A   22296.40601380  .00000109  00000+0  69678-4 0  9996
2 43689  98.7194 354.3316 0003715  43.6648 316.4823 14.21479037205486
GEO-KOMPSAT-2A          
1 43823U 18100A   22293.72961108 -.00000340  00000+0  00000+0 0  9998
2 43823   0.0298  51.9674 0001011  84.2983 283.8401  1.00270350 14223
METEOR-M2 2             
1 44387U 19038A   22296.19906388  .00000056  00000+0  43836-4 0  9990
2 44387  98.7393 256.0453 0000208 283.7158  76.3999 14.23726320171581
FENGYUN 3E              
1 49008U 21062A   22296.28444715  .00000001  00000+0  21226-4 0  9995
2 49008  98.7172 296.2583 0001778  18.1736 341.9503 14.19742567 67454
GOES 18                 
1 51850U 22021A   22296.52340993  .00000106  00000+0  00000+0 0  9997
2 51850   0.0301  52.8666 0002468 172.3073 218.2577  1.00273767  2446
