NOAA 15                 
1 25338U 98030A   22296.45837528  .00000143  00000+0  77941-4 0  9993
2 25338  98.6343 324.2628 0009302 285.9259  74.0896 14.26186020271517
DMSP 5D-3 F15 (USA 147) 
1 25991U 99067A   22296.48334465  .00000165  00000+0  10582-3 0  9995
2 25991  99.0629 290.3090 0009996 180.4782 352.4671 14.16586713181896
DMSP 5D-3 F16 (USA 172) 
1 28054U 03048A   22296.50901196  .00000121  00000+0  87961-4 0  9994
2 28054  98.9997 288.0435 0006778 322.6322 200.2406 14.13697461981116
NOAA 18                 
1 28654U 05018A   22296.46566143  .00000178  00000+0  12006-3 0  9992
2 28654  98.9376   6.7294 0013649 333.1568  26.8896 14.12794501898052
METEOSAT-9 (MSG-2)      
1 28912U 05049B   22296.48382970  .00000142  00000+0  00000+0 0  9997
2 28912   6.3040  65.4253 0001683 190.5620 355.7496  1.00271358 61679
EWS-G1 (GOES 13)        
1 29155U 06018A   22296.47826979  .00000049  00000+0  00000+0 0  9991
2 29155   0.8981  94.7322 0006559 128.7107  42.0572  1.00270319 30015
DMSP 5D-3 F17 (USA 191) 
1 29522U 06050A   22296.49860427  .00000132  00000+0  92044-4 0  9990
2 29522  98.7651 309.1452 0008836 255.1981 104.8213 14.14127579824002
FENGYUN 3A              
1 32958U 08026A   22296.47111264  .00000097  00000+0  67040-4 0  9996
2 32958  98.5202 253.9660 0009173  20.2293 339.9245 14.18752435746376
FENGYUN 2E              
1 33463U 08066A   22295.94504243 -.00000189  00000+0  00000+0 0  9997
2 33463   6.1854  64.5149 0000554  45.5049 348.0970  1.00269407 50729
NOAA 19                 
1 33591U 09005A   22296.48154701  .00000176  00000+0  11976-3 0  9996
2 33591  99.1356 333.2367 0013875 184.7352 175.3690 14.12626476706268
GOES 14                 
1 35491U 09033A   22295.90707937 -.00000085  00000+0  00000+0 0  9991
2 35491   0.3057 266.2197 0018196 311.5484  35.8318  1.00273101 48738
METEOR-M 1              
1 35865U 09049A   22296.49613771  .00000118  00000+0  72024-4 0  9996
2 35865  98.5458 262.9335 0001811 184.6776 175.4386 14.22369715679745
DMSP 5D-3 F18 (USA 210) 
1 35951U 09057A   22296.52344725  .00000193  00000+0  12523-3 0  9995
2 35951  98.7383 272.8436 0012273  82.2602 277.9964 14.13574971671224
GOES 15                 
1 36411U 10008A   22296.52340993  .00000066  00000+0  00000+0 0  9990
2 36411   0.2636 278.9658 0003919 262.5536 270.4362  1.00270920 46308
COMS 1                  
1 36744U 10032A   22296.55021056 -.00000332  00000+0  00000+0 0  9992
2 36744   1.4022  91.8470 0000843 122.5698 143.7954  1.00272298 37725
FENGYUN 3B              
1 37214U 10059A   22296.26297517  .00000038  00000+0  44312-4 0  9990
2 37214  99.0951 304.5202 0022066 357.5084   2.5974 14.14270439619026
SUOMI NPP               
1 37849U 11061A   22296.57529068  .00000065  00000+0  51730-4 0  9993
2 37849  98.7419 233.3927 0000986  83.1337  91.6295 14.19553894569379
FENGYUN 2F              
1 38049U 12002A   22296.59409571 -.00000343  00000+0  00000+0 0  9999
2 38049   4.1002  78.6311 0000736 332.0138 307.1967  1.00263839 39518
METEOSAT-10 (MSG-3)     
1 38552U 12035B   22296.21667163  .00000072  00000+0  00000+0 0  9994
2 38552   1.7244  47.6273 0001192 156.1105 275.1798  1.00276063 37491
METOP-B                 
1 38771U 12049A   22296.53667733  .00000102  00000+0  66717-4 0  9996
2 38771  98.7148 354.4445 0001392  68.1265  67.3048 14.21485314523930
FENGYUN 3C              
1 39260U 13052A   22296.24365285  .00000080  00000+0  61293-4 0  9999
2 39260  98.4470 317.8429 0009928 266.2885  93.7158 14.15952348470009
METEOR-M 2              
1 40069U 14037A   22296.21879321  .00000018  00000+0  27643-4 0  9992
2 40069  98.4302 308.1828 0004935 321.2458  38.8368 14.20722965430004
HIMAWARI-8              
1 40267U 14060A   22296.56283773 -.00000265  00000+0  00000+0 0  9994
2 40267   0.0345 136.5320 0001208 100.5557 138.1797  1.00273755 29396
FENGYUN 2G              
1 40367U 14090A   22296.24477514 -.00000288  00000+0  00000+0 0  9996
2 40367   2.2515  88.1152 0002900 203.0225 288.0743  1.00263524 28631
METEOSAT-11 (MSG-4)     
1 40732U 15034A   22296.45952117  .00000010  00000+0  00000+0 0  9993
2 40732   0.5700  74.7290 0000389  95.4957  27.2487  1.00280052 26655
ELEKTRO-L 2             
1 41105U 15074A   22296.25188258 -.00000102  00000+0  00000+0 0  9990
2 41105   3.3044  86.5963 0002921 129.1144 252.2185  1.00272453 25152
HIMAWARI-9              
1 41836U 16064A   22296.56283772 -.00000265  00000+0  00000+0 0  9992
2 41836   0.0202 109.9789 0000605 120.8510 144.5019  1.00268032 21828
GOES 16                 
1 41866U 16071A   22296.21114046 -.00000238  00000+0  00000+0 0  9992
2 41866   0.0579 279.6532 0000798 342.9812 129.8143  1.00270474 21742
FENGYUN 4A              
1 41882U 16077A   22296.64515723 -.00000320  00000+0  00000+0 0  9992
2 41882   0.1626 286.5491 0004459 114.4234 328.0055  1.00275323 21623
CYGFM05                 
1 41884U 16078A   22295.94959279  .00003882  00000+0  19262-3 0  9994
2 41884  34.9547 127.4086 0013945 156.7552 203.3793 15.17086977324153
CYGFM04                 
1 41885U 16078B   22295.89051323  .00004539  00000+0  22149-3 0  9990
2 41885  34.9479 116.2858 0012673 175.0821 185.0017 15.17633559324194
CYGFM02                 
1 41886U 16078C   22296.53593696  .00004314  00000+0  21029-3 0  9994
2 41886  34.9569 114.5081 0013291 174.4602 185.6259 15.17676765324371
CYGFM01                 
1 41887U 16078D   22295.90210084  .00003978  00000+0  19843-3 0  9998
2 41887  34.9513 130.3024 0014340 155.5015 204.6380 15.16887249324094
CYGFM08                 
1 41888U 16078E   22295.78097943  .00004332  00000+0  21300-3 0  9998
2 41888  34.9484 123.1015 0013724 167.4518 192.6538 15.17373456324213
CYGFM06                 
1 41889U 16078F   22296.51494445  .00003945  00000+0  19244-3 0  9992
2 41889  34.9564 113.2955 0012302 174.7736 185.3106 15.17692293324314
CYGFM07                 
1 41890U 16078G   22296.57081166  .00003807  00000+0  18612-3 0  9997
2 41890  34.9503 111.8062 0012219 180.0463 180.0249 15.17623133324302
CYGFM03                 
1 41891U 16078H   22295.84583691  .00003852  00000+0  18836-3 0  9995
2 41891  34.9536 116.8346 0011627 171.3577 188.7337 15.17621468324188
FENGYUN 3D              
1 43010U 17072A   22296.17030589  .00000118  00000+0  77491-4 0  9990
2 43010  98.8277 240.1997 0000850 241.6760 118.4333 14.19233844255882
NOAA 20                 
1 43013U 17073A   22296.50512847  .00000063  00000+0  50638-4 0  9996
2 43013  98.7258 233.0972 0001599  73.5057 286.6294 14.19552773255394
GOES 17                 
1 43226U 18022A   22294.70674245  .00000104  00000+0  00000+0 0  9997
2 43226   0.0624 280.3802 0000425 326.0240 260.8437  1.00273082 17047
FENGYUN 2H              
1 43491U 18050A   22296.08709186 -.00000117  00000+0  00000+0 0  9993
2 43491   1.4656  94.6686 0003605  69.3753 337.9347  1.00271843 16077
METOP-C                 
1 43689U 18087A   22296.47640276  .00000103  00000+0  67073-4 0  9991
2 43689  98.7194 354.4011 0003712  43.4033 316.7436 14.21479021205499
GEO-KOMPSAT-2A          
1 43823U 18100A   22293.72961108 -.00000340  00000+0  00000+0 0  9998
2 43823   0.0298  51.9674 0001011  84.2983 283.8401  1.00270350 14223
METEOR-M2 2             
1 44387U 19038A   22296.19906388  .00000056  00000+0  43836-4 0  9990
2 44387  98.7393 256.0453 0000208 283.7158  76.3999 14.23726320171581
FENGYUN 3E              
1 49008U 21062A   22296.28444715  .00000001  00000+0  21226-4 0  9995
2 49008  98.7172 296.2583 0001778  18.1736 341.9503 14.19742567 67454
GOES 18                 
1 51850U 22021A   22296.52340993  .00000106  00000+0  00000+0 0  9997
2 51850   0.0301  52.8666 0002468 172.3073 218.2577  1.00273767  2413
