FNUS83 KGRB 231952
FWMGRB

FCST,470502,221024,13,2,63,78,1,1,S,16,,71,59,87,49,0,0,N
FCST,470502,221025,13,2,49,61,1,1,W,05,,64,43,100,61,9,0,N
FCST,470502,221026,13,1,45,55,1,1,NW,08,,49,34,96,55,0,0,N
FCST,470502,221027,13,2,46,58,1,1,S,06,,46,28,100,55,0,0,N
FCST,470502,221028,13,2,49,63,1,1,S,05,,49,34,100,56,0,0,N
FCST,470502,221029,13,1,52,56,1,1,SW,04,,52,33,100,56,0,0,N
FCST,470502,221030,13,1,52,56,1,1,S,05,,52,35,100,54,0,0,N

FCST,471002,221024,13,2,66,73,1,1,S,16,,73,61,87,50,0,0,N
FCST,471002,221025,13,2,49,58,1,1,W,06,,66,42,93,58,0,0,N
FCST,471002,221026,13,1,46,53,1,1,NW,08,,49,34,89,53,0,0,N
FCST,471002,221027,13,2,48,54,1,1,S,07,,48,29,100,53,0,0,N
FCST,471002,221028,13,2,49,63,1,1,S,05,,49,36,92,54,0,0,N
FCST,471002,221029,13,1,54,52,1,1,SSW,05,,54,35,96,52,0,0,N
FCST,471002,221030,13,2,52,59,1,1,S,06,,54,37,92,50,0,0,N

FCST,471101,221024,13,2,65,75,1,1,S,14,,68,58,90,58,0,0,N
FCST,471101,221025,13,2,51,63,1,1,W,05,,65,47,96,63,11,0,N
FCST,471101,221026,13,1,47,56,1,1,NW,08,,51,36,89,56,0,0,N
FCST,471101,221027,13,2,46,60,1,1,SSE,05,,47,29,96,53,0,0,N
FCST,471101,221028,13,2,48,68,1,1,S,05,,48,35,100,60,0,0,N
FCST,471101,221029,13,1,52,59,1,1,SW,03,,52,34,100,59,0,0,N
FCST,471101,221030,13,2,51,63,1,1,S,05,,52,36,100,59,0,0,N

FCST,471301,221024,13,2,68,65,1,1,S,14,,69,59,84,58,0,0,N
FCST,471301,221025,13,2,56,59,1,1,WSW,05,,68,53,96,59,0,0,N
FCST,471301,221026,13,1,50,50,1,1,NNW,09,,56,38,85,50,0,0,N
FCST,471301,221027,13,2,49,58,1,1,SSE,06,,51,29,100,48,0,0,N
FCST,471301,221028,13,2,51,66,1,1,SSE,05,,51,36,100,56,0,0,N
FCST,471301,221029,13,1,55,57,1,1,S,04,,55,34,100,57,0,0,N
FCST,471301,221030,13,2,53,64,1,1,SSE,05,,55,36,100,57,0,0,N

FCST,471801,221024,13,2,66,73,1,1,S,16,,72,61,87,51,0,0,N
FCST,471801,221025,13,2,49,63,1,1,W,05,,66,42,96,63,9,0,N
FCST,471801,221026,13,1,47,53,1,1,NW,07,,49,34,89,53,0,0,N
FCST,471801,221027,13,2,47,58,1,1,S,06,,47,29,96,53,0,0,N
FCST,471801,221028,13,2,49,68,1,1,S,04,,49,35,100,58,0,0,N
FCST,471801,221029,13,1,54,54,1,1,SSW,03,,54,33,100,54,0,0,N
FCST,471801,221030,13,1,52,59,1,1,S,05,,54,35,100,52,0,0,N

FCST,471901,221024,13,3,66,73,1,1,S,16,,71,60,90,56,0,0,N
FCST,471901,221025,13,2,50,61,1,1,W,07,,66,45,100,61,11,0,N
FCST,471901,221026,13,1,48,54,1,1,NW,10,,50,34,92,54,0,0,N
FCST,471901,221027,13,2,47,60,1,1,SSE,07,,48,29,100,51,0,0,N
FCST,471901,221028,13,2,48,71,1,1,SSE,06,,48,35,100,60,0,0,N
FCST,471901,221029,13,1,51,61,1,1,SSW,07,,51,34,100,61,0,0,N
FCST,471901,221030,13,2,50,66,1,1,S,07,,51,36,100,61,0,0,N

FCST,472002,221024,13,2,70,68,1,1,S,13,,72,60,93,58,0,0,N
FCST,472002,221025,13,2,54,64,1,1,W,05,,70,50,100,64,11,0,N
FCST,472002,221026,13,1,51,52,1,1,NW,07,,54,39,85,52,0,0,N
FCST,472002,221027,13,2,50,61,1,1,SE,06,,51,32,96,50,0,0,N
FCST,472002,221028,13,2,51,71,1,1,SSE,04,,51,38,100,61,0,0,N
FCST,472002,221029,13,1,55,61,1,1,S,03,,55,35,100,61,0,0,N
FCST,472002,221030,13,2,53,69,1,1,SSE,05,,55,38,100,61,0,0,N

FCST,472003,221024,13,2,68,70,1,1,S,14,,71,60,87,55,0,0,N
FCST,472003,221025,13,2,54,64,1,1,W,04,,69,50,100,64,10,0,N
FCST,472003,221026,13,1,51,52,1,1,NW,07,,54,38,85,52,0,0,N
FCST,472003,221027,13,2,49,61,1,1,SE,05,,51,30,100,50,0,0,N
FCST,472003,221028,13,2,50,71,1,1,SSE,04,,50,37,100,61,0,0,N
FCST,472003,221029,13,1,54,61,1,1,S,03,,54,34,100,61,0,0,N
FCST,472003,221030,13,2,52,69,1,1,SSE,04,,54,37,100,61,0,0,N

FCST,472603,221024,13,3,68,76,1,1,S,16,,74,62,90,51,0,0,N
FCST,472603,221025,13,2,50,68,1,1,WNW,07,,69,45,96,68,12,0,N
FCST,472603,221026,13,1,49,58,1,1,NW,10,,51,35,92,58,0,0,N
FCST,472603,221027,13,2,49,66,1,1,SSE,07,,50,32,96,56,0,0,N
FCST,472603,221028,13,2,49,77,1,1,SSE,05,,50,38,96,63,0,0,N
FCST,472603,221029,13,1,54,64,1,1,S,06,,54,35,100,64,0,0,N
FCST,472603,221030,13,2,53,69,1,1,SSE,07,,54,37,100,64,0,0,N

FCST,473402,221024,13,2,69,66,1,1,S,15,,73,62,84,53,0,0,N
FCST,473402,221025,13,2,54,69,1,1,W,05,,71,52,100,63,8,0,N
FCST,473402,221026,13,1,51,59,1,1,NW,09,,54,41,83,59,0,0,N
FCST,473402,221027,13,2,51,61,1,1,SE,06,,52,35,96,54,0,0,N
FCST,473402,221028,13,2,52,69,1,1,SE,05,,52,40,96,61,0,0,N
FCST,473402,221029,13,1,54,66,1,1,ESE,04,,54,38,100,66,0,0,N
FCST,473402,221030,13,2,54,71,1,1,SE,06,,54,40,100,66,0,0,N

FCST,473501,221024,13,3,69,73,1,1,S,15,,75,63,81,50,0,0,N
FCST,473501,221025,13,2,52,61,1,1,WNW,05,,69,46,100,61,12,0,N
FCST,473501,221026,13,0,50,56,1,1,NW,07,,52,37,85,56,0,0,N
FCST,473501,221027,13,2,51,61,1,1,SE,07,,51,33,96,50,0,0,N
FCST,473501,221028,13,2,51,68,1,1,SE,04,,52,38,100,56,0,0,N
FCST,473501,221029,13,1,55,61,1,1,SSE,04,,55,36,100,61,0,0,N
FCST,473501,221030,13,2,54,66,1,1,SSE,06,,55,38,100,59,0,0,N

FCST,474201,221024,13,3,71,63,1,1,S,15,,75,62,84,50,0,0,N
FCST,474201,221025,13,2,53,59,1,1,WNW,05,,71,48,100,59,11,0,N
FCST,474201,221026,13,1,51,52,1,1,NW,08,,53,38,85,52,0,0,N
FCST,474201,221027,13,2,51,59,1,1,SE,06,,52,31,100,48,0,0,N
FCST,474201,221028,13,2,51,66,1,1,ESE,04,,52,36,100,56,0,0,N
FCST,474201,221029,13,1,54,64,1,1,E,04,,54,35,100,63,0,0,N
FCST,474201,221030,13,2,54,66,1,1,SE,07,,54,37,100,61,0,0,N

KJ
