FNUS85 KABQ 232059
FWMABQ

FCST,290102,221024,13,1,47,26,2,1,W,13,,48,25,93,26,0,0,N
FCST,290102,221025,13,0,52,26,1,1,W,08,,52,26,66,23,0,0,N
FCST,290102,221026,13,2,55,27,1,1,WSW,08,,55,29,77,25,0,0,N
FCST,290102,221027,13,2,47,45,1,1,W,11,,55,33,78,27,0,0,N
FCST,290102,221028,13,0,51,33,1,1,W,05,,51,25,76,33,0,0,N
FCST,290102,221029,13,1,54,30,1,1,SW,05,,54,28,74,30,0,0,N
FCST,290102,221030,13,1,55,28,1,1,W,05,,55,29,74,28,0,0,N
FCST,291002,221024,13,2,36,45,2,1,N,08,,47,23,74,42,0,0,N
FCST,291002,221025,13,0,54,25,1,1,W,04,,54,21,73,25,0,0,N
FCST,291002,221026,13,1,52,28,1,1,W,13,,54,28,65,25,0,0,N
FCST,291002,221027,13,1,45,38,1,1,W,12,,52,30,68,28,0,0,N
FCST,291002,221028,13,0,48,35,1,1,ENE,08,,48,26,76,35,0,0,N
FCST,291002,221029,13,1,52,27,1,1,W,10,,52,25,70,27,0,0,N
FCST,291002,221030,13,1,53,25,1,1,W,11,,53,27,62,24,0,0,N
FCST,290305,221024,13,2,50,29,2,1,NNW,10,,60,30,86,29,5,0,N
FCST,290305,221025,13,0,58,23,1,1,NW,04,,58,24,77,23,0,0,N
FCST,290305,221026,13,1,61,26,1,1,SW,09,,61,28,86,23,0,0,N
FCST,290305,221027,13,1,55,34,1,1,W,08,,62,33,85,25,0,0,N
FCST,290305,221028,13,0,56,31,1,1,NNE,06,,56,27,94,31,0,0,N
FCST,290305,221029,13,1,59,29,1,1,WSW,05,,59,27,85,29,0,0,N
FCST,290305,221030,13,1,60,27,1,1,WNW,08,,60,28,83,27,0,0,N
FCST,293303,221024,13,1,39,33,2,1,NW,21,,45,24,86,33,0,0,N
FCST,293303,221025,13,0,51,25,1,1,NW,08,,51,23,62,25,0,0,N
FCST,293303,221026,13,1,54,25,1,1,W,13,,54,26,65,25,0,0,N
FCST,293303,221027,13,2,42,47,1,1,WNW,14,,54,31,63,25,0,0,N
FCST,293303,221028,13,0,48,32,1,1,ENE,08,,48,23,75,32,0,0,N
FCST,293303,221029,13,1,54,27,1,1,WSW,08,,54,27,70,27,0,0,N
FCST,293303,221030,13,1,54,26,1,1,W,11,,54,27,69,26,0,0,N
FCST,292103,221024,13,1,56,25,2,1,NW,18,,73,40,78,24,4,0,N
FCST,292103,221025,13,0,62,20,1,1,N,04,,62,31,65,20,0,0,N
FCST,292103,221026,13,0,68,21,1,1,S,08,,68,34,74,19,0,0,N
FCST,292103,221027,13,1,67,23,1,1,W,10,,69,37,72,20,0,0,N
FCST,292103,221028,13,0,61,27,1,1,NNE,08,,67,34,79,22,0,0,N
FCST,292103,221029,13,0,64,27,1,1,S,08,,64,33,86,25,0,0,N
FCST,292103,221030,13,1,66,23,1,1,SW,08,,66,35,84,23,0,0,N
FCST,291301,221024,13,1,40,34,2,1,NW,25,,51,27,83,34,0,0,N
FCST,291301,221025,13,0,49,27,1,1,NW,10,,49,26,61,27,0,0,N
FCST,291301,221026,13,1,54,26,1,1,W,14,,54,28,61,26,0,0,N
FCST,291301,221027,13,1,43,48,1,1,WNW,20,,54,31,59,26,0,0,N
FCST,291301,221028,13,0,46,39,1,1,ENE,09,,46,24,75,39,0,0,N
FCST,291301,221029,13,1,51,32,1,1,WSW,08,,51,27,70,32,0,0,N
FCST,291301,221030,13,1,52,30,1,1,W,12,,52,28,69,30,0,0,N
FCST,290501,221024,13,2,42,47,1,1,NNE,12,,62,31,62,26,0,0,N
FCST,290501,221025,13,0,57,17,1,1,SSE,04,,57,22,72,17,0,0,N
FCST,290501,221026,13,1,59,21,1,1,SW,14,,59,28,64,17,0,0,N
FCST,290501,221027,13,1,52,26,1,1,NNW,12,,59,31,64,21,0,0,N
FCST,290501,221028,13,1,48,30,1,1,NNE,13,,52,25,81,26,0,0,N
FCST,290501,221029,13,1,55,22,1,1,SSW,13,,55,25,73,22,0,0,N
FCST,290501,221030,13,1,58,19,1,1,SSW,03,,58,28,69,19,0,0,N
FCST,292102,221024,13,1,51,34,2,1,NW,18,,68,38,85,30,5,0,N
FCST,292102,221025,13,0,58,23,1,1,WNW,08,,58,33,56,23,0,0,N
FCST,292102,221026,13,0,62,24,1,1,SSW,12,,62,36,55,23,0,0,N
FCST,292102,221027,13,1,61,28,1,1,WSW,13,,62,41,62,24,0,0,N
FCST,292102,221028,13,0,58,29,1,1,NNE,09,,61,33,81,28,0,0,N
FCST,292102,221029,13,0,60,29,1,1,SW,08,,60,34,75,28,0,0,N
FCST,292102,221030,13,1,62,26,1,1,WSW,09,,62,38,70,26,0,0,N
FCST,290401,221024,13,2,35,43,2,1,NNW,09,,42,23,74,42,0,0,N
FCST,290401,221025,13,0,50,28,1,1,WSW,06,,50,19,78,28,0,0,N
FCST,290401,221026,13,1,49,31,1,1,WSW,14,,50,26,66,28,0,0,N
FCST,290401,221027,13,2,42,41,1,1,WNW,10,,49,27,68,31,0,0,N
FCST,290401,221028,13,0,44,37,1,1,NNW,09,,44,24,71,37,0,0,N
FCST,290401,221029,13,1,48,30,1,1,WSW,12,,48,23,67,30,0,0,N
FCST,290401,221030,13,1,49,27,1,1,W,11,,49,25,63,27,0,0,N
FCST,290202,221024,13,2,37,47,2,1,NW,12,,42,22,100,47,4,0,N
FCST,290202,221025,13,0,50,31,1,1,WNW,08,,50,19,80,31,0,0,N
FCST,290202,221026,13,1,51,31,1,1,W,11,,51,26,68,31,0,0,N
FCST,290202,221027,13,2,41,54,1,1,W,09,,51,28,73,31,0,0,N
FCST,290202,221028,13,0,47,38,1,1,N,06,,47,22,83,38,0,0,N
FCST,290202,221029,13,1,50,35,1,1,W,05,,50,23,76,35,0,0,N
FCST,290202,221030,13,1,50,32,1,1,W,08,,50,25,69,32,0,0,N
FCST,290705,221024,13,1,44,35,2,1,NW,18,,49,24,97,35,3,0,N
FCST,290705,221025,13,0,53,25,1,1,NW,10,,53,20,82,25,0,0,N
FCST,290705,221026,13,1,57,23,1,1,W,10,,57,28,69,23,0,0,N
FCST,290705,221027,13,2,48,44,1,1,W,11,,58,31,73,23,0,0,N
FCST,290705,221028,13,0,51,33,1,1,N,08,,51,23,94,33,0,0,N
FCST,290705,221029,13,1,54,31,1,1,W,05,,54,25,81,31,0,0,N
FCST,290705,221030,13,1,54,29,1,1,W,08,,54,28,71,29,0,0,N
FCST,292012,221024,13,1,42,34,2,1,NW,21,,55,28,90,34,6,0,N
FCST,292012,221025,13,0,56,24,1,1,NW,08,,56,25,63,24,0,0,N
FCST,292012,221026,13,0,60,26,1,1,WSW,11,,60,27,76,24,0,0,N
FCST,292012,221027,13,1,49,41,1,1,W,17,,60,32,65,26,0,0,N
FCST,292012,221028,13,0,51,35,1,1,ENE,08,,51,24,85,35,0,0,N
FCST,292012,221029,13,0,56,32,1,1,SW,05,,56,27,80,32,0,0,N
FCST,292012,221030,13,1,58,29,1,1,W,11,,58,29,78,29,0,0,N
FCST,290203,221024,13,2,38,37,2,1,WNW,13,,40,23,95,37,4,0,N
FCST,290203,221025,13,0,46,28,1,1,WNW,10,,46,23,63,28,0,0,N
FCST,290203,221026,13,1,49,28,1,1,WSW,13,,49,30,58,28,0,0,N
FCST,290203,221027,13,2,40,50,1,1,W,10,,49,32,66,28,0,0,N
FCST,290203,221028,13,0,45,35,1,1,N,06,,45,27,68,35,0,0,N
FCST,290203,221029,13,1,48,32,1,1,W,08,,48,28,65,32,0,0,N
FCST,290203,221030,13,1,48,31,1,1,W,09,,48,29,62,31,0,0,N
FCST,290205,221024,13,1,46,29,2,1,WNW,11,,49,21,100,29,0,0,N
FCST,290205,221025,13,0,54,24,1,1,W,08,,54,14,97,24,0,0,N
FCST,290205,221026,13,2,55,27,1,1,WSW,08,,55,22,96,24,0,0,N
FCST,290205,221027,13,2,47,42,1,1,WSW,06,,55,26,96,27,0,0,N
FCST,290205,221028,13,0,53,31,1,1,WNW,05,,53,18,100,31,0,0,N
FCST,290205,221029,13,1,55,28,1,1,WSW,04,,55,20,95,28,0,0,N
FCST,290205,221030,13,1,56,27,1,1,W,06,,56,22,94,27,0,0,N
FCST,290207,221024,13,1,47,29,2,1,WNW,12,,50,22,100,29,0,0,N
FCST,290207,221025,13,0,55,25,1,1,W,08,,55,16,91,25,0,0,N
FCST,290207,221026,13,2,57,27,1,1,WSW,08,,57,21,99,25,0,0,N
FCST,290207,221027,13,2,49,43,1,1,WSW,06,,57,26,98,27,0,0,N
FCST,290207,221028,13,0,55,31,1,1,WNW,05,,55,17,100,31,0,0,N
FCST,290207,221029,13,1,57,28,1,1,WSW,04,,57,19,98,28,0,0,N
FCST,290207,221030,13,1,58,27,1,1,W,05,,58,21,96,27,0,0,N
FCST,291302,221024,13,1,39,33,2,1,NW,26,,48,22,90,33,0,0,N
FCST,291302,221025,13,0,51,22,1,1,NW,09,,51,22,66,22,0,0,N
FCST,291302,221026,13,1,55,22,1,1,W,13,,55,25,66,22,0,0,N
FCST,291302,221027,13,2,43,40,1,1,WNW,17,,55,28,62,22,0,0,N
FCST,291302,221028,13,0,47,32,1,1,NE,06,,47,21,83,32,0,0,N
FCST,291302,221029,13,1,52,26,1,1,WSW,05,,52,23,77,26,0,0,N
FCST,291302,221030,13,1,53,24,1,1,W,11,,53,24,72,24,0,0,N
FCST,290204,221024,13,2,37,29,2,1,N,12,,40,22,84,29,4,0,N
FCST,290204,221025,13,0,48,27,1,1,SW,06,,48,21,62,26,0,0,N
FCST,290204,221026,13,1,48,31,1,1,WSW,14,,48,27,66,27,0,0,N
FCST,290204,221027,13,2,41,45,1,1,W,09,,48,29,74,31,0,0,N
FCST,290204,221028,13,0,45,34,1,1,ENE,05,,45,26,69,34,0,0,N
FCST,290204,221029,13,1,47,33,1,1,WSW,08,,47,26,65,33,0,0,N
FCST,290204,221030,13,1,48,29,1,1,W,09,,48,27,62,29,0,0,N
FCST,290702,221024,13,2,38,43,2,1,NW,11,,44,24,89,43,4,0,N
FCST,290702,221025,13,0,51,31,1,1,WNW,05,,51,23,73,31,0,0,N
FCST,290702,221026,13,1,52,33,1,1,WSW,09,,52,26,70,31,0,0,N
FCST,290702,221027,13,2,43,52,1,1,W,10,,52,28,74,33,0,0,N
FCST,290702,221028,13,0,48,40,1,1,NW,06,,48,23,87,40,0,0,N
FCST,290702,221029,13,1,51,35,1,1,W,05,,51,24,77,35,0,0,N
FCST,290702,221030,13,1,51,33,1,1,W,08,,51,25,69,33,0,0,N
FCST,293304,221024,13,1,50,25,2,1,NW,21,,61,33,77,25,0,0,N
FCST,293304,221025,13,0,60,17,1,1,NW,05,,60,32,52,17,0,0,N
FCST,293304,221026,13,1,64,19,1,1,WSW,09,,64,32,67,17,0,0,N
FCST,293304,221027,13,1,57,28,1,1,WNW,13,,66,36,62,18,0,0,N
FCST,293304,221028,13,0,56,27,1,1,NE,05,,57,29,78,27,0,0,N
FCST,293304,221029,13,1,60,24,1,1,S,04,,60,31,75,24,0,0,N
FCST,293304,221030,13,1,63,20,1,1,W,09,,63,32,73,20,0,0,N
FCST,292104,221024,13,1,39,35,2,1,NW,26,,54,27,86,35,7,0,N
FCST,292104,221025,13,0,51,25,1,1,NW,08,,51,26,56,25,0,0,N
FCST,292104,221026,13,0,56,25,1,1,WSW,12,,56,30,60,25,0,0,N
FCST,292104,221027,13,1,48,35,1,1,W,20,,56,34,52,25,0,0,N
FCST,292104,221028,13,0,48,34,1,1,ENE,09,,48,26,70,34,0,0,N
FCST,292104,221029,13,0,53,30,1,1,SW,08,,53,29,66,30,0,0,N
FCST,292104,221030,13,1,54,27,1,1,W,12,,54,31,62,27,0,0,N
FCST,293301,221024,13,1,44,31,2,1,NW,20,,51,26,93,31,0,0,N
FCST,293301,221025,13,0,54,25,1,1,NW,08,,54,22,76,25,0,0,N
FCST,293301,221026,13,1,58,24,1,1,W,13,,58,23,79,24,0,0,N
FCST,293301,221027,13,1,46,44,1,1,WNW,16,,58,29,70,24,0,0,N
FCST,293301,221028,13,0,51,34,1,1,ENE,08,,51,21,87,34,0,0,N
FCST,293301,221029,13,1,56,29,1,1,WSW,06,,56,25,79,29,0,0,N
FCST,293301,221030,13,1,57,26,1,1,W,11,,57,26,80,26,0,0,N
FCST,291901,221024,13,2,51,54,1,1,NW,16,,76,45,82,28,0,0,N
FCST,291901,221025,13,0,62,23,1,1,W,08,,62,32,100,23,0,0,N
FCST,291901,221026,13,0,68,22,1,1,SSW,11,,68,38,67,22,0,0,N
FCST,291901,221027,13,1,68,25,1,1,WSW,14,,69,43,68,21,0,0,N
FCST,291901,221028,13,1,57,37,1,1,NNE,19,,68,38,82,24,0,0,N
FCST,291901,221029,13,0,63,31,1,1,SW,13,,63,36,88,31,0,0,N
FCST,291901,221030,13,1,64,29,1,1,SW,14,,64,39,84,29,0,0,N
FCST,290605,221024,13,1,38,41,2,1,NW,27,,45,23,97,41,0,0,N
FCST,290605,221025,13,0,48,27,1,1,NW,11,,48,23,65,27,0,0,N
FCST,290605,221026,13,1,54,27,1,1,W,11,,54,24,72,27,0,0,N
FCST,290605,221027,13,2,42,54,1,1,WNW,14,,54,29,65,27,0,0,N
FCST,290605,221028,13,0,45,40,1,1,N,06,,45,20,93,40,0,0,N
FCST,290605,221029,13,1,50,34,1,1,W,04,,50,23,81,34,0,0,N
FCST,290605,221030,13,1,51,30,1,1,W,11,,51,24,74,30,0,0,N
FCST,291101,221024,13,2,46,47,1,1,NNE,11,,67,37,57,27,0,0,N
FCST,291101,221025,13,0,60,20,1,1,S,06,,60,22,84,20,0,0,N
FCST,291101,221026,13,0,63,23,1,1,SW,16,,63,28,76,20,0,0,N
FCST,291101,221027,13,1,59,25,1,1,W,14,,64,33,71,21,0,0,N
FCST,291101,221028,13,0,54,30,1,1,NNE,12,,59,30,80,25,0,0,N
FCST,291101,221029,13,1,59,25,1,1,SSW,13,,59,25,83,25,0,0,N
FCST,291101,221030,13,1,62,21,1,1,WSW,06,,62,28,81,21,0,0,N
FCST,291501,221024,13,1,44,39,2,1,NW,20,,61,32,89,35,0,0,N
FCST,291501,221025,13,0,54,25,1,1,WNW,11,,54,29,62,25,0,0,N
FCST,291501,221026,13,0,59,25,1,1,WSW,12,,59,30,66,25,0,0,N
FCST,291501,221027,13,1,54,33,1,1,W,13,,59,35,68,25,0,0,N
FCST,291501,221028,13,0,52,34,1,1,NNE,08,,54,27,95,33,0,0,N
FCST,291501,221029,13,0,56,32,1,1,WSW,09,,56,28,85,32,0,0,N
FCST,291501,221030,13,1,57,28,1,1,W,11,,57,30,83,28,0,0,N
FCST,291402,221024,13,1,40,47,2,1,NW,19,,56,29,84,47,0,0,N
FCST,291402,221025,13,0,52,29,1,1,WNW,12,,52,27,66,29,0,0,N
FCST,291402,221026,13,0,56,30,1,1,WSW,12,,56,29,65,29,0,0,N
FCST,291402,221027,13,2,51,39,1,1,W,14,,56,34,72,30,0,0,N
FCST,291402,221028,13,0,50,40,1,1,N,08,,51,26,90,39,0,0,N
FCST,291402,221029,13,1,53,37,1,1,W,09,,53,28,81,37,0,0,N
FCST,291402,221030,13,1,55,32,1,1,W,13,,55,30,76,32,0,0,N
FCST,291202,221024,13,2,41,43,2,1,NNW,09,,54,28,73,43,0,0,N
FCST,291202,221025,13,0,57,28,1,1,W,09,,57,25,68,27,0,0,N
FCST,291202,221026,13,1,57,30,1,1,W,13,,57,32,62,28,0,0,N
FCST,291202,221027,13,1,50,41,1,1,W,13,,57,34,67,30,0,0,N
FCST,291202,221028,13,0,53,38,1,1,NNW,08,,53,28,78,38,0,0,N
FCST,291202,221029,13,1,55,33,1,1,W,11,,55,29,68,33,0,0,N
FCST,291202,221030,13,1,57,30,1,1,W,13,,57,32,59,29,0,0,N
FCST,292009,221024,13,1,39,34,2,1,NW,24,,52,28,92,34,8,0,N
FCST,292009,221025,13,0,54,23,1,1,NW,08,,54,28,55,23,0,0,N
FCST,292009,221026,13,0,57,25,1,1,WSW,13,,57,30,62,23,0,0,N
FCST,292009,221027,13,1,48,37,1,1,W,20,,57,34,55,25,0,0,N
FCST,292009,221028,13,0,52,31,1,1,ENE,09,,52,26,72,31,0,0,N
FCST,292009,221029,13,0,56,29,1,1,SW,08,,56,30,66,29,0,0,N
FCST,292009,221030,13,1,56,25,1,1,WSW,12,,56,31,70,25,0,0,N
FCST,293305,221024,13,1,43,33,2,1,NW,20,,49,24,100,33,0,0,N
FCST,293305,221025,13,0,53,25,1,1,WNW,08,,53,19,81,25,0,0,N
FCST,293305,221026,13,1,58,24,1,1,W,13,,58,25,79,24,0,0,N
FCST,293305,221027,13,2,46,44,1,1,WNW,13,,58,30,69,24,0,0,N
FCST,293305,221028,13,0,53,31,1,1,ESE,08,,53,22,89,31,0,0,N
FCST,293305,221029,13,1,57,27,1,1,WSW,06,,57,26,80,27,0,0,N
FCST,293305,221030,13,1,57,27,1,1,W,10,,58,27,78,26,0,0,N
FCST,291408,221024,13,2,42,42,2,1,NW,19,,59,31,76,41,0,0,N
FCST,291408,221025,13,0,54,25,1,1,WNW,10,,54,29,60,25,0,0,N
FCST,291408,221026,13,0,59,27,1,1,WSW,11,,59,30,64,25,0,0,N
FCST,291408,221027,13,2,54,36,1,1,W,13,,59,37,67,25,0,0,N
FCST,291408,221028,13,0,52,38,1,1,N,08,,54,28,88,36,0,0,N
FCST,291408,221029,13,1,55,34,1,1,WSW,08,,55,30,75,34,0,0,N
FCST,291408,221030,13,1,56,31,1,1,W,12,,56,30,78,31,0,0,N
FCST,290706,221024,13,1,52,32,2,1,NW,18,,65,35,74,32,0,0,N
FCST,290706,221025,13,0,61,22,1,1,WNW,08,,61,29,69,22,0,0,N
FCST,290706,221026,13,1,65,24,1,1,WSW,08,,65,32,75,21,0,0,N
FCST,290706,221027,13,1,61,32,1,1,W,10,,67,38,72,22,0,0,N
FCST,290706,221028,13,0,58,34,1,1,NNW,06,,61,30,89,32,0,0,N
FCST,290706,221029,13,1,62,29,1,1,SSW,05,,62,31,84,29,0,0,N
FCST,290706,221030,13,1,64,26,1,1,W,09,,64,32,82,26,0,0,N
FCST,290901,221024,13,2,39,47,2,1,NNW,12,,52,27,79,47,0,0,N
FCST,290901,221025,13,0,51,32,1,1,NW,09,,51,25,68,32,0,0,N
FCST,290901,221026,13,1,52,35,1,1,WSW,12,,52,31,66,32,0,0,N
FCST,290901,221027,13,1,47,46,1,1,W,13,,53,33,74,34,0,0,N
FCST,290901,221028,13,0,48,44,1,1,NNW,08,,48,28,78,44,0,0,N
FCST,290901,221029,13,1,51,39,1,1,W,09,,51,29,71,39,0,0,N
FCST,290901,221030,13,1,53,35,1,1,WNW,12,,53,30,66,35,0,0,N
FCST,292105,221024,13,2,46,36,2,1,NW,16,,71,24,83,27,0,0,N
FCST,292105,221025,13,0,55,26,1,1,NW,08,,60,21,74,23,0,0,N
FCST,292105,221026,13,1,60,28,1,1,SW,10,,67,27,79,22,0,0,N
FCST,292105,221027,13,1,54,36,1,1,W,11,,68,30,78,22,0,0,N
FCST,292105,221028,13,0,53,37,1,1,N,08,,62,24,92,29,0,0,N
FCST,292105,221029,13,1,56,33,1,1,SW,08,,61,25,91,31,0,0,N
FCST,292105,221030,13,1,58,30,1,1,W,10,,63,27,86,27,0,0,N
FCST,290201,221024,13,1,44,31,2,1,WNW,12,,47,22,100,31,0,0,N
FCST,290201,221025,13,0,52,25,1,1,W,09,,52,17,90,25,0,0,N
FCST,290201,221026,13,1,54,27,1,1,WSW,10,,54,25,82,25,0,0,N
FCST,290201,221027,13,2,46,43,1,1,W,08,,54,28,86,27,0,0,N
FCST,290201,221028,13,0,51,32,1,1,NW,06,,51,20,93,32,0,0,N
FCST,290201,221029,13,1,54,29,1,1,W,05,,54,23,84,29,0,0,N
FCST,290201,221030,13,1,55,28,1,1,W,08,,55,25,80,28,0,0,N
FCST,290801,221024,13,2,44,37,2,1,NNW,11,,53,31,74,37,0,0,N
FCST,290801,221025,13,0,54,30,1,1,NE,03,,54,29,53,30,0,0,N
FCST,290801,221026,13,1,56,31,1,1,WSW,11,,56,32,62,30,0,0,N
FCST,290801,221027,13,2,49,42,1,1,W,11,,56,34,69,31,0,0,N
FCST,290801,221028,13,0,51,38,1,1,E,06,,51,29,74,38,0,0,N
FCST,290801,221029,13,1,54,35,1,1,WSW,06,,54,30,69,35,0,0,N
FCST,290801,221030,13,1,56,31,1,1,W,09,,56,31,63,31,0,0,N
FCST,290210,221024,13,2,39,38,2,1,NNW,09,,45,21,94,38,5,0,N
FCST,290210,221025,13,0,50,28,1,1,WNW,06,,50,15,84,28,0,0,N
FCST,290210,221026,13,1,50,32,1,1,WSW,12,,50,21,90,28,0,0,N
FCST,290210,221027,13,1,44,44,1,1,W,10,,50,24,94,32,0,0,N
FCST,290210,221028,13,0,47,37,1,1,N,08,,47,20,93,37,0,0,N
FCST,290210,221029,13,1,50,33,1,1,W,09,,50,19,89,33,0,0,N
FCST,290210,221030,13,1,50,31,1,1,W,11,,50,21,82,31,0,0,N
FCST,291001,221024,13,2,45,36,2,1,NNE,11,,61,31,62,30,0,0,N
FCST,291001,221025,13,0,61,16,1,1,S,08,,61,22,69,16,0,0,N
FCST,291001,221026,13,1,62,18,1,1,WSW,13,,62,28,72,16,0,0,N
FCST,291001,221027,13,1,56,23,1,1,W,13,,62,32,68,18,0,0,N
FCST,291001,221028,13,0,53,26,1,1,ENE,09,,56,27,80,23,0,0,N
FCST,291001,221029,13,1,59,21,1,1,SW,12,,59,25,76,21,0,0,N
FCST,291001,221030,13,1,62,17,1,1,W,11,,62,28,68,17,0,0,N
FCST,290101,221024,13,1,33,44,2,1,NNW,20,,39,20,87,44,0,0,N
FCST,290101,221025,13,0,46,29,1,1,WNW,04,,46,24,58,29,0,0,N
FCST,290101,221026,13,1,47,31,1,1,WSW,13,,47,28,54,29,0,0,N
FCST,290101,221027,13,2,34,68,1,1,NW,13,,47,28,79,31,0,0,N
FCST,290101,221028,13,0,41,44,1,1,ESE,06,,41,22,72,44,0,0,N
FCST,290101,221029,13,1,45,37,1,1,WSW,05,,45,26,63,37,0,0,N
FCST,290101,221030,13,1,46,34,1,1,W,10,,46,27,60,34,0,0,N
FCST,290307,221024,13,1,41,31,2,1,N,11,,47,21,98,31,0,0,N
FCST,290307,221025,13,0,53,24,1,1,W,05,,53,14,88,24,0,0,N
FCST,290307,221026,13,1,55,26,1,1,SW,13,,55,21,88,24,0,0,N
FCST,290307,221027,13,2,48,36,1,1,W,09,,55,24,93,26,0,0,N
FCST,290307,221028,13,0,50,31,1,1,NE,05,,50,18,98,31,0,0,N
FCST,290307,221029,13,1,53,27,1,1,SW,09,,53,19,87,27,0,0,N
FCST,290307,221030,13,1,55,25,1,1,WSW,09,,55,20,86,25,0,0,N
FCST,290603,221024,13,1,45,29,2,1,NNW,17,,51,28,79,29,0,0,N
FCST,290603,221025,13,0,53,24,1,1,W,06,,53,24,66,24,0,0,N
FCST,290603,221026,13,1,58,23,1,1,WSW,13,,58,25,79,23,0,0,N
FCST,290603,221027,13,2,47,44,1,1,WNW,13,,58,31,71,23,0,0,N
FCST,290603,221028,13,0,52,32,1,1,SE,08,,52,22,88,32,0,0,N
FCST,290603,221029,13,1,57,27,1,1,WSW,05,,57,27,80,27,0,0,N
FCST,290603,221030,13,1,57,27,1,1,WSW,09,,58,29,77,25,0,0,N
