FNUS83 KSGF 231909
FWMSGF

FCST,238502,221024,13,2,69,82,1,2,S,13,,81,64,90,47,0,0,N
FCST,238502,221025,13,2,51,91,2,3,NW,14,,71,50,100,73,14,7,N
FCST,238502,221026,13,0,61,43,3,1,NNE,05,,62,40,93,42,0,0,N
FCST,238502,221027,13,1,60,54,1,1,SE,08,,63,40,96,41,0,0,N
FCST,238502,221028,13,2,60,66,1,1,ENE,05,,62,43,96,49,0,0,N
FCST,238502,221029,13,1,59,73,1,1,NE,05,,62,46,100,60,0,0,N
FCST,238502,221030,13,1,60,70,1,1,NNW,05,,61,46,100,67,0,0,N
FCST,235202,221024,13,3,71,73,1,3,S,14,,85,65,81,38,0,0,N
FCST,235202,221025,13,2,50,82,3,3,NNW,12,,71,49,100,73,14,5,N
FCST,235202,221026,13,0,61,41,2,1,N,05,,61,39,89,39,0,0,N
FCST,235202,221027,13,1,61,47,1,1,SE,08,,62,39,92,38,0,0,N
FCST,235202,221028,13,2,58,61,1,1,ENE,05,,61,42,93,46,0,0,N
FCST,235202,221029,13,1,57,65,1,1,NE,05,,60,43,100,55,0,0,N
FCST,235202,221030,13,1,58,67,1,1,NNE,05,,60,43,100,59,0,0,N
FCST,236902,221024,13,8,68,85,1,3,S,14,,84,65,90,41,0,0,N
FCST,236902,221025,13,2,50,74,3,3,NNW,12,,69,46,100,71,15,0,N
FCST,236902,221026,13,0,61,40,2,1,NE,05,,61,37,85,39,0,0,N
FCST,236902,221027,13,1,62,48,1,1,SSE,10,,62,40,92,38,0,0,N
FCST,236902,221028,13,2,59,63,1,1,ENE,05,,63,43,100,46,0,0,N
FCST,236902,221029,13,1,57,65,1,1,NE,06,,60,43,100,58,0,0,N
FCST,236902,221030,13,1,59,66,1,1,W,06,,59,43,100,57,0,0,N
FCST,237301,221024,13,3,70,72,1,1,S,14,,80,63,87,45,0,0,N
FCST,237301,221025,13,2,52,85,1,3,NNW,12,,71,51,100,66,12,8,N
FCST,237301,221026,13,0,60,41,3,1,N,05,,61,39,93,39,0,0,N
FCST,237301,221027,13,1,60,46,1,1,SE,06,,61,37,100,39,0,0,N
FCST,237301,221028,13,2,60,57,1,1,ENE,05,,62,40,100,44,0,0,N
FCST,237301,221029,13,1,58,65,1,1,NNE,05,,61,43,100,53,0,0,N
FCST,237301,221030,13,1,59,67,1,1,NE,05,,59,44,100,62,0,0,N
FCST,235901,221024,13,8,66,95,1,3,SSW,12,,87,66,97,37,0,3,N
FCST,235901,221025,13,2,52,66,3,2,NNW,12,,67,47,100,63,14,0,N
FCST,235901,221026,13,0,62,41,1,1,NE,04,,62,39,82,41,0,0,N
FCST,235901,221027,13,1,62,48,1,1,SSE,10,,63,41,89,38,0,0,N
FCST,235901,221028,13,2,59,63,1,1,NE,05,,64,45,96,45,0,0,N
FCST,235901,221029,13,1,59,62,1,1,NE,06,,60,44,100,58,0,0,N
FCST,235901,221030,13,1,60,65,1,1,SSW,06,,60,44,100,55,0,0,N
FCST,237201,221024,13,3,69,76,1,1,S,17,,78,62,90,50,0,0,N
FCST,237201,221025,13,2,51,88,1,3,NW,16,,70,50,100,68,13,8,N
FCST,237201,221026,13,0,60,42,3,1,N,08,,61,38,93,41,0,0,N
FCST,237201,221027,13,1,59,50,1,1,SE,09,,61,37,100,39,0,0,N
FCST,237201,221028,13,2,59,60,1,1,ENE,06,,60,40,100,47,0,0,N
FCST,237201,221029,13,1,58,68,1,1,NE,08,,60,43,100,55,0,0,N
FCST,237201,221030,13,1,59,67,1,1,ENE,06,,60,44,100,64,0,0,N
FCST,238802,221024,13,2,71,72,1,1,S,14,,76,61,93,55,0,0,N
FCST,238802,221025,13,2,56,90,1,4,NW,10,,72,54,100,66,10,8,N
FCST,238802,221026,13,0,61,42,3,1,N,06,,61,39,100,41,0,0,N
FCST,238802,221027,13,1,60,50,1,1,SE,05,,62,36,100,39,0,0,N
FCST,238802,221028,13,2,61,60,1,1,ENE,05,,62,39,100,46,0,0,N
FCST,238802,221029,13,1,60,69,1,1,NE,05,,62,44,100,56,0,0,N
FCST,238802,221030,13,1,60,68,1,1,NE,05,,61,45,100,64,0,0,N
FCST,238201,221024,13,3,69,86,1,3,S,13,,82,65,90,44,0,0,N
FCST,238201,221025,13,2,51,80,3,3,NW,12,,71,48,100,77,16,5,N
FCST,238201,221026,13,0,62,42,3,1,NE,04,,64,40,82,39,0,0,N
FCST,238201,221027,13,1,62,51,1,1,SE,08,,65,41,96,38,0,0,N
FCST,238201,221028,13,2,59,69,1,1,ENE,05,,64,46,96,48,0,0,N
FCST,238201,221029,13,1,59,71,1,1,NE,05,,60,46,100,64,0,0,N
FCST,238201,221030,13,1,60,69,1,1,NW,05,,61,46,100,64,0,0,N
FCST,149902,221024,13,8,64,95,1,3,WSW,12,,85,63,100,41,0,6,N
FCST,149902,221025,13,1,55,54,3,3,NNW,13,,64,46,100,53,14,0,N
FCST,149902,221026,13,0,63,37,1,1,ENE,04,,63,39,82,36,0,0,N
FCST,149902,221027,13,1,63,44,1,1,SSE,10,,64,41,92,35,0,0,N
FCST,149902,221028,13,2,59,64,1,1,NNE,05,,64,46,100,41,0,0,N
FCST,149902,221029,13,1,60,57,1,1,NNE,06,,61,43,100,53,0,0,N
FCST,149902,221030,13,1,61,57,1,1,W,06,,61,43,100,51,0,0,N
FCST,237001,221024,13,3,69,87,1,3,S,14,,85,64,90,40,0,0,N
FCST,237001,221025,13,2,50,85,3,3,NNW,14,,70,47,100,80,16,5,N
FCST,237001,221026,13,0,61,43,3,1,NNE,05,,62,35,96,42,0,0,N
FCST,237001,221027,13,1,61,52,1,1,SSE,10,,63,38,100,41,0,0,N
FCST,237001,221028,13,2,60,65,1,1,ENE,05,,62,42,100,49,0,0,N
FCST,237001,221029,13,1,59,69,1,1,NNE,06,,61,43,100,62,0,0,N
FCST,237001,221030,13,1,60,70,1,1,NW,06,,60,44,100,62,0,0,N
