UMUS72 KAWN 220000 RRX
TTBB 72008 72440 00962 27076 11958 26276 22950 25476 33941 25476
 44794 13067 55755 09867 66743 10483 77731 09689 88566 06375 99432
 18990 11278 46156 22264 49157 33247 52756 44228 55359 55116 65177
 66108 64376 77100 66777 21212 00962 18508 11939 19521 22908 19023
 33877 19521 44788 23522 55711 26027 66661 34005 77610 30509 88600
 27008 99569 33510 11545 27015 22524 29024 33489 25524 44420 27036
 55401 27029 66277 25040 77198 27043 88152 28026 99143 25530 11138
 26535 22117 28023 33107 25517 44100 25528 31313 45408 82309 41414
 00900 51515 10164 00091 10194 20521 25521=
