UMUS72 KAWN 220000 RRX
TTBB 72008 72327 00994 21068 11974 20669 22826 08458 33819 08459
 44805 09068 55724 05679 66698 04473 77650 00880 88615 02173 99582
 04389 11560 05763 22541 06568 33498 11961 44489 12373 55473 13968
 66463 14778 77456 15572 88438 17580 99428 18972 11406 21581 22314
 37557 33307 38958 44295 41344 55286 42950 66262 48337 77248 50956
 88239 52948 99213 57950 11194 56159 22152 62966 33146 62168 44120
 65173 55107 69369 66104 69569 77100 68968 21212 00994 17004 11946
 18516 22914 19018 33882 21019 44806 25024 55791 25521 66745 24512
 77669 30012 88611 29014 99593 29516 11561 27511 22525 32015 33467
 31525 44378 34516 55232 30529 66214 31023 77208 29026 88188 31032
 99158 34512 11152 28504 22147 26010 33114 31535 44102 34515 55100
 00516 31313 45408 82302 41414 00900 51515 10164 00009 10194 20017
 25515=
TTAA 72001 72327 99994 21068 17004 00126 ///// ///// 92795 16666
 19018 85507 10259 22521 70102 04673 28010 50576 11761 31016 40744
 22578 33519 30947 40356 32017 25069 50356 31025 20211 56357 30031
 15391 62767 27007 10638 68968 00516 88107 69369 34028 77999 31313
 45408 82302 51515 10164 00009 10194 20017 25515=
TTAA 71231 74794 99016 20458 30004 00142 20859 35520 92809 14440
 01515 85521 11433 22004 70114 01868 25509 50574 15367 25023 40739
 28965 23041 30939 40374 23042 25062 42980 24044 20210 50178 24047
 15395 57575 26050 10644 64572 23526 88111 68767 25035 77999 31313
 44108 82315=
