UMUS72 KAWN 220000 RRU
TTAA 72001 72403 99009 14264 15005 00165 16068 16513 92821 10464
 19011 85518 06661 20509 70090 01273 24505 50572 13561 01010 40738
 26759 01515 30939 40563 01540 25061 50759 01047 20204 55769 01527
 15386 59774 01504 10638 62774 24515 88172 58571 00506 77999 31313
 44108 82302=
TTAA 72001 72440 99962 27076 18508 00049 ///// ///// 92735 24076
 19025 85464 18072 21521 70086 07286 27023 50575 11785 27022 40742
 23768 27029 30945 41757 25535 25066 52356 25539 20208 56566 26542
 15390 59576 28028 10639 66777 25528 88228 55359 26040 88116 65177
 27522 77999 31313 45408 82309 51515 10164 00091 10194 20521 25521=
TTAA 72001 72528 99987 15463 18009 00109 ///// ///// 92768 12866
 20535 85471 07461 24032 70049 02082 25528 50568 13358 25029 40734
 24175 27534 30937 41165 29046 25058 50560 29041 20202 55369 29035
 15383 59773 26020 10633 59778 23515 88123 63972 25520 77999 31313
 44108 82310=
TTAA 72001 72558 99961 22668 14005 00001 ///// ///// 92679 21073
 12508 85403 17678 12007 70033 07675 23529 50569 12977 27030 40735
 24569 26533 30937 41956 27037 25058 51358 27531 20201 56564 28524
 15382 59373 27513 10633 63578 28024 88191 57765 28527 88117 63577
 27025 77999 31313 45408 82302 51515 10164 00091 10194 14504 24024=
TTAA 72001 72747 99959 12062 23503 00001 ///// ///// 92655 11466
 27514 85352 04861 27015 70898 04767 29035 50549 17743 27566 40713
 26935 26574 30914 43338 26584 25033 54342 26588 20175 49360 27069
 15362 54166 26055 10619 58574 25544 88234 58146 26585 88133 56368
 27553 77267 27090 40813 31313 45408 82302 51515 10164 00011 10194
 27516 28027=
