UMUS72 KAWN 220000 RRW
TTBB 72008 72251 00013 26260 11009 25261 22001 24660 33927 18256
 44918 17650 55909 17656 66855 14457 77833 15278 88827 15082 99797
 13076 11670 07499 22402 19573 33320 31182 44208 52562 55135 68365
 66101 76562 77100 76362 21212 00013 16512 11987 16018 22980 15018
 33956 15519 44947 15517 55914 18014 66850 24513 77828 21005 88806
 28507 99793 27006 11735 31505 22718 29505 33709 31506 44691 27010
 55672 30511 66654 29007 77636 31511 88615 30511 99595 29514 11529
 33522 22484 30522 33443 32025 44311 30044 55248 32075 66192 30583
 77162 30062 88151 29571 99115 29551 11108 29558 22100 29540 31313
 45408 82302 41414 11600 51515 10164 00091 10194 18013 27505=
TTBB 72008 72558 00961 22668 11956 23072 22931 21473 33901 19471
 44771 14079 55708 08473 66683 06278 77550 09162 88492 13178 99448
 18768 11423 21172 22349 32957 33339 34959 44318 38557 55311 39758
 66301 41756 77191 57765 88187 57966 99173 56969 11163 58971 22158
 58172 33146 59774 44138 58975 55117 63577 66106 63578 77102 63778
 88100 63578 21212 00961 14005 11933 14009 22901 09006 33888 02503
 44870 09508 55783 23519 66742 25521 77686 23531 88606 25532 99542
 27041 11479 26527 22427 27534 33385 26034 44266 27534 55226 25526
 66212 29024 77186 28531 88172 29524 99150 27513 11144 25017 22130
 29533 33124 30528 44121 29022 55113 26033 66108 27539 77100 28024
 31313 45408 82302 41414 00908 51515 10164 00091 10194 14504 24024=
