UMUS72 KAWN 220000 RRK
TTBB 72008 72233 00017 21860 11014 21061 22970 18058 33900 14245
 44895 14056 55893 14256 66845 10649 77836 10257 88810 07843 99803
 07656 11796 07047 22793 06857 33786 06457 44784 06459 55782 06461
 66763 06675 77759 06874 88747 06268 99738 05871 11725 06277 22710
 05075 33698 05281 44697 05278 55686 04671 66668 03871 77656 04076
 88645 03072 99619 01890 11570 02589 22552 03978 33542 05168 44514
 08765 55507 09764 66496 10765 77488 11762 88428 18970 99414 20577
 11406 21173 22367 28167 33362 28966 44333 32970 55322 34768 66269
 44964 77248 49759 88242 50558 99236 51560 11235 51361 22232 51960
 33217 53167 44210 54966 55208 54968 66202 53573 77191 55771 88177
 57572 99176 56972 11166 58772 22151 62769 33139 64569 44138 64169
 55131 66368 66123 67168 77114 69566 88106 70566 99104 69167 11100
 69767 21212 00017 17004 11014 16010 22994 16021 33943 19014 44924
 23013 55910 23012 66873 27016 77785 29516 88771 26511 99749 29515
 11707 03004 22658 35010 33623 33018 44606 34019 55590 31519 66517
 33527 77481 31521 88458 34018 99439 32519 11404 33516 22379 31518
 33366 32518 44356 31019 55309 30512 66302 32512 77292 32011 88284
 33013 99267 31514 11241 35017 22236 33018 33232 31022 44213 30540
 55197 32057 66170 31557 77128 30031 88113 31036 99102 30032 11100
 31034 31313 44108 82300 41414 00900 51515 10164 00007 10194 21011
 28512=
