UMUS72 KAWN 220000 RRX
TTBB 72008 72340 00991 24266 11986 24667 22977 24067 33871 14861
 44734 09899 55588 01780 66512 08396 77442 17762 88395 24180 99303
 40360 11293 42562 22266 48159 33125 64974 44109 68371 55103 68770
 66100 68570 21212 00991 20507 11980 19012 22943 20013 33911 20015
 44879 20014 55827 25511 66790 27014 77715 25014 88678 28026 99644
 26518 11612 29015 22554 29514 33458 24524 44395 27028 55303 25529
 66194 29044 77185 28539 88175 28545 99159 29538 11139 26527 22125
 29033 33100 28020 31313 45408 82310 41414 00900 51515 10164 00091
 10194 21014 26516=
TTBB 72008 72364 00873 26871 11694 07056 22676 06059 33664 06669
 44568 01972 55506 07768 66483 10370 77457 13766 88438 15575 99413
 18966 11397 20172 22291 36750 33279 38957 44260 43344 55246 45158
 66240 46357 77220 50759 88207 54356 99146 66361 11121 71559 22112
 71960 33107 71160 44103 71760 55100 71560 21212 00873 26509 11866
 27015 22849 25011 33820 25012 44792 27013 55738 26510 66661 29035
 77614 26529 88584 26525 99510 27538 11431 26531 22390 24537 33287
 28069 44189 26589 55165 28077 66143 26060 77137 26565 88126 27557
 99114 26057 11100 28038 31313 45408 82306 41414 30901 51515 10164
 00003 10194 27011 28026=
TTBB 72008 72388 00929 30283 11925 29483 22696 04661 33669 03466
 44664 04073 55607 00184 66523 10163 77387 25388 88125 67175 99120
 66376 11114 67375 22103 65576 33100 65775 21212 00929 17505 11921
 15514 22908 16513 33878 15512 44848 16516 55821 16009 66790 18012
 77760 17509 88708 21516 99630 28506 11611 25012 22593 27013 33581
 26017 44511 28519 55499 26023 66490 24519 77455 26520 88254 25590
 99243 25080 11234 25585 22222 25071 33192 24583 44164 24556 55159
 24564 66145 26043 77135 25033 88119 24543 99111 25031 11107 24037
 22100 25028 31313 45408 82301 41414 00902 51515 10164 00091 10194
 17013 21011=
