UMUS72 KAWN 220000 RRX
TTBB 72008 72357 00966 29475 11922 26676 22772 12467 33747 10669
 44705 07474 55662 05288 66622 01885 77620 01884 88560 04383 99557
 04185 11488 09980 22474 11577 33471 11769 44410 21557 55391 24558
 66375 27544 77366 29156 88361 29956 99353 31158 11351 30763 22349
 30568 33326 34764 44301 39366 55280 42769 66274 43767 77272 44361
 88266 45362 99252 47759 11250 48557 22246 49159 33234 51957 44231
 52558 55225 52763 66220 53364 77198 55568 88170 60768 99168 60169
 11164 60570 22156 63168 33155 62368 44152 62370 55135 64969 66132
 64370 77124 66169 88100 67369 21212 00966 18008 11906 19030 22739
 22541 33705 23036 44682 25029 55639 24017 66533 28025 77203 29089
 88158 29081 99142 30046 11125 29041 22109 28034 33100 29046 31313
 44108 82311 41414 00901 51515 10164 00091 10194 19526 22035=
TTBB 72008 72776 00873 09656 11868 10058 22842 08460 33601 10516
 44299 41549 55277 46534 66266 49141 77223 59120 88213 59729 99211
 59732 11156 52562 22124 56966 33118 55567 44116 54968 55100 58570
 21212 00873 23507 11863 23519 22835 26022 33805 27031 44784 26531
 55776 26533 66666 26047 77594 25038 88346 26585 99334 26589 11294
 26079 22251 26092 33212 25087 44206 25593 55170 26564 66162 26077
 77147 28551 88141 26544 99135 27055 11128 26538 22121 26048 33110
 26034 44104 26541 55100 27032 31313 45408 82319 41414 957// 51515
 10164 00009 10194 27034 26542=
