UMUS72 KAWN 220000 RRX
TTBB 72008 72202 00013 24456 11928 17418 22895 15400 33882 14814
 44813 10202 55797 09623 66786 08614 77766 07627 88749 09066 99746
 08665 11732 08681 22704 06885 33567 04187 44481 15178 55451 18980
 66418 22770 77402 24577 88388 25181 99381 25772 11348 30569 22311
 35973 33300 36776 44268 41777 55245 43779 66229 45180 77204 50776
 88197 51576 99173 58770 11153 61370 22137 64969 33127 66368 44121
 68366 55117 68766 66116 68966 77108 69966 88100 68168 21212 00013
 36010 11929 03020 22896 04018 33860 02512 44834 04511 55829 05510
 66790 09001 77722 22510 88711 25012 99671 25015 11659 26518 22643
 24518 33456 24532 44383 24566 55323 24078 66280 24563 77221 24578
 88105 26542 99100 26026 31313 44108 82303 41414 58678 51515 10164
 00091 10194 02516 12003=
TTBB 72008 72248 00002 28468 11820 11656 22774 09468 33755 10282
 44707 08299 55625 02877 66555 03598 77328 34966 88319 35970 99240
 49363 11110 68971 22103 70569 33101 70569 44100 70569 21212 00002
 19008 11978 19012 22945 20516 33913 20519 44792 26011 55746 31013
 66680 25006 77643 28020 88613 26518 99592 28014 11509 25023 22455
 26524 33431 25520 44264 32060 55200 31081 66170 30563 77157 29571
 88144 31050 99135 29540 11122 29059 22106 30034 33100 30032 31313
 45408 82303 41414 00900 51515 10164 00091 10194 20016 26510=
TTBB 72008 72365 00835 23873 11830 22673 22823 21872 33641 01458
 44533 06780 55502 10350 66499 10550 77492 09960 88487 10559 99458
 14557 11441 16559 22431 17757 33116 69566 44108 67567 55100 69967
 21212 00835 26510 11818 26516 22789 25522 33762 26520 44719 28513
 55681 27514 66645 29517 77612 28528 88494 27550 99474 27545 11318
 26067 22239 28078 33176 27086 44154 26066 55115 28042 66100 30048
 31313 45408 82306 41414 00900 51515 10164 00004 10194 ///// 28522=
