UMUS72 KAWN 220000 RRX
TTBB 72008 72210 00015 20059 11001 21267 22992 20668 33866 10657
 44858 10458 55844 11872 66838 11681 77753 05666 88641 01177 99630
 02371 11413 24988 22329 37769 33294 42171 44281 41178 55249 42784
 66117 67177 77116 67377 88108 66575 99102 68374 11100 67573 21212
 00015 30502 11004 35509 22982 01012 33948 01509 44915 03008 55867
 06501 66836 26005 77827 23004 88809 31004 99792 22002 11755 32010
 22726 30005 33717 31006 44675 27009 55667 29010 66650 27511 77633
 28512 88611 27019 99489 29029 11464 27528 22361 32557 33298 30038
 44247 28055 55210 29041 66152 27052 77141 26541 88135 25546 99128
 26550 11112 27537 22100 27529 31313 45408 82301 41414 00900 51515
 10164 00091 10194 02007 29505=
TTBB 72008 72249 00985 31476 11801 14465 22767 11467 33763 11269
 44752 11074 55751 11074 66704 06270 77676 06686 88609 01891 99515
 05784 11490 08576 22476 10184 33474 10375 44446 14568 55439 15571
 66435 15966 77428 17168 88389 23761 99369 26365 11364 27164 22339
 31561 33309 37348 44308 37547 55305 37950 66304 37958 77303 38157
 88300 38557 99299 38560 11296 38961 22295 38965 33291 39362 44285
 40362 55277 41763 66226 52358 77223 52561 88219 52763 99210 53765
 11164 63164 22155 64365 33154 64565 44137 65967 55132 67966 66120
 68766 77114 66769 88100 68768 21212 00985 17012 11870 21026 22860
 21525 33784 22024 44755 24526 55699 23520 66679 27023 77641 26515
 88599 29023 99490 28027 11428 29530 22389 28534 33350 30547 44178
 29579 55151 29072 66140 29570 77134 30561 88126 28551 99122 28058
 11118 28564 22110 31048 33102 30533 44100 30033 31313 44108 82305
 41414 00900 51515 10164 00091 10194 19522 23023=
