UMUS72 KAWN 220000 RRH
TTBB 72008 72572 00864 24680 11860 23484 22852 22683 33630 01963
 44543 08577 55505 11158 66434 17790 77402 22964 88385 25175 99217
 56359 11216 56359 22209 54961 33173 59566 44158 59969 55150 58571
 66113 64376 77104 64376 88100 64176 21212 00864 18006 11843 28009
 22822 29008 33814 28508 44786 24507 55663 21011 66608 22019 77562
 26535 88429 28515 99376 31026 11351 29517 22319 28020 33295 33016
 44278 35523 55213 32046 66199 29522 77174 26530 88167 28533 99154
 28038 11147 26530 22141 26540 33131 27032 44124 27039 55118 26033
 66109 28036 77100 27533 31313 45408 82304 41414 00900 51515 10164
 00091 10194 24008 21512=
TTBB 72008 72797 00001 09205 11968 07013 22931 04800 33894 02815
 44873 01210 55831 00303 66778 02901 77732 04100 88560 15712 99535
 18111 11517 20323 22513 20514 33510 21125 44508 21111 55505 21720
 66501 22110 77487 23704 88478 24906 99477 25325 11474 25515 22473
 25700 33467 26506 44466 26519 55466 26757 66463 27357 77461 27557
 88458 27770 99457 27965 11456 27968 22455 27982 33447 26982 44428
 28379 55390 33575 66370 35576 77351 36379 88266 46772 99238 48575
 11235 47777 22200 49181 33183 48183 44174 50181 55158 49383 66131
 52581 77126 51982 88106 57978 99100 56779 21212 00001 32003 11866
 32510 22846 33511 33795 32013 44751 27019 55662 28534 66557 26033
 77448 28053 88268 27581 99201 28579 11157 28048 22149 26556 33137
 28067 44121 30051 55111 28535 66104 29052 77100 30539 31313 42408
 82305 41414 ///// 51515 10164 00091 10194 31506 29017=
