UMUS72 KAWN 220000 RRA
TTAA 72001 72201 99013 23257 01007 00126 22256 35514 92797 17038
 03014 85515 12626 09012 70128 06285 28016 50580 11577 27031 40747
 21576 26063 30953 34980 25073 25078 43375 26074 20225 52373 25071
 15406 64366 26055 10648 68768 27031 88115 71562 27053 77333 25083
 41804 31313 44108 82301=
TTAA 72001 72233 99017 21860 17004 00152 19860 16019 92819 15450
 23013 85532 11250 27014 70129 05279 34507 50581 10365 32024 40749
 22370 33517 30953 38966 32512 25075 49160 33516 20219 54172 32055
 15400 62969 31540 10645 69767 31034 88106 70566 30031 77999 31313
 44108 82300=
TTAA 72001 72261 99975 27665 17507 00087 ///// ///// 92773 23063
 15518 85503 20074 21513 70137 10296 31014 50585 06178 27523 40756
 19175 28021 30963 34174 29549 25088 43559 30072 20234 55356 29079
 15412 67760 29066 10653 74762 29536 88109 74363 28552 77188 29580
 40814 31313 42408 82305=
TTAA 72001 72317 99987 15064 00000 00165 ///// ///// 92823 12468
 24002 85522 05662 19003 70093 01899 30505 50572 14776 03521 40737
 26760 02035 30938 40563 02561 25060 50156 02565 20203 54960 02033
 15386 58966 02517 10638 63173 24513 88229 54357 03560 88142 60367
 07507 77259 02565 40619 31313 45408 82301 51515 10164 00091 10194
 20003 26002=
TTAA 72001 72694 99001 10208 12001 00068 10607 01001 92713 07004
 20512 85410 08402 27042 70990 02315 26046 50562 14523 27562 40729
 23911 27569 30932 39934 28592 25054 50550 28097 20196 56966 29106
 15380 56176 29550 10632 61773 28037 88210 56962 28608 88128 61372
 27069 77229 29110 41714 77124 28072 42533 31313 42408 82306=
