UMUS14 KAWN 220000 RRP
TTAA 72001 72489 99844 23479 25518 00014 ///// ///// 92710 /////
 ///// 85453 ///// ///// 70087 06066 25520 50576 09567 30020 40744
 21560 32528 30949 37761 34026 25071 48357 34547 20214 60158 34043
 15394 60963 29527 10641 66570 26525 88185 62158 33533 88120 66566
 27021 77999 31313 45408 82306 51515 10164 00008 10194 25522 26018=
TTBB 72008 72776 00873 09656 11868 10058 22842 08460 33601 10516
 44299 41549 55277 46534 66266 49141 77223 59120 88213 59729 99211
 59732 11156 52562 22124 56966 33118 55567 44116 54968 55100 58570
 21212 00873 23507 11863 23519 22835 26022 33805 27031 44784 26531
 55776 26533 66666 26047 77594 25038 88346 26585 99334 26589 11294
 26079 22251 26092 33212 25087 44206 25593 55170 26564 66162 26077
 77147 28551 88141 26544 99135 27055 11128 26538 22121 26048 33110
 26034 44104 26541 55100 27032 31313 45408 82319 41414 957// 51515
 10164 00009 10194 27034 26542=
TTBB 72008 72786 00921 05206 11916 04619 22909 04016 33657 10510
 44635 09508 55630 09509 66477 20727 77419 26319 88384 31540 99336
 39518 11239 49962 22225 50564 33203 49767 44124 57177 55118 56178
 66113 57178 77109 55779 88105 55378 99100 56378 21212 00921 22508
 11902 24016 22869 26524 33837 26028 44776 28526 55751 29027 66709
 27520 77650 26529 88592 28037 99499 28562 11418 25582 22298 25571
 33280 25078 44175 27557 55159 26048 66149 27564 77138 29046 88125
 25530 99118 28038 11110 26554 22104 27543 33100 27544 31313 45408
 82319 41414 865// 51515 10164 00011 10194 27527 27525=
TTAA 72001 72786 99921 05206 22508 00049 ///// ///// 92/// /////
 ///// 85378 00617 26027 70908 08311 27021 50548 18524 28062 40711
 28929 25579 30910 44762 25572 25030 49362 25573 20176 49967 26567
 15363 52774 27064 10621 56378 27544 88239 49962 26076 77418 25582
 43112 31313 45408 82319 51515 10164 00011 10194 27527 27525=
