UMUS72 KAWN 220000 RRF
TTBB 72008 72456 00971 27874 11968 28475 22919 26275 33854 20671
 44828 19474 55824 19476 66758 13273 77746 12880 88740 12478 99671
 04870 11662 04270 22611 00574 33552 07766 44486 15969 55485 15771
 66459 18771 77411 23377 88410 23378 99370 28971 11352 32165 22346
 33158 33345 33560 44341 34356 55339 34557 66338 34748 77336 34956
 88317 38129 99287 43937 11274 46728 22262 49142 33260 49536 44255
 50750 55249 52140 66247 52544 77232 55356 88223 57350 99221 57356
 11218 56962 22215 55371 33177 58372 44171 56575 55150 58175 66117
 64771 77116 64771 88110 64971 99107 63173 11100 64772 21212 00971
 17007 11944 19025 22852 22034 33821 24533 44736 24025 55662 26017
 66624 28022 77596 26024 88571 27521 99462 27525 11425 25525 22376
 26034 33345 25027 44263 26030 55242 28026 66222 30030 77208 26533
 88193 27545 99183 28541 11163 27027 22125 28531 33112 27036 44103
 28531 55100 27527 31313 44108 82300 41414 00901 51515 10164 00091
 10194 20527 24028=
TTBB 72008 72659 00955 16667 11889 11264 22875 10265 33866 11271
 44859 11270 55822 10661 66787 09063 77755 06860 88741 06263 99551
 11919 11544 12326 22533 10962 33518 12566 44465 17148 55415 21559
 66352 32143 77337 34557 88304 40750 99278 46159 11213 60350 22206
 58556 33195 56157 44188 57358 55174 53559 66128 60366 77123 60766
 88112 59569 99102 61770 11100 61370 21212 00955 13003 11943 15008
 22932 14510 33899 15511 44868 17508 55819 25517 66779 24523 77730
 27030 88679 25537 99599 27043 11562 26046 22509 25540 33456 27050
 44443 27043 55354 27553 66326 28045 77235 30060 88213 27549 99200
 28566 11196 27558 22189 26558 33180 28068 44163 26552 55137 28542
 66123 26536 77117 27532 88108 27027 99100 27035 31313 45408 82304
 41414 30970 51515 10164 00011 10194 22010 26030=
