UMUS14 KAWN 220000 RRR
TTBB 72008 72393 00000 14011 11998 15024 22984 12808 33950 10800
 44942 14635 55941 14256 66938 15860 77936 20066 88894 21075 99837
 18275 11651 00164 22645 00471 33616 00279 44563 05376 55551 06965
 66530 08574 77456 18365 88370 28776 99303 39172 11249 46773 22232
 47777 33143 62570 44123 65569 55100 66170 21212 00000 30004 11954
 24502 22854 31010 33813 34510 44486 04512 55460 06514 66439 03014
 77428 03511 88421 01512 99414 04014 11391 02009 22385 03010 33380
 05011 44341 04524 55325 06026 66311 05527 77287 03010 88270 17002
 99264 23010 11260 24510 22249 22010 33234 24017 44228 22519 55220
 25013 66203 24021 77191 25016 88171 21013 99156 24015 11147 23512
 22141 20513 33136 20509 44125 21024 55110 24013 66109 26012 77106
 22512 88100 22512 31313 44108 82321 41414 /////=
