UMUS72 KAWN 220000 RRX
TTAA 72001 72230 99997 19061 17003 00149 ///// ///// 92815 15261
 18508 85525 10457 28011 70119 04085 32506 50578 11360 35524 40745
 23361 34530 30949 39560 35527 25071 49161 35529 20214 56760 31536
 15394 63365 00525 10641 67167 32025 88110 67767 33529 77999 31313
 45408 82306 51515 10164 00008 10194 21006 30011=
TTBB 72008 72662 00882 20274 11877 20875 22859 20076 33853 19676
 44828 18477 55619 02961 66592 05164 77583 04171 88524 09396 99425
 20948 11357 29963 22314 37960 33299 40563 44269 47360 55259 49562
 66204 61156 77198 62156 88169 52559 99115 63767 11114 63767 22107
 61769 33106 61569 44101 62770 55100 62570 21212 00882 18005 11865
 19018 22835 21009 33806 24510 44778 25511 55668 27521 66633 27033
 77601 26030 88585 26525 99572 25528 11464 27546 22396 27531 33370
 29044 44334 28041 55296 29034 66228 30551 77213 29045 88192 29563
 99186 27549 11174 28562 22164 27042 33148 28542 44126 26526 55109
 28038 66102 27030 77100 26531 31313 45408 82324 41414 00900 51515
 10164 00091 10194 26013 27023=
TTAA 72001 72768 99921 09242 06507 00001 ///// ///// 92/// /////
 ///// 85346 03425 17503 70902 04132 29525 50549 16923 26547 40714
 25930 27065 30916 41533 26081 25036 52535 26590 20178 56356 26083
 15363 53564 27051 10620 57574 30022 88214 60338 26097 88119 57769
 26553 77213 26098 40838 31313 45408 82305 51515 10164 00009 10194
 30015 29527=
