UMUS72 KAWN 220000 RRX
TTBB 72008 72528 00987 15463 11966 15267 22884 10063 33831 05659
 44795 03657 55793 03657 66788 03861 77780 03662 88777 03661 99768
 04074 11760 04488 22744 03689 33737 03288 44732 02874 55729 03080
 66719 02885 77682 01480 88656 00773 99646 01577 11643 01766 22623
 03564 33619 03961 44617 03963 55586 06760 66567 08164 77561 08961
 88550 09562 99547 09364 11520 12333 22519 12539 33518 12356 44517
 12140 55516 11950 66510 12158 77506 12757 88504 12759 99494 13758
 11465 18142 22462 18160 33458 18759 44442 20564 55439 20963 66434
 20573 77430 20775 88424 20578 99378 27377 11287 43763 22275 45763
 33256 49559 44248 50760 55244 50164 66240 50963 77221 54164 88210
 55363 99208 55364 11207 55165 22201 55169 33172 57771 44169 58571
 55167 57971 66152 60572 77150 59574 88137 62372 99130 61574 11123
 63972 22117 63173 33108 64972 44100 59778 21212 00987 18009 11928
 20535 22830 25032 33797 26031 44719 24530 55666 27024 66636 25522
 77596 27026 88529 26037 99503 24529 11478 25533 22440 25031 33412
 28033 44342 29029 55296 29049 66233 29544 77222 29532 88215 28023
 99211 27525 11196 29036 22190 30531 33178 30024 44173 27519 55171
 26519 66156 28026 77147 24522 88140 26028 99133 29530 11131 29525
 22123 25519 33115 28014 44103 26016 55100 23515 31313 44108 82310
 41414 00900 51515 10164 00013 10194 21028 25032=
