UMUS72 KAWN 220000 RRX
TTBB 72008 72230 00997 19061 11985 20264 22977 19864 33861 10656
 44703 04286 55678 02276 66622 00983 77551 06961 88539 07364 99500
 11360 11455 15763 22407 22360 33340 32173 44309 37959 55258 47562
 66211 57158 77209 57358 88204 56559 99196 57160 11186 56362 22137
 64966 33129 62167 44110 67767 55109 67568 66101 66967 77100 67167
 21212 00997 17003 11988 16513 22949 18010 33916 18508 44884 21006
 55816 29514 66793 28512 77736 31509 88716 30007 99685 35505 11636
 31009 22612 33512 33563 36013 44421 33530 55362 35526 66357 36026
 77334 36027 88305 34529 99218 36016 11195 32039 22182 31537 33166
 33021 44152 35527 55150 00525 66146 35519 77141 32014 88137 30521
 99133 32526 11130 30533 22122 31044 33113 34033 44102 31529 55100
 32025 31313 45408 82306 41414 00900 51515 10164 00008 10194 21006
 30011=
TTAA 72001 72240 99015 23858 24010 00137 22258 20014 92805 16043
 21017 85520 11661 19012 70131 08485 30007 50582 09583 28516 40750
 22385 30520 30955 36974 32551 25078 46764 32564 20224 53967 32072
 15404 65366 30060 10647 71765 31539 88999 77216 31574 41407 31313
 45408 82302 51515 10164 00091 10194 20016 25013=
TTAA 72001 72489 99844 23479 25518 00014 ///// ///// 92710 /////
 ///// 85453 ///// ///// 70087 06066 25520 50576 09567 30020 40744
 21560 32528 30949 37761 34026 25071 48357 34547 20214 60158 34043
 15394 60963 29527 10641 66570 26525 88185 62158 33533 88120 66566
 27021 77999 31313 45408 82306 51515 10164 00008 10194 25522 26018=
TTAA 72001 72634 99951 15461 21008 00017 ///// ///// 92680 15463
 21530 85389 11061 24051 70986 02864 26540 50563 13950 26041 40728
 25750 26535 30930 42356 26544 25051 50160 26554 20195 53168 27054
 15377 60571 27546 10628 62175 24028 88139 62571 27052 77184 26562
 40814 31313 45408 82307 51515 10164 00008 10194 24544 26539=
