UMUS14 KAWN 220000 RRG
TTBB 72008 72265 00911 28074 11759 12263 22722 09869 33710 10488
 44622 05299 55455 13567 66446 13973 77411 18767 88398 20570 99348
 29164 11290 37572 22234 47957 33226 49559 44212 53557 55124 70563
 66108 70965 77105 70965 88100 70764 21212 00911 26012 11910 26012
 22878 26017 33848 25516 44819 24517 55791 25516 66614 30032 77552
 28022 88360 28542 99303 27548 11266 29564 22179 28594 33156 28068
 44142 28077 55106 29549 66100 28538 31313 45408 82302 41414 00901
 51515 10164 00091 10194 25016 28025=
TTBB 72008 72363 00883 27280 11871 26080 22870 26080 33729 11470
 44625 04695 55448 16157 66436 17758 77375 27150 88328 33360 99291
 40557 11157 63762 22150 62763 33133 66562 44105 68163 55101 68363
 66100 68163 21212 00883 25513 11843 24520 22815 25025 33786 24525
 44731 24525 55672 27023 66654 26021 77610 28024 88598 29026 99480
 27549 11449 28043 22379 28554 33322 27568 44190 28587 55140 29566
 66124 28050 77118 29041 88103 28030 99100 27034 31313 45408 82302
 41414 00900 51515 10164 00091 10194 24527 26024=
TTBB 72008 72672 00816 21675 11812 20276 22597 03361 33587 04561
 44577 04168 55539 06980 66503 10164 77486 12371 88403 23757 99381
 26361 11354 31359 22330 34962 33213 58546 44202 60950 55200 60950
 66182 54558 77131 63363 88122 61564 99114 62765 11108 61566 22107
 61366 33100 62567 21212 00816 27514 11808 27524 22784 27028 33779
 27027 44752 26518 55725 26016 66632 25030 77603 25528 88569 27542
 99498 28039 11413 25526 22366 29031 33347 28542 44285 28532 55234
 30543 66194 29061 77184 27036 88177 25537 99166 26549 11153 27537
 22129 28049 33113 25046 44107 27538 55100 27028 31313 45408 82306
 41414 00902 51515 10164 00006 10194 ///// 26028=
