UMUS14 KAWN 220000 RRI
TTBB 72008 72251 00013 26260 11009 25261 22001 24660 33927 18256
 44918 17650 55909 17656 66855 14457 77833 15278 88827 15082 99797
 13076 11670 07499 22402 19573 33320 31182 44208 52562 55135 68365
 66101 76562 77100 76362 21212 00013 16512 11987 16018 22980 15018
 33956 15519 44947 15517 55914 18014 66850 24513 77828 21005 88806
 28507 99793 27006 11735 31505 22718 29505 33709 31506 44691 27010
 55672 30511 66654 29007 77636 31511 88615 30511 99595 29514 11529
 33522 22484 30522 33443 32025 44311 30044 55248 32075 66192 30583
 77162 30062 88151 29571 99115 29551 11108 29558 22100 29540 31313
 45408 82302 41414 11600 51515 10164 00091 10194 18013 27505=
