UMUS72 KAWN 220000 RRX
TTBB 72008 72426 00976 16466 11962 17468 22953 17068 33834 08063
 44819 07863 55737 05270 66661 00573 77634 02968 88605 04383 99556
 07773 11492 11191 22349 31756 33344 32558 44283 44144 55265 47557
 66226 55750 77218 56356 88209 54758 99170 59964 11165 59366 22135
 63969 33118 65571 44115 64770 55108 65771 66100 67171 21212 00976
 20004 11956 19020 22945 19523 33912 20525 44880 21525 55789 26017
 66762 24518 77697 26521 88647 25024 99608 26528 11481 30023 22448
 31035 33410 31026 44367 31032 55270 29522 66246 30035 77224 29523
 88213 30035 99176 31516 11166 29507 22159 26013 33130 30026 44122
 31013 55116 30521 66111 32014 77109 31014 88100 34503 31313 45408
 82302 41414 00901 51515 10164 00091 10194 22024 26020=
TTBB 72008 72632 00970 16664 11960 17866 22858 11662 33851 12065
 44807 08666 55797 08673 66770 07270 77757 07472 88700 03069 99694
 03474 11692 03471 22667 01266 33658 00263 44653 00359 55593 07718
 66592 07924 77591 07758 88590 07562 99558 08571 11538 09976 22469
 15978 33467 15980 44372 27974 55351 31771 66339 33964 77333 34968
 88323 36761 99310 38963 11293 42760 22291 42962 33287 43559 44282
 44361 55267 47558 66265 47959 77260 48958 88232 53162 99230 52764
 11224 53365 22221 52767 33208 54767 44204 54369 55200 55568 66199
 55169 77177 56971 88173 55575 99154 60971 11144 62372 22140 61573
 33122 64171 44118 62973 55110 64372 66106 62574 77100 63973 21212
 00970 18005 11940 20529 22844 24544 33774 26026 44761 27522 55707
 28525 66679 26523 77647 28522 88624 28021 99475 26034 11420 27537
 22368 27557 33287 26554 44251 27562 55234 28060 66221 27539 77202
 26544 88189 28033 99180 26031 11168 28533 22152 29031 33146 27025
 44144 26026 55138 27531 66129 25527 77125 27033 88121 28027 99118
 27021 11111 26529 22108 28523 33100 26530 31313 42408 82303 41414
 ///// 51515 10164 00091 10194 22532 26529=
