UMUS72 KAWN 220000 RRX
TTAA 72001 72206 99017 15258 00000 00157 17264 06010 92815 12463
 34510 85518 09067 03008 70106 01470 28005 50572 17175 36007 40735
 29577 34514 30935 40578 01032 25058 44383 33521 20206 49982 31019
 15390 58779 27529 10642 63578 24527 88117 63178 27032 77999 31313
 45408 82313 51515 10164 00091 10194 02008 34002=
TTBB 72008 72240 00015 23858 11003 22458 22002 22258 33919 15441
 44851 11661 55830 13077 66816 12280 77781 09469 88741 08485 99728
 10092 11721 09893 22666 06481 33636 03896 44610 01481 55552 03198
 66518 07578 77460 14192 88251 46564 99123 69366 11118 68366 22111
 69566 33100 71765 21212 00015 24010 11981 20019 22963 20519 33948
 20519 44915 21517 55869 18013 66847 19011 77804 25014 88793 23512
 99765 25020 11705 29507 22669 33514 33652 31517 44614 33507 55595
 36007 66587 35006 77549 29520 88526 30513 99478 28021 11287 33052
 22249 32564 33233 32054 44216 31574 55182 31565 66172 31073 77147
 29561 88138 31056 99116 29548 11111 30554 22100 31539 31313 45408
 82302 41414 00900 51515 10164 00091 10194 20016 25013=
TTAA 72001 72318 99945 12861 15003 00160 ///// ///// 92817 12865
 13513 85518 07062 17505 70097 02071 35502 50573 13762 36016 40739
 24564 01032 30941 40757 01047 25063 50357 02050 20205 56158 02035
 15387 62363 01025 10637 63571 26014 88217 56756 02543 88146 62963
 00522 77999 31313 45408 82311 51515 10164 00013 10194 21505 30005=
