UMUS72 KAWN 220000 RRD
TTAA 72001 72456 99971 27874 17007 00007 ///// ///// 92697 26675
 20028 85434 20472 22034 70073 08273 25022 50574 14168 27024 40739
 24777 25529 30941 41332 25532 25062 51743 27029 20205 56171 26539
 15387 57975 27033 10637 64972 27527 88223 57350 30030 88116 64771
 27531 77999 31313 44108 82300=
TTAA 72001 72493 99011 15631 28509 00099 13622 28011 92758 20674
 24518 85486 18876 25014 70112 06069 24511 50579 09782 35523 40747
 22362 01026 30952 38361 02035 25075 47957 01554 20218 60157 01046
 15397 60771 34516 10644 67169 29514 88196 60758 01042 88117 67768
 31014 77230 01560 41018 31313 42408 82302=
TTAA 72001 72501 99019 08414 00000 00177 13250 21514 92828 09067
 21516 85521 05261 26512 70095 01068 23522 50571 15776 23521 40736
 27565 34512 30936 41171 26010 25058 48182 24018 20203 53778 23031
 15385 57579 21032 10638 62578 22522 88178 57178 23536 77999 31313
 45408 82301 51515 10164 00091 10194 22014 23520=
TTAA 72001 72520 99974 14464 00000 00132 ///// ///// 92792 12665
 19519 85493 07261 22523 70074 02281 26013 50572 13142 27517 40738
 24371 31022 30941 40762 32036 25062 50158 32533 20205 57161 32024
 15386 62169 28510 10636 63973 30008 88151 62368 28509 77999 31313
 44108 82301=
TTAA 72001 72562 99905 24678 00000 00527 ///// ///// 92/// /////
 ///// 85396 19677 19513 70028 06871 27031 50569 11776 28028 40735
 23976 28531 30938 41156 30526 25059 50356 29023 20203 55565 28537
 15384 59374 28527 10635 63577 28029 88171 59368 30035 88119 63177
 27529 77999 31313 45408 82303 51515 10164 00091 10194 25021 27031=
