UMUS14 KAWN 220000 RRQ
TTAA 72001 72393 99000 14011 30004 00099 ///// ///// 92757 20271
 27005 85485 19074 31509 70110 05065 03508 50577 12166 07508 40743
 25176 03515 30946 39373 04019 25069 46373 22009 20215 52975 24522
 15397 61171 23011 10645 66170 22511 88123 65569 21523 77999 31313
 44108 82321=
TTBB 72008 72489 00844 23479 11840 22680 22832 21879 33652 00864
 44634 00966 55624 00173 66619 00471 77591 01965 88565 03775 99414
 21314 11409 21728 22404 21158 33366 26374 44320 35156 55284 41163
 66260 46156 77185 62158 88183 62159 99175 58760 11140 63364 22134
 62565 33120 66566 44119 66566 55113 65568 66112 65568 77105 67768
 88100 66570 21212 00844 25518 11816 26023 22788 25523 33761 25527
 44657 25019 55623 27520 66610 26515 77582 25013 88570 27012 99508
 30022 11473 29515 22409 33033 33348 31017 44222 34551 55167 28516
 66162 27523 77138 30537 88134 31032 99125 28016 11121 27021 22114
 28525 33109 25526 44103 27531 55100 26525 31313 45408 82306 41414
 10952 51515 10164 00008 10194 25522 26018=
TTBB 72008 72768 00921 09242 11915 07850 22849 03425 33842 03826
 44746 01915 55631 07933 66504 16521 77214 60338 88184 52559 99182
 52359 11165 53561 22159 52963 33119 57769 44103 58573 55100 57574
 21212 00921 06507 11910 06008 22898 08508 33882 10508 44874 10007
 55865 13005 66846 18503 77834 25006 88774 30522 99748 31522 11593
 26538 22547 25037 33533 26532 44505 26047 55459 27566 66443 27061
 77213 26098 88181 26559 99168 27079 11153 27546 22146 27058 33138
 26538 44129 24049 55122 25557 66100 30022 31313 45408 82305 41414
 865// 51515 10164 00009 10194 30015 29527=
