UMUS72 KAWN 220000 RRQ
TTBB 72008 72261 00975 27665 11891 20262 22879 20470 33862 19469
 44856 20272 55843 19882 66829 18684 77800 16072 88748 11068 99738
 11077 11732 10476 22693 10297 33641 06284 44611 05087 55578 02485
 66525 04174 77499 06378 88358 25972 99322 31167 11317 31771 22313
 31775 33287 36972 44281 37372 55278 38169 66267 40357 77260 41757
 88254 42761 99252 42960 11219 51358 22217 51758 33213 52362 44209
 53560 55206 53762 66203 54561 77199 55756 88197 56157 99193 56364
 11187 57564 22178 58968 33154 66761 44148 67960 55144 66165 66140
 66368 77127 69166 88120 71963 99118 71763 11109 74363 22100 74762
 21212 00975 17507 11968 14010 22908 16019 33885 17015 44854 21513
 55829 21513 66800 25013 77739 27018 88698 31014 99654 29518 11606
 31020 22579 28017 33530 28524 44489 27021 55457 29527 66398 28021
 77367 27529 88337 29042 99316 28552 11279 31064 22232 30077 33188
 29580 44110 28553 55100 29536 31313 42408 82305 41414 ///// 51515
 10164 00091 10194 16515 26014=
TTBB 72008 72265 00911 28074 11759 12263 22722 09869 33710 10488
 44622 05299 55455 13567 66446 13973 77411 18767 88398 20570 99348
 29164 11290 37572 22234 47957 33226 49559 44212 53557 55124 70563
 66108 70965 77105 70965 88100 70764 21212 00911 26012 11910 26012
 22878 26017 33848 25516 44819 24517 55791 25516 66614 30032 77552
 28022 88360 28542 99303 27548 11266 29564 22179 28594 33156 28068
 44142 28077 55106 29549 66100 28538 31313 45408 82302 41414 00901
 51515 10164 00091 10194 25016 28025=
