UMUS72 KAWN 220000 RRB
TTAA 72001 72649 99969 16065 00000 00019 ///// ///// 92682 14465
 28005 85386 08869 30508 70979 01860 27034 50561 13734 26046 40727
 25539 27046 30929 41964 28538 25050 51561 27055 20193 54366 26559
 15375 58170 26552 10627 62376 27027 88172 59166 26062 88105 62575
 27538 77178 25568 40919 31313 45408 82302 51515 10164 00014 10194
 29509 27530=
TTAA 72001 72659 99955 16667 13003 00001 ///// ///// 92664 14266
 14011 85371 10666 22010 70970 02261 26037 50559 13362 26043 40726
 23959 27048 30928 41556 28052 25049 52956 29558 20190 57157 28566
 15373 57363 27045 10626 61370 27035 88213 60350 27549 88128 60366
 27037 77180 28068 41624 31313 45408 82304 51515 10164 00011 10194
 22010 26030=
TTAA 72001 72681 99906 18865 36005 00018 ///// ///// 92697 /////
 ///// 85417 14263 28518 70017 00824 25038 50567 12500 27054 40734
 22703 26050 30938 39325 28065 25060 50158 29069 20202 62139 27066
 15381 60363 26558 10632 63564 28038 88188 64743 28070 88102 63763
 28035 77191 27575 41324 31313 44108 82303=
TTAA 72001 72797 99001 09005 32003 00066 09005 31503 92707 04600
 29504 85391 00405 33510 70931 06102 28025 50549 22111 26540 40710
 32178 27556 30909 41975 28075 25030 47573 28076 20177 48981 28578
 15366 51182 26553 10626 56779 30539 88238 48575 28074 77268 27581
 41309 31313 42408 82305=
TTAA 72001 74560 99986 22068 19509 00056 ///// ///// 92730 19269
 20031 85450 16074 23525 70067 06075 30520 50572 11982 27529 40739
 24175 26042 30941 40763 25046 25063 51156 25053 20205 56161 25540
 15387 61169 27029 10636 66171 27021 88111 66372 24521 77999 31313
 45408 82302 51515 10164 00091 10194 21528 28017=
