UMUS72 KAWN 220000 RRL
TTBB 72008 72305 00018 15446 11006 16657 22965 15263 33881 10022
 44797 04434 55741 02227 66511 14575 77458 21967 88150 60179 99116
 61978 11113 61379 22108 60579 33100 62378 21212 00018 00000 11008
 05014 22984 04514 33950 03011 44916 07514 55841 15506 66807 19508
 77793 19008 88753 23511 99703 19517 11664 22016 22632 21017 33609
 21012 44581 22514 55556 21519 66526 22517 77376 20543 88361 20036
 99345 20044 11270 21028 22257 21537 33234 20520 44224 22022 55205
 20033 66187 20524 77160 22038 88135 21020 99115 20539 11102 25020
 22100 24521 31313 45408 82303 41414 31600 51515 10164 00091 10194
 07511 20510=
