UMUS14 KAWN 220000
TTAA 72001 72261 99975 27665 17507 00087 ///// ///// 92773 23063
 15518 85503 20074 21513 70137 10296 31014 50585 06178 27523 40756
 19175 28021 30963 34174 29549 25088 43559 30072 20234 55356 29079
 15412 67760 29066 10653 74762 29536 88109 74363 28552 77188 29580
 40814 31313 42408 82305=
TTAA 72001 72293 99995 22657 22513 00095 ///// ///// 92766 20468
 34008 85493 17664 36006 70116 08291 24503 50579 10564 23535 40747
 22556 23057 30952 38163 23570 25076 44967 24088 20222 53768 23079
 15402 63767 23561 10646 69367 22041 88115 69366 23046 77236 23593
 41515 31313 42408 82303=
TTAA 72001 72363 99883 27280 25513 00514 ///// ///// 92/// /////
 ///// 85431 24079 24521 70077 09890 26522 50578 08361 28039 40746
 23357 28549 30951 38758 27570 25073 46760 28576 20218 54962 28585
 15397 62763 28577 10643 68163 27034 88133 66562 28559 77190 28587
 40908 31313 45408 82302 51515 10164 00091 10194 24527 26024=
TTAA 72001 72672 99816 21675 27514 00591 ///// ///// 92/// /////
 ///// 85/// ///// ///// 70993 08067 25521 50566 10565 28039 40733
 23957 27031 30936 41159 28035 25058 51150 29541 20199 60950 28555
 15381 59960 27540 10632 62567 27028 88202 60950 28552 88131 63363
 28048 77194 29061 42025 31313 45408 82306 51515 10164 00006 10194
 ///// 26028=
TTAA 72001 72694 99001 10208 12001 00068 10607 01001 92713 07004
 20512 85410 08402 27042 70990 02315 26046 50562 14523 27562 40729
 23911 27569 30932 39934 28592 25054 50550 28097 20196 56966 29106
 15380 56176 29550 10632 61773 28037 88210 56962 28608 88128 61372
 27069 77229 29110 41714 77124 28072 42533 31313 42408 82306=
