UMUS72 KAWN 220000
TTAA 7200/ 72214 51515 10148=
TTAA 72001 72235 99004 23865 18007 00125 25066 20008 92802 19061
 19514 85520 12256 21517 70118 06079 27510 50580 10364 34024 40747
 22373 31515 30951 39165 28511 25073 49359 28017 20216 57169 30043
 15397 61970 29028 10643 69167 30526 88111 70166 29534 77999 31313
 44108 82301=
TTAA 72001 72293 99995 22657 22513 00095 ///// ///// 92766 20468
 34008 85493 17664 36006 70116 08291 24503 50579 10564 23535 40747
 22556 23057 30952 38163 23570 25076 44967 24088 20222 53768 23079
 15402 63767 23561 10646 69367 22041 88115 69366 23046 77236 23593
 41515 31313 42408 82303=
TTAA 72001 72305 99018 15446 00000 00163 16458 05013 92822 12657
 07012 85527 08429 14007 70102 00027 19517 50572 15573 20524 40735
 29175 20534 30935 41774 21036 25057 46971 20533 20204 50781 19530
 15387 60179 22028 10639 62378 24521 88150 60179 22028 77999 31313
 45408 82303 51515 10164 00091 10194 07511 20510=
TTAA 72001 72363 99883 27280 25513 00514 ///// ///// 92/// /////
 ///// 85431 24079 24521 70077 09890 26522 50578 08361 28039 40746
 23357 28549 30951 38758 27570 25073 46760 28576 20218 54962 28585
 15397 62763 28577 10643 68163 27034 88133 66562 28559 77190 28587
 40908 31313 45408 82302 51515 10164 00091 10194 24527 26024=
TTAA 72001 72672 99816 21675 27514 00591 ///// ///// 92/// /////
 ///// 85/// ///// ///// 70993 08067 25521 50566 10565 28039 40733
 23957 27031 30936 41159 28035 25058 51150 29541 20199 60950 28555
 15381 59960 27540 10632 62567 27028 88202 60950 28552 88131 63363
 28048 77194 29061 42025 31313 45408 82306 51515 10164 00006 10194
 ///// 26028=
