UMUS72 KAWN 220000 RRJ
TTBB 72008 72201 00013 23257 11963 18840 22943 17430 33928 16835
 44924 17037 55858 12602 66855 12205 77853 12625 88847 12427 99835
 11423 11815 09830 22806 09447 33805 09450 44803 09657 55801 10464
 66789 12083 77782 12085 88762 11487 99713 07084 11669 04686 22646
 02487 33640 02689 44606 00290 55578 02384 66552 05779 77467 15578
 88454 16975 99430 19381 11419 20380 22399 21575 33366 26771 44341
 30170 55331 31766 66329 31969 77327 31775 88312 34775 99305 34979
 11301 34980 22277 37977 33258 42174 44220 48974 55192 54172 66186
 54573 77153 63766 88134 68364 99126 69564 11124 69165 22115 71562
 33104 71165 44100 68768 21212 00013 01007 11007 35510 22976 35517
 33949 36016 44921 03513 55902 04010 66869 08510 77824 09011 88812
 10010 99794 14502 11766 27510 22701 28015 33638 25018 44504 27030
 55333 25083 66308 25571 77275 26080 88193 25071 99178 26568 11145
 25551 22108 27553 33100 27031 31313 44108 82301 41414 48500 51515
 10164 00091 10194 02511 27501=
TTBB 72008 72214 51515 10148=
