UMUS72 KAWN 220000 RRX
TTBB 72008 72645 00977 14859 11964 20266 22934 18267 33910 16466
 44815 10669 55693 02056 66660 00160 77646 01358 88584 07160 99549
 10146 11514 12359 22461 18524 33359 31760 44340 35157 55324 36958
 66279 45150 77236 51957 88226 54556 99224 54756 11222 54956 22207
 53958 33133 62167 44132 62167 55117 61769 66116 61769 77100 62572
 21212 00977 29501 11959 26015 22934 25019 33901 24521 44870 25520
 55820 28523 66781 27025 77734 25528 88602 27054 99543 26047 11425
 27537 22314 27550 33298 27045 44230 27551 55178 26059 66154 26541
 77137 26049 88126 27041 99118 25038 11111 26044 22106 27535 33100
 25024 31313 45408 82349 41414 00901 51515 10164 00009 10194 26020
 26531=
TTAA 72001 72645 99977 14859 29501 00015 ///// ///// 92681 17667
 25019 85395 13068 27022 70995 02457 26041 50563 13956 26544 40728
 25159 28040 30930 41556 27046 25052 49756 26549 20195 54959 26555
 15378 59565 26544 10629 62572 25024 88224 54756 27552 88133 62167
 26048 77178 26059 40617 31313 45408 82349 51515 10164 00009 10194
 26020 26531=
TTAA 72001 72764 99941 14063 07504 00511 ///// ///// 92649 13264
 08008 85353 08461 18511 70937 00350 26532 50554 13723 26559 40720
 25330 27064 30923 41534 27073 25043 52932 28075 20183 59356 28072
 15367 55763 27062 10622 59371 26528 88213 61938 29080 88127 60566
 25546 77218 29081 41431 31313 45408 82306 51515 10164 00011 10194
 20516 26030=
