UMUS72 KAWN 220000 RRX
TTBB 72008 72632 00970 16664 11960 17866 22858 11662 33851 12065
 44807 08666 55797 08673 66770 07270 77757 07472 88700 03069 99694
 03474 11692 03471 22667 01266 33658 00263 44653 00359 55593 07718
 66592 07924 77591 07758 88590 07562 99558 08571 11538 09976 22469
 15978 33467 15980 44372 27974 55351 31771 66339 33964 77333 34968
 88323 36761 99310 38963 11293 42760 22291 42962 33287 43559 44282
 44361 55267 47558 66265 47959 77260 48958 88232 53162 99230 52764
 11224 53365 22221 52767 33208 54767 44204 54369 55200 55568 66199
 55169 77177 56971 88173 55575 99154 60971 11144 62372 22140 61573
 33122 64171 44118 62973 55110 64372 66106 62574 77100 63973 21212
 00970 18005 11940 20529 22844 24544 33774 26026 44761 27522 55707
 28525 66679 26523 77647 28522 88624 28021 99475 26034 11420 27537
 22368 27557 33287 26554 44251 27562 55234 28060 66221 27539 77202
 26544 88189 28033 99180 26031 11168 28533 22152 29031 33146 27025
 44144 26026 55138 27531 66129 25527 77125 27033 88121 28027 99118
 27021 11111 26529 22108 28523 33104 25522 44100 26530 31313 42408
 82303 41414 ///// 51515 10164 00091 10194 22532 26529=
TTBB 72008 72764 00941 14063 11917 12864 22797 05659 33783 06658
 44634 06316 55555 12138 66529 13930 77268 48539 88243 54528 99213
 61938 11168 52361 22127 60566 33112 57969 44107 58770 55100 59371
 21212 00941 07504 11898 13009 22866 17510 33835 20014 44776 24028
 55708 26531 66596 25550 77536 27555 88451 26060 99218 29081 11186
 27061 22178 27074 33166 29055 44162 28051 55154 26560 66148 27564
 77142 28053 88134 26039 99130 25042 11124 27050 22110 29531 33100
 26528 31313 45408 82306 41414 8097/ 51515 10164 00011 10194 20516
 26030=
