UMUS14 KAWN 220000 RRN
TTBB 72008 72364 00873 26871 11694 07056 22676 06059 33664 06669
 44568 01972 55506 07768 66483 10370 77457 13766 88438 15575 99413
 18966 11397 20172 22291 36750 33279 38957 44260 43344 55246 45158
 66240 46357 77220 50759 88207 54356 99146 66361 11121 71559 22112
 71960 33107 71160 44103 71760 55100 71560 21212 00873 26509 11866
 27015 22849 25011 33820 25012 44792 27013 55738 26510 66661 29035
 77614 26529 88584 26525 99510 27538 11431 26531 22390 24537 33287
 28069 44189 26589 55165 28077 66143 26060 77137 26565 88126 27557
 99114 26057 11100 28038 31313 45408 82306 41414 30901 51515 10164
 00003 10194 27011 28026=
TTBB 72008 72388 00929 30283 11925 29483 22696 04661 33669 03466
 44664 04073 55607 00184 66523 10163 77387 25388 88125 67175 99120
 66376 11114 67375 22103 65576 33100 65775 21212 00929 17505 11921
 15514 22908 16513 33878 15512 44848 16516 55821 16009 66790 18012
 77760 17509 88708 21516 99630 28506 11611 25012 22593 27013 33581
 26017 44511 28519 55499 26023 66490 24519 77455 26520 88254 25590
 99243 25080 11234 25585 22222 25071 33192 24583 44164 24556 55159
 24564 66145 26043 77135 25033 88119 24543 99111 25031 11107 24037
 22100 25028 31313 45408 82301 41414 00902 51515 10164 00091 10194
 17013 21011=
TTAA 72001 72388 99929 30283 17505 00040 ///// ///// 92739 29483
 17015 85477 21075 16516 70107 05061 21515 50577 12368 26523 40744
 23588 25539 30948 37984 25073 25071 45981 25586 20217 53579 24580
 15398 61577 26047 10644 65775 25028 88125 67175 24039 77254 25590
 42019 31313 45408 82301 51515 10164 00091 10194 17013 21011=
