UMUS72 KAWN 220000 RRX
TTAA 72001 72208 99018 17661 08002 00162 16861 10009 92818 11461
 35009 85516 07269 34006 70099 01068 31006 50572 15570 28005 40736
 28971 26008 30935 43367 33011 25057 48169 35010 20203 51381 32504
 15387 57779 23515 10639 62378 24525 88115 62378 22516 77999 31313
 45408 82306 51515 10164 00091 10194 03004 32003=
TTAA 72001 72376 99783 16465 24508 00047 ///// ///// 92/// /////
 ///// 85/// ///// ///// 70114 06058 24514 50579 10162 26044 40747
 22356 25063 30951 38158 25579 25074 45564 26589 20220 54365 26087
 15400 64165 25574 10646 66969 26031 88125 66967 26560 77249 26589
 41611 31313 45408 82316 51515 10164 00091 10194 ///// 25029=
TTAA 72001 74455 99977 23871 19507 00027 ///// ///// 92707 21872
 21030 85430 15868 23531 70050 05471 26531 50570 12778 28032 40736
 24369 27541 30938 41957 26545 25059 50357 26047 20202 54963 25533
 15384 60167 27526 10634 63968 28031 88127 63967 25036 77999 31313
 45408 82308 51515 10164 00091 10194 22529 25533=
