UMUS72 KAWN 220000 RRX
TTBB 72008 72318 00945 12861 11938 13264 22915 12065 33758 04675
 44752 04475 55725 03870 66572 06990 77437 21158 88394 25365 99361
 30558 11338 33759 22303 40557 33283 43762 44222 55950 55217 56756
 66207 54957 77198 56358 88192 55159 99182 56760 11175 55961 22146
 62963 33139 60965 44132 61166 55104 63970 66100 63571 21212 00945
 15003 11933 13010 22916 14512 33894 16010 44883 15011 55852 17006
 66832 18503 77791 25510 88768 27515 99737 31505 11727 30507 22700
 35502 33691 03002 44672 34004 55655 32504 66647 35508 77609 32510
 88595 34512 99578 31508 11562 35509 22538 01012 33492 36020 44485
 36016 55456 35520 66443 36021 77436 36026 88417 36026 99280 02051
 11219 02544 22208 00542 33198 02534 44187 02546 55166 02521 66153
 01527 77144 36020 88135 35009 99127 32003 11125 27504 22120 32009
 33114 28006 44110 33504 55109 28003 66102 25016 77100 26014 31313
 45408 82311 41414 00901 51515 10164 00013 10194 21505 30005=
TTBB 72008 72376 00783 16465 11780 15865 22771 14865 33650 01049
 44643 00250 55620 00676 66583 01779 77550 05558 88521 07375 99449
 16147 11436 17557 22351 30144 33125 66967 44112 64369 55104 67570
 66103 67570 77100 66969 21212 00783 24508 11763 25017 22736 24514
 33710 24513 44669 22012 55612 25030 66579 24535 77506 26042 88386
 25063 99249 26589 11197 26089 22170 25080 33111 27542 44100 26031
 31313 45408 82316 41414 21800 51515 10164 00091 10194 ///// 25029=
TTAA 72001 72776 99873 09656 23507 00509 ///// ///// 92651 /////
 ///// 85355 09060 25022 70923 04528 27043 50551 15321 25557 40717
 26122 26069 30918 41548 26082 25039 52734 26092 20180 56350 26585
 15364 53162 28056 10622 58570 27032 88213 59729 25086 77206 25593
 40429 31313 45408 82319 51515 10164 00009 10194 27034 26542=
