UMUS14 KAWN 220000 RRF
TTBB 72008 72293 00995 22857 11990 20648 22943 16822 33933 17240
 44924 20468 55923 20668 66871 19268 77745 09058 88722 08477 99706
 07886 11700 08291 22592 02360 33578 03572 44564 04960 55555 05961
 66551 05962 77534 07533 88523 08562 99519 08942 11513 09163 22448
 16360 33432 18536 44414 20561 55397 22943 66391 23357 77387 23162
 88348 29758 99316 35558 11280 40764 22233 47770 33172 59567 44135
 66367 55115 69366 66100 69367 21212 00995 22513 11938 06501 22765
 11010 33725 14010 44668 22510 55627 24012 66604 22515 77563 24017
 88528 22532 99424 23556 11304 23571 22236 23593 33122 23042 44108
 24038 55105 23533 66100 22041 31313 42408 82303 41414 ///// 51515
 10164 00091 10194 31504 11006=
TTBB 72008 72681 00906 18865 11879 15863 22849 14263 33833 12862
 44743 04646 55691 00220 66687 00029 77686 00034 88683 00257 99681
 00466 11677 00872 22673 00876 33668 00672 44666 00464 55661 00059
 66654 00357 77643 00561 88629 00950 99566 06900 11457 16700 22425
 19503 33395 23704 44394 23307 55385 24510 66382 24931 77379 25127
 88370 26532 99366 26756 11365 26958 22361 27357 33359 27947 44358
 28157 55356 28557 66350 29556 77348 29958 88331 33150 99321 35150
 11312 36930 22310 37341 33307 37938 44293 40714 55292 41121 66291
 41350 77287 42136 88285 42549 99284 42940 11283 43150 22282 43356
 33277 44340 44273 45156 55250 50159 66237 52957 77230 54338 88211
 59540 99203 61327 11200 62341 22194 63548 33188 64743 44187 64550
 55186 60960 66185 60360 77182 58962 88171 60762 99163 56965 11147
 60963 22140 59164 33126 62563 44123 62163 55121 59965 66114 62364
 77102 63763 88100 63364 21212 00906 36005 11867 29510 22754 25023
 33701 25037 44686 26043 55662 27534 66506 27059 77456 27546 88401
 26050 99341 28555 11270 29071 22213 27058 33191 27575 44177 27557
 55168 28066 66162 27050 77154 26054 88146 27062 99137 27547 11125
 28553 22116 26543 33102 28035 44100 28038 31313 44108 82303 41414
 70972 51515 10164 00006 10194 30510 26024=
