UMUS72 KAWN 220000 RRE
TTBB 72008 72469 51515 10159=
TTBB 72008 72493 00011 15631 11001 13823 22974 11810 33961 11215
 44956 12234 55948 12241 66946 13456 77944 15459 88937 18068 99933
 19872 11915 21476 22899 21676 33838 18075 44738 09069 55694 05469
 66680 04072 77666 02868 88640 00476 99634 00880 11594 01980 22583
 01179 33582 01180 44576 01967 55570 02766 66569 02766 77558 03183
 88535 05186 99478 11985 11467 13379 22459 14567 33458 14768 44454
 15361 55450 15758 66426 19556 77423 19558 88421 19957 99411 21358
 11380 24174 22360 26972 33336 31967 44319 35361 55316 35557 66310
 36363 77305 37559 88303 37761 99296 38763 11290 39766 22282 41160
 33278 41963 44273 43161 55267 44165 66265 44561 77263 44965 88259
 46163 99256 46750 11243 49559 22228 53350 33219 55556 44209 58146
 55205 59158 66199 60157 77196 60758 88189 58967 99182 58168 11169
 61367 22162 58172 33132 64569 44129 63371 55117 67768 66113 66170
 77107 68767 88100 67169 21212 00011 28509 11971 28513 22962 28010
 33943 23510 44920 24518 55890 25515 66783 23014 77744 22515 88649
 25505 99595 29510 11585 33517 22547 01017 33499 35523 44457 01515
 55424 00525 66381 01030 77327 02026 88230 01560 99191 00545 11178
 02516 22174 03016 33168 35018 44160 36010 55150 34515 66139 34524
 77126 33008 88120 31011 99115 31512 11110 28510 22100 29514 31313
 42408 82302 41414 ///// 51515 10164 00091 10194 26013 23513=
