UMUS72 KAWN 220000 RRX
TTAA 72001 72210 99015 20059 30502 00140 21267 36009 92807 15063
 03008 85515 11464 22005 70109 02269 30510 50575 14382 28530 40740
 26784 32044 30941 41571 30539 25064 42784 28055 20213 49382 28044
 15396 59779 26550 10644 67573 27529 88117 67177 27037 77999 31313
 45408 82301 51515 10164 00091 10194 02007 29505=
TTAA 72001 72249 99985 31476 17012 00066 ///// ///// 92758 26073
 19024 85492 19469 21525 70118 06474 23520 50581 07383 29026 40750
 21962 29032 30955 38557 30557 25078 47160 29565 20223 55365 30075
 15402 64766 29072 10646 68768 30033 88132 67966 30056 77178 29579
 40510 31313 44108 82305=
TTAA 72001 72250 99014 25659 14013 00127 24058 14019 92802 17431
 16015 85519 13247 28507 70147 09492 30004 50586 05579 31015 40757
 18574 30534 30965 33180 31549 25091 42968 31563 20238 53566 30569
 15417 67959 30560 10655 76961 30528 88106 76960 30545 77222 31075
 41713 31313 44108 82303=
TTAA 72001 72251 99013 26260 16512 00126 24060 15518 92799 17650
 16516 85519 14659 24513 70140 08688 28509 50585 05995 31022 40755
 19773 31530 30962 34775 30043 25087 43970 32074 20234 53963 31081
 15412 66563 29571 10652 76362 29540 88101 76562 30042 77192 30583
 40920 31313 45408 82302 51515 10164 00091 10194 18013 27505=
TTAA 72001 72340 99991 24266 20507 00090 ///// ///// 92768 19665
 20015 85487 14874 24017 70104 08099 26518 50579 09589 27021 40746
 23378 27027 30949 41160 25530 25070 51159 26531 20213 56767 29041
 15394 60972 28532 10641 68570 28020 88109 68371 28527 77999 31313
 45408 82310 51515 10164 00091 10194 21014 26516=
TTAA 72001 72365 99835 23873 26510 00016 ///// ///// 92/// /////
 ///// 85/// ///// ///// 70109 07862 28015 50578 10350 27548 40747
 21958 27567 30952 37762 26566 25075 46163 27575 20221 55364 27580
 15400 63366 26567 10644 69967 30048 88116 69566 28042 77176 27086
 40819 31313 45408 82306 51515 10164 00004 10194 ///// 28522=
