UMUS72 KAWN 220000 RRX
TTAA 72001 72388 99929 30283 17505 00040 ///// ///// 92739 29483
 17015 85477 21075 16516 70107 05061 21515 50577 12368 26523 40744
 23588 25539 30948 37984 25073 25071 45981 25586 20217 53579 24580
 15398 61577 26047 10644 65775 25028 88125 67175 24039 77254 25590
 42019 31313 45408 82301 51515 10164 00091 10194 17013 21011=
TTBB 72008 72402 00020 14056 11014 15458 22998 14659 33953 10856
 44931 09662 55892 06859 66865 05060 77823 05871 88786 05499 99689
 00268 11643 02180 22577 09168 33151 60179 44149 60379 55140 59379
 66136 58779 77103 63778 88100 63378 21212 00020 15504 11985 16509
 22970 15007 33951 17009 44917 23006 55897 16505 66887 36001 77814
 16005 88792 17511 99731 24014 11649 20010 22636 22012 33609 21012
 44571 22514 55556 21012 66550 22015 77536 21013 88491 23513 99440
 20012 11411 21014 22387 23511 33369 22005 44357 25504 55347 08001
 66323 22009 77304 25503 88300 27503 99287 22008 11277 24511 22261
 22511 33257 23511 44245 20011 55226 25014 66211 22025 77201 20517
 88185 20032 99152 22015 11146 20018 22134 22021 33121 19536 44118
 19531 55108 23027 66105 23022 77100 25030 31313 45408 82300 41414
 00900 51515 10164 00091 10194 17004 22009=
TTBB 72008 74455 00977 23871 11972 24672 22955 24073 33855 16068
 44755 10877 55641 00966 66502 12579 77452 18765 88411 23169 99271
 47949 11127 63967 22126 63967 33119 61568 44112 63968 55108 64767
 66100 63968 21212 00977 19507 11936 21032 22904 21528 33873 22027
 44785 25038 55717 26529 66684 26535 77606 27525 88584 26529 99416
 28040 11309 27047 22284 26542 33257 26048 44199 25532 55185 24042
 66151 27526 77147 26521 88133 23030 99128 24537 11123 24526 22107
 25538 33100 28031 31313 45408 82308 41414 10901 51515 10164 00091
 10194 22529 25533=
