FNUS82 KGSP 231847
FWMGSP

FCST,090802,221024,13,1,68,38,1,1,SSE,03,,68,46,73,33,0,0,N
FCST,090802,221025,13,1,65,57,1,1,S,03,,69,48,83,37,0,0,N
FCST,090802,221026,13,1,64,59,1,1,W,02,,66,52,92,55,0,0,N
FCST,090802,221027,13,0,65,50,1,1,SE,02,,65,46,83,50,0,0,N
FCST,090802,221028,13,1,63,61,1,1,ESE,03,,66,50,83,49,0,0,N
FCST,090802,221029,13,2,59,71,1,1,ESE,03,,64,51,84,57,0,0,N
FCST,090802,221030,13,2,58,79,1,1,E,03,,60,51,90,69,0,0,N
FCST,091301,221024,13,1,73,36,1,1,SSW,03,,74,42,99,26,0,0,N
FCST,091301,221025,13,1,71,51,1,1,SSE,05,,75,46,100,35,0,0,N
FCST,091301,221026,13,1,69,53,1,1,W,05,,73,52,100,48,0,0,N
FCST,091301,221027,13,0,71,46,1,1,E,05,,71,45,100,46,0,0,N
FCST,091301,221028,13,1,68,56,1,1,E,06,,72,49,97,45,0,0,N
FCST,091301,221029,13,2,65,63,1,1,E,06,,69,51,97,54,0,0,N
FCST,091301,221030,13,2,64,74,1,1,E,06,,66,51,100,62,0,0,N
FCST,313302,221024,13,1,75,30,1,1,NNW,03,,75,40,94,30,0,0,N
FCST,313302,221025,13,1,72,42,1,1,SSE,05,,77,43,95,29,0,0,N
FCST,313302,221026,13,1,65,63,1,1,WNW,05,,74,51,99,40,0,0,N
FCST,313302,221027,13,1,67,49,1,1,NE,03,,67,44,100,49,0,0,N
FCST,313302,221028,13,1,68,51,1,1,SSE,05,,70,44,100,45,0,0,N
FCST,313302,221029,13,2,64,62,1,1,SE,04,,69,46,100,47,0,0,N
FCST,313302,221030,13,2,62,71,1,1,SSE,05,,65,48,100,60,0,0,N
FCST,313402,221024,13,1,68,37,1,1,NW,02,,68,41,78,37,0,0,N
FCST,313402,221025,13,1,64,52,1,1,SSE,03,,69,44,81,37,0,0,N
FCST,313402,221026,13,1,62,65,1,1,WSW,03,,65,48,95,51,0,0,N
FCST,313402,221027,13,1,62,55,1,1,ESE,02,,62,43,92,55,0,0,N
FCST,313402,221028,13,1,59,62,1,1,ESE,03,,62,44,88,53,0,0,N
FCST,313402,221029,13,2,56,75,1,1,E,03,,60,44,95,59,0,0,N
FCST,313402,221030,13,2,55,80,1,1,SE,04,,57,46,98,74,0,0,N
FCST,313601,221024,13,0,73,44,1,1,SSW,02,,73,42,100,34,0,0,N
FCST,313601,221025,13,1,70,57,1,1,S,03,,74,46,100,42,0,0,N
FCST,313601,221026,13,1,71,64,1,1,SW,04,,71,53,100,54,0,0,N
FCST,313601,221027,13,1,69,54,1,1,ENE,04,,71,49,95,54,0,0,N
FCST,313601,221028,13,1,65,61,1,1,ENE,04,,70,49,91,52,0,0,N
FCST,313601,221029,13,2,63,76,1,1,ENE,04,,66,49,98,59,0,0,N
FCST,313601,221030,13,2,62,79,1,1,ENE,04,,64,51,100,74,0,0,N
FCST,314201,221024,13,1,76,36,1,1,S,02,,76,43,84,31,0,0,N
FCST,314201,221025,13,1,70,51,1,1,SSE,03,,76,46,93,36,0,0,N
FCST,314201,221026,13,1,70,60,1,1,WSW,02,,72,51,96,49,0,0,N
FCST,314201,221027,13,0,69,50,1,1,E,02,,71,45,97,50,0,0,N
FCST,314201,221028,13,1,66,59,1,1,E,03,,70,47,89,49,0,0,N
FCST,314201,221029,13,2,64,69,1,1,E,03,,67,48,94,55,0,0,N
FCST,314201,221030,13,2,63,75,1,1,E,03,,64,48,99,68,0,0,N
FCST,314301,221024,13,1,73,38,1,1,SSW,02,,73,43,83,36,0,0,N
FCST,314301,221025,13,1,68,53,1,1,S,03,,74,46,91,36,0,0,N
FCST,314301,221026,13,1,68,61,1,1,WSW,03,,70,50,95,50,0,0,N
FCST,314301,221027,13,1,67,52,1,1,E,02,,69,45,95,52,0,0,N
FCST,314301,221028,13,1,64,59,1,1,ESE,03,,68,47,88,49,0,0,N
FCST,314301,221029,13,2,62,71,1,1,E,04,,66,47,94,55,0,0,N
FCST,314301,221030,13,2,60,80,1,1,E,04,,62,48,99,67,0,0,N
FCST,315501,221024,13,1,76,30,1,1,WSW,02,,76,40,93,23,0,0,N
FCST,315501,221025,13,1,73,45,1,1,S,05,,77,44,93,30,0,0,N
FCST,315501,221026,13,1,64,61,1,1,WNW,05,,74,50,100,44,0,0,N
FCST,315501,221027,13,0,71,46,1,1,N,02,,71,41,100,46,0,0,N
FCST,315501,221028,13,1,71,49,1,1,SSE,04,,72,44,100,44,0,0,N
FCST,315501,221029,13,2,67,60,1,1,SE,04,,72,47,100,47,0,0,N
FCST,315501,221030,13,2,65,68,1,1,SSE,05,,68,48,100,59,0,0,N
FCST,315802,221024,13,1,74,30,1,1,ESE,01,,74,39,97,25,0,0,N
FCST,315802,221025,13,1,69,49,1,1,S,04,,75,43,97,29,0,0,N
FCST,315802,221026,13,1,65,59,1,1,WNW,04,,71,50,100,46,0,0,N
FCST,315802,221027,13,0,69,45,1,1,SE,02,,69,41,100,45,0,0,N
FCST,315802,221028,13,1,67,53,1,1,SE,03,,71,44,100,43,0,0,N
FCST,315802,221029,13,2,64,64,1,1,SE,03,,69,46,100,51,0,0,N
FCST,315802,221030,13,2,61,74,1,1,SE,03,,65,48,100,62,0,0,N
FCST,315803,221024,13,1,68,37,1,1,S,02,,68,40,85,34,0,0,N
FCST,315803,221025,13,1,63,58,1,1,S,05,,68,44,86,37,0,0,N
FCST,315803,221026,13,1,62,63,1,1,W,04,,64,48,100,56,0,0,N
FCST,315803,221027,13,0,63,54,1,1,SSE,03,,63,41,100,54,0,0,N
FCST,315803,221028,13,1,61,64,1,1,SE,05,,64,44,100,53,0,0,N
FCST,315803,221029,13,2,57,75,1,1,SE,05,,61,45,100,62,0,0,N
FCST,315803,221030,13,2,56,85,1,1,SE,06,,58,46,100,73,0,0,N
FCST,315902,221024,13,1,73,29,1,1,NE,02,,73,41,90,21,0,0,N
FCST,315902,221025,13,1,68,47,1,1,S,04,,74,43,94,28,0,0,N
FCST,315902,221026,13,1,64,60,1,1,W,03,,70,50,100,44,0,0,N
FCST,315902,221027,13,0,67,47,1,1,SSE,02,,67,43,100,47,0,0,N
FCST,315902,221028,13,1,66,53,1,1,SE,03,,70,45,100,43,0,0,N
FCST,315902,221029,13,2,62,65,1,1,SE,04,,68,46,100,49,0,0,N
FCST,315902,221030,13,2,60,73,1,1,SE,04,,63,48,100,61,0,0,N
FCST,316001,221024,13,1,69,35,1,1,N,03,,69,38,86,33,0,0,N
FCST,316001,221025,13,1,64,53,1,1,S,05,,69,41,84,35,0,0,N
FCST,316001,221026,13,1,63,61,1,1,WSW,05,,65,47,100,50,0,0,N
FCST,316001,221027,13,0,62,54,1,1,E,04,,63,40,100,54,0,0,N
FCST,316001,221028,13,1,59,63,1,1,ESE,05,,63,41,100,52,0,0,N
FCST,316001,221029,13,2,56,76,1,1,ESE,05,,61,42,100,60,0,0,N
FCST,316001,221030,13,2,54,84,1,1,ESE,05,,57,43,100,73,0,0,N
FCST,316602,221024,13,0,73,43,1,1,WSW,02,,73,43,100,37,0,0,N
FCST,316602,221025,13,1,72,54,1,1,S,03,,75,46,100,42,0,0,N
FCST,316602,221026,13,1,72,63,1,1,SW,05,,74,55,99,50,0,0,N
FCST,316602,221027,13,1,70,54,1,1,NE,05,,74,51,90,54,0,0,N
FCST,316602,221028,13,1,68,58,1,1,NE,05,,72,51,92,51,0,0,N
FCST,316602,221029,13,2,65,75,1,1,ENE,05,,69,51,97,55,0,0,N
FCST,316602,221030,13,2,65,78,1,1,ENE,05,,66,53,100,71,0,0,N
FCST,316102,221024,13,1,69,43,1,1,NW,03,,69,40,92,29,0,0,N
FCST,316102,221025,13,1,65,59,1,1,S,05,,70,44,94,42,0,0,N
FCST,316102,221026,13,1,66,67,1,1,SW,04,,66,50,100,57,0,0,N
FCST,316102,221027,13,1,64,58,1,1,E,03,,66,44,100,58,0,0,N
FCST,316102,221028,13,1,62,67,1,1,E,04,,65,46,96,56,0,0,N
FCST,316102,221029,13,2,58,79,1,1,E,04,,62,46,100,64,0,0,N
FCST,316102,221030,13,2,57,89,1,1,E,05,,59,47,100,77,0,0,N
FCST,316302,221024,13,1,73,35,1,1,S,03,,74,41,100,29,0,0,N
FCST,316302,221025,13,1,70,49,1,1,S,03,,75,45,100,33,0,0,N
FCST,316302,221026,13,1,70,57,1,1,SW,03,,72,52,100,46,0,0,N
FCST,316302,221027,13,1,69,46,1,1,ENE,03,,71,46,100,46,0,0,N
FCST,316302,221028,13,1,66,52,1,1,ENE,04,,70,47,100,45,0,0,N
FCST,316302,221029,13,2,63,61,1,1,ENE,04,,67,48,99,51,0,0,N
FCST,316302,221030,13,2,62,70,1,1,NE,04,,63,49,100,61,0,0,N
FCST,380102,221024,13,1,70,41,1,1,S,03,,70,44,86,32,0,0,N
FCST,380102,221025,13,1,67,56,1,1,S,03,,72,47,94,39,0,0,N
FCST,380102,221026,13,1,67,60,1,1,WSW,03,,70,52,100,53,0,0,N
FCST,380102,221027,13,0,68,52,1,1,ESE,03,,69,46,95,52,0,0,N
FCST,380102,221028,13,1,66,61,1,1,E,04,,69,50,90,51,0,0,N
FCST,380102,221029,13,2,62,71,1,1,E,04,,66,51,90,59,0,0,N
FCST,380102,221030,13,2,61,81,1,1,E,04,,63,51,99,69,0,0,N
FCST,380601,221024,13,0,73,40,1,1,SW,02,,73,42,100,32,0,0,N
FCST,380601,221025,13,1,72,51,1,1,S,03,,75,46,100,37,0,0,N
FCST,380601,221026,13,1,72,59,1,1,SW,04,,74,55,98,46,0,0,N
FCST,380601,221027,13,0,70,51,1,1,NE,05,,74,50,90,51,0,0,N
FCST,380601,221028,13,1,68,55,1,1,ENE,05,,72,51,88,48,0,0,N
FCST,380601,221029,13,2,65,68,1,1,ENE,05,,69,51,94,52,0,0,N
FCST,380601,221030,13,2,65,75,1,1,ENE,05,,67,52,100,65,0,0,N
FCST,380902,221024,13,1,73,36,1,1,SW,02,,74,41,100,33,0,0,N
FCST,380902,221025,13,1,73,46,1,1,S,03,,75,45,100,33,0,0,N
FCST,380902,221026,13,1,73,52,1,1,SW,05,,75,55,100,42,0,0,N
FCST,380902,221027,13,1,71,46,1,1,NE,05,,75,51,90,46,0,0,N
FCST,380902,221028,13,1,69,50,1,1,ENE,05,,73,52,91,44,0,0,N
FCST,380902,221029,13,2,68,59,1,1,ENE,05,,72,52,93,47,0,0,N
FCST,380902,221030,13,2,65,69,1,1,ENE,05,,69,53,100,58,0,0,N
FCST,313903,221024,13,1,77,28,1,1,NNE,02,,77,41,91,23,0,0,N
FCST,313903,221025,13,1,72,44,1,1,S,04,,79,44,93,27,0,0,N
FCST,313903,221026,13,1,67,59,1,1,W,03,,75,50,100,41,0,0,N
FCST,313903,221027,13,0,72,44,1,1,SSE,02,,72,43,100,44,0,0,N
FCST,313903,221028,13,1,71,49,1,1,SSE,03,,74,44,100,41,0,0,N
FCST,313903,221029,13,2,67,60,1,1,SE,04,,73,46,100,46,0,0,N
FCST,313903,221030,13,2,66,67,1,1,SSE,04,,68,48,100,57,0,0,N
FCST,313904,221024,13,1,73,29,1,1,N,02,,73,44,76,28,0,0,N
FCST,313904,221025,13,1,69,42,1,1,S,04,,74,45,81,27,0,0,N
FCST,313904,221026,13,1,63,59,1,1,W,04,,71,50,99,41,0,0,N
FCST,313904,221027,13,0,68,44,1,1,SE,03,,68,44,97,44,0,0,N
FCST,313904,221028,13,1,67,49,1,1,S,04,,69,44,97,42,0,0,N
FCST,313904,221029,13,2,63,60,1,1,SE,04,,68,46,94,48,0,0,N
FCST,313904,221030,13,2,61,66,1,1,S,05,,64,48,98,58,0,0,N
FCST,313902,221024,13,1,74,28,1,1,N,03,,74,40,82,21,0,0,N
FCST,313902,221025,13,1,69,40,1,1,S,05,,75,43,83,28,0,0,N
FCST,313902,221026,13,1,64,61,1,1,W,06,,71,48,100,39,0,0,N
FCST,313902,221027,13,0,67,47,1,1,E,04,,67,41,100,47,0,0,N
FCST,313902,221028,13,1,67,51,1,1,SSE,05,,69,42,100,44,0,0,N
FCST,313902,221029,13,2,62,64,1,1,SE,05,,69,43,100,48,0,0,N
FCST,313902,221030,13,2,60,72,1,1,S,06,,64,45,100,60,0,0,N
FCST,313404,221024,13,1,68,35,1,1,NNW,03,,68,42,82,35,0,0,N
FCST,313404,221025,13,1,66,47,1,1,SSE,04,,69,45,84,35,0,0,N
FCST,313404,221026,13,2,57,75,1,1,W,05,,67,50,97,45,0,0,N
FCST,313404,221027,13,1,59,60,1,1,NE,03,,59,44,100,60,0,0,N
FCST,313404,221028,13,1,61,59,1,1,SE,04,,61,44,95,56,0,0,N
FCST,313404,221029,13,2,57,72,1,1,SE,05,,61,46,97,56,0,0,N
FCST,313404,221030,13,2,55,84,1,1,SSE,08,,58,47,100,71,0,0,N
FCST,313440,221024,13,1,72,33,1,1,NNW,01,,72,40,88,33,0,0,N
FCST,313440,221025,13,1,68,48,1,1,SSE,04,,73,43,90,32,0,0,N
FCST,313440,221026,13,1,63,67,1,1,W,04,,69,49,98,47,0,0,N
FCST,313440,221027,13,1,64,55,1,1,ESE,02,,64,43,100,55,0,0,N
FCST,313440,221028,13,1,63,59,1,1,SE,03,,65,44,95,51,0,0,N
FCST,313440,221029,13,2,60,71,1,1,ESE,04,,64,44,100,56,0,0,N
FCST,313440,221030,13,2,57,80,1,1,SSE,04,,60,46,100,69,0,0,N
FCST,313441,221024,13,1,58,41,1,1,NW,02,,58,35,85,38,0,0,N
FCST,313441,221025,13,1,53,56,1,1,S,08,,58,39,70,41,0,0,N
FCST,313441,221026,13,1,49,84,1,1,SW,09,,54,43,100,55,0,0,N
FCST,313441,221027,13,1,50,68,1,1,SE,06,,50,36,100,68,0,0,N
FCST,313441,221028,13,1,47,78,1,1,SE,08,,51,37,100,65,0,0,N
FCST,313441,221029,13,2,44,94,1,1,ESE,09,,48,38,100,74,0,0,N
FCST,313441,221030,13,2,43,99,1,1,SE,10,,45,39,100,89,0,0,N
FCST,313640,221024,13,0,73,43,1,1,SW,02,,73,41,100,34,0,0,N
FCST,313640,221025,13,1,69,57,1,1,S,03,,74,45,100,41,0,0,N
FCST,313640,221026,13,1,71,64,1,1,SW,04,,71,52,100,54,0,0,N
FCST,313640,221027,13,1,69,53,1,1,ENE,04,,71,49,95,53,0,0,N
FCST,313640,221028,13,1,65,61,1,1,ENE,04,,70,48,94,51,0,0,N
FCST,313640,221029,13,2,63,76,1,1,ENE,04,,66,48,100,59,0,0,N
FCST,313640,221030,13,2,62,79,1,1,ENE,04,,63,50,100,74,0,0,N
FCST,314040,221024,13,1,60,39,1,1,N,02,,62,40,80,33,0,0,N
FCST,314040,221025,13,1,56,58,1,1,S,08,,60,43,73,39,0,0,N
FCST,314040,221026,13,1,54,71,1,1,WSW,08,,56,47,92,58,0,0,N
FCST,314040,221027,13,1,54,60,1,1,E,06,,54,41,98,60,0,0,N
FCST,314040,221028,13,1,52,70,1,1,SE,08,,55,43,93,59,0,0,N
FCST,314040,221029,13,2,47,91,1,1,ESE,08,,52,43,93,69,0,0,N
FCST,314040,221030,13,2,46,99,1,1,SE,09,,47,44,99,90,0,0,N
FCST,314041,221024,13,1,72,30,1,1,N,03,,72,40,87,30,0,0,N
FCST,314041,221025,13,1,68,45,1,1,S,05,,73,43,84,30,0,0,N
FCST,314041,221026,13,1,64,61,1,1,W,05,,70,49,100,43,0,0,N
FCST,314041,221027,13,0,64,52,1,1,E,04,,65,41,100,52,0,0,N
FCST,314041,221028,13,1,64,57,1,1,SE,05,,67,43,100,48,0,0,N
FCST,314041,221029,13,2,60,69,1,1,ESE,05,,65,44,100,53,0,0,N
FCST,314041,221030,13,2,58,78,1,1,SE,05,,61,46,100,66,0,0,N
FCST,314541,221024,13,0,72,47,1,1,WSW,02,,73,41,100,32,0,0,N
FCST,314541,221025,13,1,71,55,1,1,S,02,,74,45,100,42,0,0,N
FCST,314541,221026,13,1,72,65,1,1,SW,05,,74,53,100,50,0,0,N
FCST,314541,221027,13,1,69,55,1,1,NE,04,,74,49,95,55,0,0,N
FCST,314541,221028,13,1,67,58,1,1,ENE,04,,71,48,97,52,0,0,N
FCST,314541,221029,13,2,65,73,1,1,ENE,04,,69,50,100,55,0,0,N
FCST,314541,221030,13,2,65,74,1,1,NE,04,,66,51,100,69,0,0,N
FCST,314141,221024,13,1,75,32,1,1,NNW,03,,75,41,94,31,0,0,N
FCST,314141,221025,13,1,70,48,1,1,SSE,06,,75,44,96,32,0,0,N
FCST,314141,221026,13,1,67,61,1,1,WNW,05,,72,51,100,45,0,0,N
FCST,314141,221027,13,1,68,50,1,1,ESE,04,,68,45,100,50,0,0,N
FCST,314141,221028,13,1,66,57,1,1,SE,05,,70,46,98,47,0,0,N
FCST,314141,221029,13,2,63,68,1,1,ESE,05,,67,47,100,54,0,0,N
FCST,314141,221030,13,2,61,75,1,1,SE,06,,63,49,99,66,0,0,N
FCST,315840,221024,13,1,62,37,1,1,NW,02,,62,38,78,32,0,0,N
FCST,315840,221025,13,1,58,58,1,1,S,06,,63,42,77,37,0,0,N
FCST,315840,221026,13,1,53,73,1,1,W,06,,58,45,99,58,0,0,N
FCST,315840,221027,13,0,58,54,1,1,SE,04,,58,38,100,54,0,0,N
FCST,315840,221028,13,1,56,63,1,1,SE,06,,58,41,97,54,0,0,N
FCST,315840,221029,13,2,52,80,1,1,SE,06,,56,43,99,63,0,0,N
FCST,315840,221030,13,2,49,92,1,1,SSE,09,,52,43,100,80,0,0,N
FCST,316140,221024,13,1,62,43,1,1,NW,03,,62,41,83,37,0,0,N
FCST,316140,221025,13,1,58,62,1,1,SSE,06,,62,45,82,43,0,0,N
FCST,316140,221026,13,1,57,72,1,1,W,08,,59,49,96,59,0,0,N
FCST,316140,221027,13,1,56,63,1,1,E,05,,58,44,92,63,0,0,N
FCST,316140,221028,13,1,53,76,1,1,E,06,,57,46,87,60,0,0,N
FCST,316140,221029,13,2,50,86,1,1,E,08,,54,46,93,71,0,0,N
FCST,316140,221030,13,2,48,99,1,1,E,09,,50,46,99,86,0,0,N
FCST,316141,221024,13,1,73,29,1,1,NNW,03,,73,40,94,28,0,0,N
FCST,316141,221025,13,1,68,46,1,1,SSE,06,,74,44,95,29,0,0,N
FCST,316141,221026,13,1,66,55,1,1,WNW,06,,70,50,99,43,0,0,N
FCST,316141,221027,13,1,66,45,1,1,E,05,,66,44,98,45,0,0,N
FCST,316141,221028,13,1,64,50,1,1,ESE,06,,68,45,93,43,0,0,N
FCST,316141,221029,13,2,61,59,1,1,E,06,,65,46,95,48,0,0,N
FCST,316141,221030,13,2,60,65,1,1,ESE,06,,62,48,99,58,0,0,N
FCST,380201,221024,13,1,75,40,1,1,S,02,,75,46,81,32,0,0,N
FCST,380201,221025,13,1,70,56,1,1,S,03,,76,48,91,39,0,0,N
FCST,380201,221026,13,1,73,60,1,1,SW,03,,73,53,99,52,0,0,N
FCST,380201,221027,13,0,71,52,1,1,E,03,,74,48,90,52,0,0,N
FCST,380201,221028,13,1,68,63,1,1,E,04,,72,51,88,48,0,0,N
FCST,380201,221029,13,2,66,70,1,1,E,04,,69,51,90,57,0,0,N
FCST,380201,221030,13,2,64,79,1,1,E,04,,67,51,99,66,0,0,N
