SMNC01 NWBB 231800
AAXX 23184
91579 04467 80812 10242 20211 30111 40121 53002 69902 700//
  333 10252 20225 4//// 60007 90710 91124
  555 60005=
91587 04463 80714 10225 20199 30081 40137 53005 69922 761//
  333 10235 20221 4//// 69927 90710 91127
  555 69905=
91590 04686 60709 10249 20174 30104 40117 53004 69902 700//
  333 10253 20235 4//// 60007 90710 91124
  555 60005=
91596 04565 80817 10222 20184 30026 40146 53005 69902 700//
  333 10228 20217 4//// 60007 91028 90710 91130
  555 60005=