SMPF01 NTAA 231800
AAXX 23184
91925 02570 20911 10297 20203 30071 40131 51016 60001 82200
  333 56200 60007 82823 90710 91123
  555 60005 10923 59015=
91929 04981 61109 10263 20230 30136 40139 53015 69942 700//
  333 10264 20242 4//// 60007 90710 91114
  555 60005=
91931 06/// /0810 10271 20227 30132 40142 53015 60182
  333 10273 20225 4//// 69927 90710 91113
  555 60005=
91938 02575 52703 10267 20215 30140 40142 51015 60001 81832
  333 56999 60007 81823 85076 90710 91105
  555 60005 12305 59015=
91944 04567 /0812 10262 20218 30154 40167 52018 60002 700//
  333 10264 20236 4//// 60007 90710 91117
  555 60005=
91948 02480 40303 10248 20207 30092 40194 51012 60001 84800
  333 56800 60007 83816 90710 91110
  555 60005 10610 59018=
91954 04469 80413 10245 20206 30164 40171 53020 60002 700//
  333 10256 20227 4//// 60007 90710 91119
  555 60005=
91958 02580 70605 10219 20187 30187 40189 52008 60001 878//
  333 56199 60007 86820 84646 90710 91108
  555 60005 10408 59041=