UKCA02 KWBC 220000 RRC
TTBB 72008 78397 00012 29047 11005 27656 22944 23428 33561 01360
44551 02158 55536 02964 66518 03958 77504 05161 88495 06356 99432
12371 11421 13563 22413 14367 33394 16956 44374 20165 55366 20957
66359 21762 77308 29535 88162 63744 21212 00012 12010 11999 35010
22979 36004 33966 03503 44946 05504 55914 08505 66882 10505 77795
07005 88751 10007 99730 07005 11709 11005 22690 07008 33673 11002
44664 05506 55617 12505 66585 16004 77577 13005 88569 15505 99530
10505 11511 19503 22490 18506 33309 26028 44206 26515 55162 29543
66147 26032 31313 41708 80007 41414 39563 51515 10164 00001 10194
///// 08005=
