UKCA01 KWBC 220000 CCA
TTBB 72008 78526 00012 27450 11996 26856 22925 20608 33923 20612
44916 21658 55910 21257 66905 21461 77900 21262 88896 20860 99890
21064 11886 20660 22879 20665 33875 20260 44869 20670 55862 19461
66861 19462 77857 19059 88853 19265 99852 19267 11843 18666 22838
18063 33835 17658 44831 17057 55816 16462 66809 15859 77797 15263
88790 15067 99789 15066 11787 14658 22782 14663 33781 14462 44764
13462 55753 13268 66752 13266 77747 12663 88736 12066 99732 11661
11728 11262 22724 11268 33716 10262 44713 10265 55699 09261 66696
08861 77693 08660 88689 08664 99682 08060 11681 08063 22679 08061
33675 08063 44674 08068 55667 07665 66664 07468 77661 07063 88658
07069 99655 06663 11650 05861 22643 05462 33640 05467 44633 05270
55632 05065 66628 04869 77612 03466 88610 03270 99604 02664 11569
01364 22551 02966 33542 03762 44535 04365 55532 04762 66530 04566
77529 04763 88527 04766 99526 04764 11524 04967 22515 05964 33509
06568 44503 06373 55501 06569 66499 06575 77489 07973 88486 08367
99477 09171 11463 10967 22460 11167 33454 11569 44450 11578 55431
13773 66419 14578 77416 14569 88401 16963 99392 18365 11385 19562
22374 20359 33370 20562 44363 21758 55353 23161 66325 29149 77324
29157 88321 28765 99302 32360 11299 32364 22297 32369 33295 32963
44288 33971 55275 36767 66271 37771 77269 38166 88241 44962 99240
45162 11236 45963 22226 48559 33223 49157 44220 49959 55217 50557
66214 51162 77212 51364 88191 57361 99181 59762 11174 61357 22172
61557 33167 61963 44164 62361 55161 62964 66156 63961 77144 67962
88125 74159 99123 74159 11117 75360 22113 74961 33110 72363 44100
75560 21212 00012 08009 11942 09016 22881 06018 33776 06011 44763
08510 55751 06512 66700 07515 77606 06010 88566 09005 99543 08010
11502 03016 22467 01020 33434 01522 44409 35026 55344 33534 66300
35536 77272 33535 88258 34537 99220 32535 11191 33536 22172 31538
33161 32044 44141 33019 55127 29023 66123 29028 77119 29527 88105
02012 99103 02010 11101 35007 22100 33008 31313 44108 82303 41414
31511 51515 10164 00091 10181 10194 07515 06514=
