USCA02 KWBC 220000 RRB
TTAA 72001 78954 51515 10142=
TTAA 72001 78988 99002 28242 08012 00074 27842 06017 92762 22646
07019 85496 19456 07015 70141 10461 07507 50587 04374 35514 40759
15368 04510 30970 31368 02510 25096 41566 32506 20244 53365 31025
15423 67762 31024 10658 79160 32511 88108 79960 29023 77999 31313
41708 82322=
TTAA 72001 80001 99010 28642 06006 00097 28246 06011 92784 22837
05012 85517 18230 05514 70160 10457 07009 50588 04972 04504 40760
14174 16501 30972 29573 20001 25099 39967 21503 20247 52761 35016
15426 68559 31513 10659 77759 19005 88109 80958 23022 77999 31313
41708 82321=
