FNUS81 KCTP 231855
FWMCTP

FCST,360131,221024,13,1,70,55,1,1,NE,01,,70,42,100,40,0,0,N
FCST,360131,221025,13,2,68,65,1,1,SSE,04,,72,45,100,53,0,0,N
FCST,360131,221026,13,2,68,68,1,1,S,05,,70,54,100,61,0,0,N
FCST,360131,221027,13,1,59,57,1,1,NNW,06,,68,47,96,57,0,0,N
FCST,360131,221028,13,2,58,59,1,1,ESE,04,,59,40,96,57,0,0,N
FCST,360131,221029,13,2,58,69,1,1,SE,05,,58,44,96,59,0,0,N
FCST,360131,221030,13,2,57,72,1,1,SE,06,,58,45,100,64,0,0,N

FCST,360231,221024,13,0,68,54,1,1,E,01,,68,41,100,38,0,0,N
FCST,360231,221025,13,2,65,68,1,1,SSE,04,,69,45,100,53,0,0,N
FCST,360231,221026,13,2,63,75,1,1,S,05,,67,53,100,65,0,0,N
FCST,360231,221027,13,1,55,57,1,1,N,05,,63,45,93,57,0,0,N
FCST,360231,221028,13,2,55,57,1,1,ESE,04,,55,37,96,57,0,0,N
FCST,360231,221029,13,2,56,62,1,1,SSE,03,,56,42,96,57,0,0,N
FCST,360231,221030,13,2,55,64,1,1,SSE,05,,56,42,100,62,0,0,N

FCST,360271,221024,13,1,63,67,1,1,NNE,01,,63,43,100,44,0,0,N
FCST,360271,221025,13,2,62,84,1,1,SSE,04,,65,48,100,65,0,0,N
FCST,360271,221026,13,2,65,70,1,1,S,07,,65,54,100,70,0,0,N
FCST,360271,221027,13,1,55,59,1,1,N,07,,65,47,96,59,0,0,N
FCST,360271,221028,13,2,53,59,1,1,E,04,,55,39,96,59,0,0,N
FCST,360271,221029,13,2,54,64,1,1,SE,04,,54,42,93,59,0,0,N
FCST,360271,221030,13,2,54,66,1,1,SE,04,,54,43,96,64,0,0,N

FCST,360272,221024,13,1,63,62,1,1,NE,02,,63,44,100,44,0,0,N
FCST,360272,221025,13,2,60,81,1,1,SSE,04,,65,47,100,60,0,0,N
FCST,360272,221026,13,2,58,83,1,1,S,07,,62,54,100,72,0,0,N
FCST,360272,221027,13,1,52,63,1,1,N,07,,60,47,86,63,0,0,N
FCST,360272,221028,13,2,52,61,1,1,E,05,,52,39,89,61,0,0,N
FCST,360272,221029,13,2,51,74,1,1,SE,05,,52,43,89,61,0,0,N
FCST,360272,221030,13,2,51,74,1,1,SE,06,,51,44,89,74,0,0,N

FCST,360331,221024,13,0,66,56,1,1,E,01,,66,40,100,38,0,0,N
FCST,360331,221025,13,2,66,65,1,1,SSE,05,,68,44,100,52,0,0,N
FCST,360331,221026,13,2,62,75,1,1,S,06,,66,54,100,65,0,0,N
FCST,360331,221027,13,1,54,59,1,1,N,06,,62,45,89,59,0,0,N
FCST,360331,221028,13,2,55,57,1,1,ESE,05,,55,38,92,57,0,0,N
FCST,360331,221029,13,2,54,69,1,1,SE,05,,55,43,93,57,0,0,N
FCST,360331,221030,13,2,54,66,1,1,SE,06,,54,44,93,66,0,0,N

FCST,360351,221024,13,1,66,61,1,1,NE,01,,66,44,100,42,0,0,N
FCST,360351,221025,13,2,63,78,1,1,SSE,04,,67,48,100,59,0,0,N
FCST,360351,221026,13,2,63,75,1,1,S,06,,65,55,100,73,0,0,N
FCST,360351,221027,13,1,55,59,1,1,N,06,,63,47,93,59,0,0,N
FCST,360351,221028,13,2,54,59,1,1,E,04,,55,39,92,59,0,0,N
FCST,360351,221029,13,2,54,66,1,1,SSE,03,,54,43,93,59,0,0,N
FCST,360351,221030,13,2,54,69,1,1,SE,04,,54,43,96,66,0,0,N

FCST,360411,221024,13,1,65,73,1,1,N,03,,65,47,100,62,0,0,N
FCST,360411,221025,13,2,65,87,1,1,SE,02,,67,49,100,70,0,0,N
FCST,360411,221026,13,2,65,81,1,1,S,05,,67,54,100,81,0,0,N
FCST,360411,221027,13,1,60,64,1,1,N,06,,68,50,93,64,0,0,N
FCST,360411,221028,13,2,57,67,1,1,ENE,04,,60,43,93,62,0,0,N
FCST,360411,221029,13,2,57,72,1,1,E,04,,57,45,93,67,0,0,N
FCST,360411,221030,13,2,57,77,1,1,ESE,04,,57,46,96,72,0,0,N

FCST,360431,221024,13,2,64,78,1,1,N,01,,64,48,100,56,0,0,N
FCST,360431,221025,13,2,66,87,1,1,SSE,01,,66,51,100,73,0,0,N
FCST,360431,221026,13,2,66,81,1,1,S,05,,68,56,100,78,0,0,N
FCST,360431,221027,13,1,60,60,1,1,N,06,,68,50,93,60,0,0,N
FCST,360431,221028,13,2,58,62,1,1,ENE,02,,60,42,93,59,0,0,N
FCST,360431,221029,13,2,57,67,1,1,ESE,02,,58,44,89,62,0,0,N
FCST,360431,221030,13,2,58,69,1,1,ESE,02,,58,45,96,64,0,0,N

FCST,360432,221024,13,2,65,75,1,1,N,02,,65,50,100,60,0,0,N
FCST,360432,221025,13,2,67,87,1,1,SE,02,,67,53,100,73,0,0,N
FCST,360432,221026,13,2,70,71,1,1,S,05,,70,57,100,71,0,0,N
FCST,360432,221027,13,1,61,60,1,1,N,06,,70,52,86,60,0,0,N
FCST,360432,221028,13,2,58,64,1,1,ENE,04,,61,45,86,58,0,0,N
FCST,360432,221029,13,2,58,64,1,1,E,03,,58,46,86,64,0,0,N
FCST,360432,221030,13,2,59,67,1,1,ESE,04,,59,47,89,64,0,0,N

FCST,360571,221024,13,1,68,63,1,1,NNE,02,,68,44,100,46,0,0,N
FCST,360571,221025,13,2,66,75,1,1,SSE,02,,70,48,100,59,0,0,N
FCST,360571,221026,13,2,64,81,1,1,S,05,,68,53,100,73,0,0,N
FCST,360571,221027,13,1,60,60,1,1,N,05,,67,49,90,60,0,0,N
FCST,360571,221028,13,2,58,62,1,1,E,03,,60,42,93,58,0,0,N
FCST,360571,221029,13,2,56,74,1,1,SE,03,,58,45,93,62,0,0,N
FCST,360571,221030,13,2,57,72,1,1,SE,03,,58,46,96,69,0,0,N

FCST,360751,221024,13,2,65,75,1,1,N,01,,65,49,100,58,0,0,N
FCST,360751,221025,13,2,66,87,1,1,SE,02,,67,52,100,73,0,0,N
FCST,360751,221026,13,2,67,78,1,1,S,05,,69,56,100,78,0,0,N
FCST,360751,221027,13,1,61,60,1,1,N,06,,69,52,87,60,0,0,N
FCST,360751,221028,13,2,58,62,1,1,ENE,04,,61,45,82,56,0,0,N
FCST,360751,221029,13,2,58,64,1,1,E,03,,58,46,83,62,0,0,N
FCST,360751,221030,13,2,59,67,1,1,ESE,03,,59,47,89,64,0,0,N

FCST,360871,221024,13,1,65,63,1,1,NE,01,,65,44,100,44,0,0,N
FCST,360871,221025,13,2,62,81,1,1,SSE,03,,67,47,100,61,0,0,N
FCST,360871,221026,13,2,65,73,1,1,S,05,,65,55,100,73,0,0,N
FCST,360871,221027,13,1,56,62,1,1,N,06,,65,48,93,62,0,0,N
FCST,360871,221028,13,2,55,59,1,1,E,04,,56,40,92,57,0,0,N
FCST,360871,221029,13,2,54,71,1,1,SE,03,,55,43,93,59,0,0,N
FCST,360871,221030,13,2,54,71,1,1,SE,04,,55,44,96,66,0,0,N

FCST,360991,221024,13,1,68,61,1,1,NNE,02,,68,44,100,48,0,0,N
FCST,360991,221025,13,2,67,75,1,1,SE,02,,71,48,100,55,0,0,N
FCST,360991,221026,13,2,70,63,1,1,S,05,,70,55,100,63,0,0,N
FCST,360991,221027,13,1,62,54,1,1,N,06,,70,50,93,54,0,0,N
FCST,360991,221028,13,2,60,53,1,1,E,03,,62,42,93,53,0,0,N
FCST,360991,221029,13,2,59,62,1,1,ESE,04,,60,45,93,53,0,0,N
FCST,360991,221030,13,2,59,64,1,1,ESE,04,,59,46,100,62,0,0,N

FCST,361071,221024,13,2,63,81,1,1,NNE,01,,63,47,100,56,0,0,N
FCST,361071,221025,13,2,65,90,1,1,SE,01,,65,51,100,78,0,0,N
FCST,361071,221026,13,2,66,78,1,1,S,03,,66,55,100,78,0,0,N
FCST,361071,221027,13,1,58,64,1,1,N,06,,67,50,96,64,0,0,N
FCST,361071,221028,13,2,57,59,1,1,ENE,02,,58,41,93,59,0,0,N
FCST,361071,221029,13,2,56,62,1,1,E,02,,57,42,89,59,0,0,N
FCST,361071,221030,13,2,57,67,1,1,ESE,02,,57,43,96,62,0,0,N

FCST,361171,221024,13,1,66,61,1,1,NE,02,,66,43,100,46,0,0,N
FCST,361171,221025,13,2,63,78,1,1,SSE,04,,68,48,100,59,0,0,N
FCST,361171,221026,13,2,63,75,1,1,S,07,,65,53,100,73,0,0,N
FCST,361171,221027,13,1,54,61,1,1,N,06,,63,45,93,61,0,0,N
FCST,361171,221028,13,2,53,61,1,1,E,04,,54,37,96,59,0,0,N
FCST,361171,221029,13,2,54,66,1,1,SSE,04,,54,41,96,61,0,0,N
FCST,361171,221030,13,2,54,69,1,1,SSE,05,,54,43,93,64,0,0,N

FCST,361231,221024,13,0,69,51,1,1,SE,02,,69,42,100,36,0,0,N
FCST,361231,221025,13,2,71,51,1,1,S,06,,71,49,100,47,0,0,N
FCST,361231,221026,13,2,65,68,1,1,SSW,06,,71,54,96,51,0,0,N
FCST,361231,221027,13,1,53,59,1,1,N,06,,65,44,96,59,0,0,N
FCST,361231,221028,13,2,58,51,1,1,ESE,05,,58,38,92,51,0,0,N
FCST,361231,221029,13,2,58,59,1,1,S,04,,58,43,93,51,0,0,N
FCST,361231,221030,13,2,57,62,1,1,SSE,06,,58,43,96,59,0,0,N

&&

...STATION LOCATIONS...
360131 - Blair Helibase in Blair County
360231 - Doll Hill in Cameron County
360271 - Garden Hollow in Centre County
360272 - Bear Knob in Centre County
360331 - Kennedy Preserve in Clearfield County
360351 - Coffin Rock in Clinton County
360411 - Tumbling Run in Cumberland County
360431 - Bear Gap in Northumberland County
360432 - Manada Gap in Dauphin County
360571 - Forney Trail in Fulton County
360751 - Indiantown Run in Lebanon County
360871 - Chestnut Springs in Mifflin County
360991 - Big Knob in Perry County
361071 - Bears Head in Schuylkill County
361171 - Old Mountain in Tioga County
361231 - Kinzua in Warren County

