FNUS81 KPHI 232006
FWMPHI

FCST,360112,221024,13,2,63,87,1,1,NNE,04,,63,52,100,70,12,0,N
FCST,360112,221025,13,2,66,90,1,1,ESE,03,,66,56,100,84,0,0,N
FCST,360112,221026,13,2,68,81,1,1,S,05,,68,60,100,81,0,0,N
FCST,360112,221027,13,1,63,62,1,1,N,06,,68,54,96,62,0,0,N
FCST,360112,221028,13,2,60,62,1,1,ENE,04,,63,47,83,60,0,0,N
FCST,360112,221029,13,2,59,62,1,1,ENE,04,,60,46,86,62,0,0,N
FCST,360112,221030,13,2,60,69,1,1,E,04,,60,47,96,62,0,0,N
FCST,070031,221024,13,2,65,81,1,1,N,05,,65,55,100,81,10,0,N
FCST,070031,221025,13,2,69,78,1,1,ESE,03,,69,57,100,78,0,0,N
FCST,070031,221026,13,2,70,71,1,1,S,05,,70,59,100,71,0,0,N
FCST,070031,221027,13,1,67,56,1,1,N,06,,70,55,93,56,0,0,N
FCST,070031,221028,13,2,61,65,1,1,NE,06,,67,50,86,56,0,0,N
FCST,070031,221029,13,2,62,60,1,1,NE,05,,62,50,86,60,0,0,N
FCST,070031,221030,13,2,62,67,1,1,ENE,05,,62,49,96,60,0,0,N
FCST,070052,221024,13,2,65,87,1,1,N,05,,65,55,100,84,11,0,N
FCST,070052,221025,13,2,69,78,1,1,ESE,04,,69,57,100,78,0,0,N
FCST,070052,221026,13,2,72,68,1,1,SSW,05,,72,59,100,68,0,0,N
FCST,070052,221027,13,1,68,57,1,1,N,07,,72,56,93,57,0,0,N
FCST,070052,221028,13,2,63,70,1,1,NE,09,,68,53,90,57,0,0,N
FCST,070052,221029,13,2,63,65,1,1,NE,08,,63,52,93,65,0,0,N
FCST,070052,221030,13,2,64,67,1,1,NE,07,,64,52,96,65,0,0,N
FCST,182101,221024,13,2,65,87,1,1,N,05,,65,53,100,87,10,0,N
FCST,182101,221025,13,2,67,90,1,1,ESE,02,,67,55,100,84,0,0,N
FCST,182101,221026,13,2,69,81,1,1,SSW,05,,69,59,100,81,0,0,N
FCST,182101,221027,13,1,65,68,1,1,NNW,06,,69,55,100,68,0,0,N
FCST,182101,221028,13,2,61,75,1,1,NE,06,,65,50,90,65,0,0,N
FCST,182101,221029,13,2,62,70,1,1,NE,05,,62,50,96,70,0,0,N
FCST,182101,221030,13,2,62,75,1,1,ENE,05,,62,49,100,70,0,0,N
FCST,280051,221024,13,3,65,87,1,1,N,05,,65,55,100,87,14,3,N
FCST,280051,221025,13,2,69,81,1,1,ESE,04,,69,57,100,81,0,0,N
FCST,280051,221026,13,2,69,78,1,1,S,03,,69,59,100,78,0,0,N
FCST,280051,221027,13,1,68,54,1,1,N,06,,69,55,100,54,0,0,N
FCST,280051,221028,13,2,60,64,1,1,NE,08,,68,51,89,54,0,0,N
FCST,280051,221029,13,2,60,64,1,1,NE,06,,60,48,93,64,0,0,N
FCST,280051,221030,13,2,62,65,1,1,ENE,05,,62,48,100,64,0,0,N
FCST,280071,221024,13,2,64,90,1,1,N,05,,64,54,100,90,13,0,N
FCST,280071,221025,13,2,69,84,1,1,ESE,04,,69,57,100,84,0,0,N
FCST,280071,221026,13,2,69,81,1,1,S,03,,69,59,100,81,0,0,N
FCST,280071,221027,13,1,67,59,1,1,NNW,06,,69,55,100,59,0,0,N
FCST,280071,221028,13,2,60,69,1,1,NE,06,,67,49,89,59,0,0,N
FCST,280071,221029,13,2,61,65,1,1,NE,05,,61,47,96,65,0,0,N
FCST,280071,221030,13,2,62,70,1,1,ENE,04,,62,47,100,65,0,0,N
FCST,280091,221024,13,2,66,87,1,1,N,05,,66,55,100,87,12,0,N
FCST,280091,221025,13,2,68,84,1,1,ESE,05,,68,57,100,84,0,0,N
FCST,280091,221026,13,2,68,81,1,1,S,04,,68,58,100,81,0,0,N
FCST,280091,221027,13,1,68,61,1,1,N,06,,68,55,100,61,0,0,N
FCST,280091,221028,13,2,63,70,1,1,NE,10,,68,50,93,61,0,0,N
FCST,280091,221029,13,2,62,67,1,1,NE,08,,63,50,96,67,0,0,N
FCST,280091,221030,13,2,63,70,1,1,ENE,07,,63,49,100,67,0,0,N
FCST,280101,221024,13,3,60,87,1,1,NE,03,,60,50,100,64,12,0,N
FCST,280101,221025,13,2,63,93,1,1,ESE,03,,63,55,100,84,0,0,N
FCST,280101,221026,13,2,64,90,1,1,S,03,,64,58,100,87,0,0,N
FCST,280101,221027,13,1,60,62,1,1,NNW,06,,64,52,100,62,0,0,N
FCST,280101,221028,13,2,56,59,1,1,NE,03,,60,45,83,59,0,0,N
FCST,280101,221029,13,2,55,64,1,1,ENE,02,,56,41,89,59,0,0,N
FCST,280101,221030,13,2,57,64,1,1,E,02,,57,43,96,64,0,0,N
FCST,280191,221024,13,3,61,93,1,1,NNE,04,,61,52,100,72,13,0,N
FCST,280191,221025,13,2,64,97,1,1,ESE,03,,64,56,100,90,0,0,N
FCST,280191,221026,13,2,66,87,1,1,S,03,,66,58,100,87,0,0,N
FCST,280191,221027,13,1,61,67,1,1,NNW,06,,66,52,100,67,0,0,N
FCST,280191,221028,13,2,57,64,1,1,NE,04,,61,46,86,62,0,0,N
FCST,280191,221029,13,2,56,66,1,1,ENE,02,,57,43,89,64,0,0,N
FCST,280191,221030,13,2,58,69,1,1,E,02,,58,44,96,66,0,0,N
FCST,280231,221024,13,3,63,90,1,1,NNE,04,,63,53,100,78,14,3,N
FCST,280231,221025,13,2,69,84,1,1,ESE,04,,69,57,100,84,0,0,N
FCST,280231,221026,13,2,69,84,1,1,S,03,,69,59,100,84,0,0,N
FCST,280231,221027,13,1,67,59,1,1,NNW,06,,69,55,100,59,0,0,N
FCST,280231,221028,13,2,60,62,1,1,NE,06,,67,49,83,56,0,0,N
FCST,280231,221029,13,2,59,64,1,1,NE,05,,60,46,89,60,0,0,N
FCST,280231,221030,13,2,62,67,1,1,ENE,04,,62,47,96,62,0,0,N
FCST,280291,221024,13,3,63,93,1,1,N,05,,63,55,100,87,14,3,N
FCST,280291,221025,13,2,68,87,1,1,ESE,04,,68,58,100,87,0,0,N
FCST,280291,221026,13,2,69,84,1,1,S,03,,69,60,100,84,0,0,N
FCST,280291,221027,13,1,67,61,1,1,N,06,,69,55,100,61,0,0,N
FCST,280291,221028,13,2,60,64,1,1,NE,08,,67,51,86,58,0,0,N
FCST,280291,221029,13,2,60,64,1,1,NE,05,,60,48,93,64,0,0,N
FCST,280291,221030,13,2,62,67,1,1,ENE,05,,62,48,100,64,0,0,N
FCST,305803,221024,13,3,61,90,1,1,NE,03,,61,50,100,62,12,0,N
FCST,305803,221025,13,2,66,90,1,1,ESE,03,,66,55,100,90,0,0,N
FCST,305803,221026,13,2,66,93,1,1,SSE,03,,66,58,100,87,0,0,N
FCST,305803,221027,13,1,63,62,1,1,NNW,06,,67,52,100,62,0,0,N
FCST,305803,221028,13,2,58,59,1,1,NE,04,,63,44,89,59,0,0,N
FCST,305803,221029,13,2,58,62,1,1,NE,02,,58,42,89,59,0,0,N
FCST,305803,221030,13,2,60,64,1,1,ENE,02,,60,43,100,62,0,0,N
FCST,281501,221024,13,2,65,87,1,1,N,05,,65,56,100,87,13,0,N
FCST,281501,221025,13,2,67,87,1,1,ESE,05,,67,58,100,84,0,0,N
FCST,281501,221026,13,2,68,81,1,1,S,05,,68,59,100,81,0,0,N
FCST,281501,221027,13,1,68,61,1,1,N,07,,68,56,100,61,0,0,N
FCST,281501,221028,13,2,61,72,1,1,NE,11,,68,53,93,61,0,0,N
FCST,281501,221029,13,2,61,70,1,1,NE,09,,61,52,89,70,0,0,N
FCST,281501,221030,13,2,62,70,1,1,ENE,08,,62,51,96,70,0,0,N
FCST,360771,221024,13,2,63,84,1,1,NE,05,,63,52,100,62,12,0,N
FCST,360771,221025,13,2,65,87,1,1,ESE,05,,65,55,100,81,0,0,N
FCST,360771,221026,13,2,66,84,1,1,S,06,,66,58,100,84,0,0,N
FCST,360771,221027,13,1,61,62,1,1,NNW,08,,67,52,96,62,0,0,N
FCST,360771,221028,13,2,58,62,1,1,ENE,05,,61,45,86,58,0,0,N
FCST,360771,221029,13,2,57,62,1,1,ENE,05,,58,43,89,62,0,0,N
FCST,360771,221030,13,2,59,67,1,1,E,05,,59,44,96,62,0,0,N
