FNUS81 KPBZ 231730
FWMPBZ

FCST,361002,221024,13,0,68,40,1,1,S,06,,68,38,100,33,0,0,N
FCST,361002,221025,13,2,69,47,1,1,S,09,,70,42,100,38,0,0,N
FCST,361002,221026,13,2,62,71,1,1,SSW,10,,69,54,95,47,0,5,N
FCST,361002,221027,13,1,54,55,1,1,W,09,,62,43,94,55,0,0,N
FCST,361002,221028,13,2,58,50,1,1,S,09,,58,37,92,50,0,0,N
FCST,361002,221029,13,2,58,59,1,1,SSE,04,,58,42,94,50,0,0,N
FCST,361002,221030,13,2,56,62,1,1,SSE,06,,58,43,94,59,0,0,N
FCST,361291,221024,13,0,66,41,1,1,SW,06,,66,41,95,40,0,0,N
FCST,361291,221025,13,1,68,46,1,1,SSW,09,,68,46,88,38,0,0,N
FCST,361291,221026,13,2,60,70,1,1,SSW,10,,68,53,91,45,0,5,N
FCST,361291,221027,13,1,52,64,1,1,W,10,,60,44,97,62,0,0,N
FCST,361291,221028,13,2,55,56,1,1,S,11,,56,39,89,55,0,0,N
FCST,361291,221029,13,2,55,66,1,1,SE,07,,56,43,93,55,0,0,N
FCST,361291,221030,13,2,52,75,1,1,SE,09,,55,44,94,65,0,0,N
FCST,460901,221024,13,0,69,40,1,1,WSW,05,,70,35,100,38,0,0,N
FCST,460901,221025,13,1,72,41,1,1,SW,09,,72,39,100,37,0,0,N
FCST,460901,221026,13,2,60,75,1,1,SW,08,,72,52,93,40,0,5,N
FCST,460901,221027,13,1,54,69,1,1,W,09,,61,44,100,68,0,0,N
FCST,460901,221028,13,2,61,53,1,1,SSW,09,,62,41,94,52,0,0,N
FCST,460901,221029,13,2,60,63,1,1,SE,02,,62,44,93,52,0,0,N
FCST,460901,221030,13,2,56,75,1,1,ESE,04,,60,46,97,62,0,0,N
FCST,460101,221024,13,1,70,40,1,1,S,06,,70,43,96,35,0,0,N
FCST,460101,221025,13,2,71,47,1,1,SSW,09,,73,48,90,37,0,0,N
FCST,460101,221026,13,2,60,75,1,1,SSW,09,,71,55,88,47,0,5,N
FCST,460101,221027,13,1,57,57,1,1,W,09,,60,45,90,57,0,0,N
FCST,460101,221028,13,2,59,52,1,1,S,08,,59,41,87,52,0,0,N
FCST,460101,221029,13,2,59,62,1,1,E,02,,61,45,93,50,0,0,N
FCST,460101,221030,13,2,58,67,1,1,ESE,03,,61,46,91,56,0,0,N
FCST,462601,221024,13,0,66,39,1,1,SW,05,,67,20,100,38,0,0,N
FCST,462601,221025,13,1,67,46,1,1,SSW,09,,69,24,100,37,0,0,N
FCST,462601,221026,13,2,59,73,1,1,SW,09,,68,48,98,45,0,0,N
FCST,462601,221027,13,1,53,68,1,1,WSW,09,,60,42,100,67,0,0,N
FCST,462601,221028,13,2,55,60,1,1,S,09,,55,37,96,59,0,0,N
FCST,462601,221029,13,2,54,72,1,1,SE,05,,55,39,97,59,0,0,N
FCST,462601,221030,13,2,51,82,1,1,SE,06,,54,41,100,72,0,0,N
FCST,360191,221024,13,0,69,42,1,1,S,06,,69,40,100,39,0,0,N
FCST,360191,221025,13,2,71,45,1,1,SSW,09,,72,44,100,39,0,0,N
FCST,360191,221026,13,2,62,74,1,1,SSW,08,,71,53,95,45,0,5,N
FCST,360191,221027,13,1,57,56,1,1,W,09,,62,44,96,56,0,0,N
FCST,360191,221028,13,2,59,53,1,1,S,09,,59,40,91,53,0,0,N
FCST,360191,221029,13,2,60,58,1,1,ESE,05,,61,43,96,52,0,0,N
FCST,360191,221030,13,2,57,69,1,1,SE,06,,60,44,97,58,0,0,N
FCST,460902,221024,13,0,67,42,1,1,SW,05,,67,43,90,40,0,0,N
FCST,460902,221025,13,1,69,43,1,1,SSW,09,,69,48,80,40,0,0,N
FCST,460902,221026,13,2,58,79,1,1,SW,08,,69,53,87,43,0,5,N
FCST,460902,221027,13,1,51,71,1,1,W,09,,58,45,94,71,0,0,N
FCST,460902,221028,13,2,58,54,1,1,SSW,09,,58,41,89,54,0,0,N
FCST,460902,221029,13,2,57,65,1,1,SE,03,,58,44,90,54,0,0,N
FCST,460902,221030,13,2,53,79,1,1,SE,05,,57,47,92,64,0,0,N
FCST,336001,221024,13,0,71,41,1,1,S,06,,74,43,98,41,0,0,N
FCST,336001,221025,13,2,72,46,1,1,SSW,09,,73,48,92,38,0,0,N
FCST,336001,221026,13,2,57,82,1,1,SSW,09,,73,54,95,44,5,3,N
FCST,336001,221027,13,1,56,55,1,1,NNW,09,,58,42,96,55,0,0,N
FCST,336001,221028,13,2,61,53,1,1,S,08,,61,41,93,51,0,0,N
FCST,336001,221029,13,2,60,61,1,1,E,02,,62,44,98,51,0,0,N
FCST,336001,221030,13,2,58,71,1,1,ESE,04,,61,47,94,55,0,0,N
FCST,337302,221024,13,0,71,40,1,1,S,05,,73,42,98,36,0,0,N
FCST,337302,221025,13,2,71,48,1,1,SSW,09,,74,47,94,37,0,0,N
FCST,337302,221026,13,2,60,77,1,1,SSW,08,,72,53,99,47,0,0,N
FCST,337302,221027,13,1,57,58,1,1,N,09,,61,45,97,58,0,0,N
FCST,337302,221028,13,1,62,54,1,1,S,08,,62,42,94,51,0,0,N
FCST,337302,221029,13,2,62,60,1,1,ESE,02,,64,45,96,50,0,0,N
FCST,337302,221030,13,2,61,67,1,1,ESE,03,,63,47,97,54,0,0,N
FCST,360631,221024,13,0,69,42,1,1,SSW,05,,69,34,100,38,0,0,N
FCST,360631,221025,13,1,72,47,1,1,SSW,09,,72,38,100,40,0,0,N
FCST,360631,221026,13,2,65,69,1,1,SSW,10,,72,56,92,47,0,5,N
FCST,360631,221027,13,1,56,62,1,1,W,09,,65,47,95,62,0,0,N
FCST,360631,221028,13,2,59,56,1,1,SSW,10,,59,41,89,56,0,0,N
FCST,360631,221029,13,2,59,64,1,1,SE,05,,59,45,91,56,0,0,N
FCST,360631,221030,13,2,56,71,1,1,SE,07,,59,46,93,64,0,0,N
FCST,360051,221024,13,0,67,46,1,1,S,06,,67,36,100,43,0,0,N
FCST,360051,221025,13,2,71,47,1,1,S,09,,71,40,100,41,0,0,N
FCST,360051,221026,13,2,64,69,1,1,SSW,09,,71,54,95,47,0,5,N
FCST,360051,221027,13,1,57,54,1,1,W,09,,64,45,95,54,0,0,N
FCST,360051,221028,13,2,59,55,1,1,S,09,,59,39,92,54,0,0,N
FCST,360051,221029,13,2,58,63,1,1,SE,05,,60,43,96,53,0,0,N
FCST,360051,221030,13,2,58,64,1,1,SE,06,,60,44,97,58,0,0,N
