SMPF01 NTAA 220000
AAXX 22004
91925 02582 20916 10275 20190 30051 40111 56027 60004 82200
  333 20211 56200 59005 60007 82826 90710 91126
  555 60005 10828=
91929 04523 /0913 10290 20232 30134 40137 56023 60001 710//
  333 4//// 60007 90710 91120
  555 60005=
91931 06/// /1109 10285 20230 30128 40138 57024 60001
  333 4//// 60007 90710 91119
  555 60005=
91938 01575 72308 10267 20205 30138 40140 58023 69944 72586 878//
  333 20219 56999 59004 69947 81823 84640 86657 90710 91112
  555 69905 10829=
91944 04464 60910 10258 20221 30147 40160 56023 69901 700//
  333 4//// 69907 90710 91115
  555 60005=
91948 02480 21512 10215 20171 30102 40206 56020 60074 82801
  333 20181 56206 59001 60007 82816 90710 91127
  555 60005 11327=
91954 04569 80715 10262 20208 30179 40186 58019 60001 700//
  333 4//// 60007 90710 91128
  555 60005=
91958 02582 10514 10235 20165 30231 40233 58020 60004 81100
  333 20204 56200 59009 60007 81823 90710 91119
  555 60005 10621=