ASPS20 NFFN 220000
10001 33388 02200
99900 81508 72152 72152 10000 99911 66056 63555 63062 10000 
99955 55523 62520 61940 10000 55553 62963 62569 62075 61679 
10000 55553 71065 71567 71969 10000 55553 70754 71060 10000 
55553 71450 71756 72057 72455 72652 10000 55553 71650 72052 
10000 99922 44010 60220 60325 60145 60560 61375 71378 71066 
71756 71850 44012 61120 61150 61678 71570 71762 72356 72750 
44014 61420 61550 61765 62174 71975 72360 72753 73052 73553 
44018 63568 63070 62575 72275 72562 73056 73555 44020 63571 
63172 72579 72473 72664 73058 73556 44022 63574 63175 72778 
72771 73063 73559 44024 63577 63179 72975 73168 73564 44018 
62020 62251 62560 62862 63558 44022 63520 62725 62432 62442 
62748 63050 63550 44024 63522 63025 62730 62637 62843 63146 
63547 44026 63524 63028 62835 63041 63544 44028 63526 63129 
63034 63240 63542 19191 =