SHUS66 KMWI 212301
FWOSTO
Weather Information Management System (WIMS)
USDA National Information Technology Center (KMWI)
21-OCT-22 23:01:21 GMT
 
Listing of Forecasted Observations (Sacramento, CA)
 
ST NME STAT'N   DATE HR T W DBT DPT  RH Y M DIR WS 10 TMX TMN HMX HMN PD1 PD2
------ ------ ------ -- - - --- --- --- - - --- -- -- --- --- --- ---  --  --
Stations not in a Zone:
COUNTY 041410 221022 13 F 0  64  31  29 1 1 360 14  0  81  56  72  22   0   0
COUNTY 041410 221023 13 F 0  59  22  24 1 1 360 23  0  64  46  54  24   0   0
COUNTY 041410 221024 13 F 1  67  19  16 1 1 360  8  0  67  51  31  16   0   0
COUNTY 041410 221025 13 F 1  64  42  45 1 1 270  8  0  70  53  56  15   0   0
COUNTY 041410 221026 13 F 1  59  35  41 1 1 338 10  0  66  50  64  41   0   0
COUNTY 041410 221027 13 F 1  62  26  26 1 1 360 10  0  62  50  45  26   0   0
COUNTY 041410 221028 13 F 1  63  28  27 1 1 113  6  0  65  50  40  22   0   0
NWS Office:  STO/Zone: 535
SECRET 041808 221022 13 F 1  58  37  46 1 1 270  9  0  78  49  98  22   0   0
SECRET 041808 221023 13 F 0  59  15  18 1 1 360 11  0  59  36  63  18   0   0
SECRET 041808 221024 13 F 1  65  20  18 1 1 270  4  0  65  40  44  16   0   0
SECRET 041808 221025 13 F 2  62  31  32 1 1 225  3  0  65  45  51  18   0   0
SECRET 041808 221026 13 F 1  55  34  46 1 1 270  4  0  62  43  86  32   0   0
SECRET 041808 221027 13 F 0  62  27  27 1 1 293  2  0  62  39  67  27   0   0
SECRET 041808 221028 13 F 1  64  29  27 1 1 225  3  0  64  43  52  26   0   0
READER 041809 221022 13 F 0  62  40  45 1 1 270 11  0  81  51 100  29   0   0
READER 041809 221023 13 F 0  62  21  21 1 1 360 12  0  62  37  72  21   0   0
READER 041809 221024 13 F 1  66  26  22 1 1 270  6  0  66  41  50  19   0   0
READER 041809 221025 13 F 2  66  41  40 1 1 225  4  0  69  44  57  21   0   0
READER 041809 221026 13 F 1  58  41  55 1 1 270  5  0  66  44 100  40   0   0
READER 041809 221027 13 F 1  64  35  34 1 1 293  3  0  64  40  76  34   0   0
READER 041809 221028 13 F 1  66  36  34 1 1 225  3  0  67  43  60  31   0   0
Count:    14  Zone Average:  62  31  33          6  0  67  43  70  25   0   0
Zone: 536
SADDLE 041304 221022 13 F 2  43  27  55 1 1 270 13  0  65  41  79  27   0   0
SADDLE 041304 221023 13 F 0  42  11  28 1 1  45 20  0  44  32  55  28   0   0
SADDLE 041304 221024 13 F 1  54  12  19 1 1 203 11  0  54  35  42  19   0   0
SADDLE 041304 221025 13 F 1  49  31  51 1 1 225  8  0  54  42  51  19   0   0
SADDLE 041304 221026 13 F 2  41  29  63 1 1 293  8  0  49  38  69  51   0   0
SADDLE 041304 221027 13 F 1  46  21  38 1 1  45  8  0  46  35  63  38   0   0
SADDLE 041304 221028 13 F 1  51  24  35 1 1 203  8  0  51  38  41  35   0   0
WHITEC 041806 221022 13 F 1  54  35  50 1 1 270  9  0  75  49  86  22   0   0
WHITEC 041806 221023 13 F 0  55  13  19 1 1  23 14  0  55  37  55  19   0   0
WHITEC 041806 221024 13 F 1  64  18  17 1 1 248  5  0  64  41  38  16   0   0
WHITEC 041806 221025 13 F 2  59  33  38 1 1 225  4  0  64  47  41  17   0   0
WHITEC 041806 221026 13 F 1  52  34  51 1 1 270  4  0  59  44  72  38   0   0
WHITEC 041806 221027 13 F 1  59  26  29 1 1 338  3  0  59  41  55  29   0   0
WHITEC 041806 221028 13 F 1  61  28  29 1 1 225  3  0  61  43  41  29   0   0
DUNCAN 041901 221022 13 F 2  38  33  82 1 1 270 16  0  62  37 100  27   0   0
DUNCAN 041901 221023 13 F 0  40   9  28 1 1  45 19  0  40  31  82  28   0   0
DUNCAN 041901 221024 13 F 1  50   5  16 1 1 248  9  0  50  33  44  15   0   0
DUNCAN 041901 221025 13 F 1  46  31  56 1 1 248  8  0  50  40  56  16   0   0
DUNCAN 041901 221026 13 F 2  37  28  72 1 1 270  8  0  46  36  77  56   0   0
DUNCAN 041901 221027 13 F 1  45  22  41 1 1  68  8  0  45  33  72  41   0   0
DUNCAN 041901 221028 13 F 1  48  23  37 1 1 225  6  0  48  37  45  37   0   0
SEEDOR 041908 221022 13 F 1  53  39  59 1 1 270 11  0  76  48  84  23   0   0
SEEDOR 041908 221023 13 F 0  56  14  19 1 1  23 13  0  56  36  62  19   0   0
SEEDOR 041908 221024 13 F 0  63  16  16 1 1 248  4  0  63  40  39  13   0   0
SEEDOR 041908 221025 13 F 2  59  34  39 1 1 248  4  0  63  45  42  16   0   0
SEEDOR 041908 221026 13 F 1  52  35  54 1 1 270  4  0  59  44  73  39   0   0
SEEDOR 041908 221027 13 F 0  60  29  31 1 1 315  3  0  60  40  57  30   0   0
SEEDOR 041908 221028 13 F 1  62  29  29 1 1 225  3  0  62  43  45  27   0   0
Count:    28  Zone Average:  51  25  39          8  0  57  40  60  28   0   0
Zone: 538
BEAVER 042601 221022 13 F 2  54  43  67 1 1 270 11  0  78  51  77  18   0   0
BEAVER 042601 221023 13 F 0  57  17  21 1 1 360 11  0  57  35  76  21   0   0
BEAVER 042601 221024 13 F 0  64  18  17 1 1 270  8  0  64  40  43  15   0   0
BEAVER 042601 221025 13 F 2  63  33  33 1 1 248  4  0  64  46  46  17   0   0
BEAVER 042601 221026 13 F 1  54  35  50 1 1 270  6  0  63  43  71  33   0   0
BEAVER 042601 221027 13 F 0  61  26  27 1 1 270  3  0  61  39  65  27   0   0
BEAVER 042601 221028 13 F 1  64  26  24 1 1 225  5  0  64  43  45  24   0   0
BALD M 042603 221022 13 F 1  50  41  73 1 1 270 10  0  73  47 100  26   0   0
BALD M 042603 221023 13 F 0  54  14  21 1 1 360 14  0  54  40  73  21   0   0
BALD M 042603 221024 13 F 0  60  17  19 1 1 248  6  0  60  44  36  18   0   0
BALD M 042603 221025 13 F 1  58  35  42 1 1 248  4  0  60  49  42  19   0   0
BALD M 042603 221026 13 F 1  49  37  64 1 1 270  5  0  58  46  76  42   0   0
BALD M 042603 221027 13 F 0  57  30  36 1 1 293  4  0  57  43  64  36   0   0
BALD M 042603 221028 13 F 1  59  30  34 1 1 225  4  0  59  46  41  34   0   0
HELL H 042608 221022 13 F 2  46  37  71 1 1 248 13  0  70  45  92  23   0   0
HELL H 042608 221023 13 F 0  47  13  25 1 1  45 17  0  47  33  74  25   0   0
HELL H 042608 221024 13 F 0  58  14  18 1 1 270  9  0  58  37  46  17   0   0
HELL H 042608 221025 13 F 1  55  34  46 1 1 248  8  0  58  44  46  18   0   0
HELL H 042608 221026 13 F 2  45  32  62 1 1 270  8  0  55  42  66  46   0   0
HELL H 042608 221027 13 F 1  52  25  35 1 1  68  6  0  52  37  62  35   0   0
HELL H 042608 221028 13 F 1  56  25  30 1 1 225  6  0  56  39  45  30   0   0
OWENS  042611 221022 13 F 2  47  33  59 1 1 270 14  0  70  43  78  17   0   0
OWENS  042611 221023 13 F 0  47  12  24 1 1  45 14  0  47  27  78  24   0   0
OWENS  042611 221024 13 F 0  59  12  16 1 1 293  8  0  59  32  46  13   0   0
OWENS  042611 221025 13 F 1  57  29  35 1 1 248  6  0  59  38  55  16   0   0
OWENS  042611 221026 13 F 2  46  26  47 1 1 270  8  0  57  36  76  35   0   0
OWENS  042611 221027 13 F 1  53  19  27 1 1  45  4  0  53  30  69  26   0   0
OWENS  042611 221028 13 F 1  57  19  23 1 1 225  6  0  57  34  49  20   0   0
SUGARL 042614 221022 13 F 2  45  37  74 1 1 270 17  0  70  45  80  21   0   0
SUGARL 042614 221023 13 F 0  47  10  22 1 1  45 17  0  47  28  78  22   0   0
SUGARL 042614 221024 13 F 0  57  13  18 1 1 270  9  0  57  33  47  15   0   0
SUGARL 042614 221025 13 F 1  55  31  40 1 1 248  8  0  57  39  48  18   0   0
SUGARL 042614 221026 13 F 2  44  30  58 1 1 270  9  0  55  37  72  40   0   0
SUGARL 042614 221027 13 F 1  52  22  31 1 1 360  6  0  52  31  65  30   0   0
SUGARL 042614 221028 13 F 1  56  22  27 1 1 225  6  0  56  36  45  25   0   0
STEELY 042615 221022 13 F 2  55  46  73 1 1 270 11  0  78  50  91  22   0   0
STEELY 042615 221023 13 F 0  58  18  21 1 1 360 10  0  58  36  73  21   0   0
STEELY 042615 221024 13 F 0  64  22  20 1 1 270  5  0  64  42  39  19   0   0
STEELY 042615 221025 13 F 2  63  36  37 1 1 248  3  0  64  46  47  20   0   0
STEELY 042615 221026 13 F 1  54  40  59 1 1 270  4  0  63  44  75  37   0   0
STEELY 042615 221027 13 F 0  61  30  32 1 1 270  3  0  61  40  62  32   0   0
STEELY 042615 221028 13 F 1  64  31  29 1 1 225  4  0  64  44  45  29   0   0
Count:    42  Zone Average:  55  27  38          8  0  60  40  62  25   0   0
Zone: 539
CAMPO  043209 221022 13 F 1  65  54  68 1 1 315  9  0  83  59  87  30   0   0
CAMPO  043209 221023 13 F 0  64  29  27 1 1 315 18  0  67  45  70  27   0   0
CAMPO  043209 221024 13 F 0  66  32  28 1 1 270  6  0  67  45  47  23   0   0
CAMPO  043209 221025 13 F 1  67  39  37 1 1 270  5  0  69  49  52  26   0   0
CAMPO  043209 221026 13 F 1  62  46  56 1 1 315  9  0  69  50  82  37   0   0
CAMPO  043209 221027 13 F 0  64  39  41 1 1 293  6  0  64  45  63  41   0   0
CAMPO  043209 221028 13 F 1  67  39  36 1 1 225  5  0  67  48  54  36   0   0
COTTAG 043210 221022 13 F 2  45  41  88 1 1 270 14  0  69  45  94  24   0   0
COTTAG 043210 221023 13 F 0  48  14  26 1 1 360 14  0  48  33  88  26   0   0
COTTAG 043210 221024 13 F 0  56  16  21 1 1 270  9  0  56  37  42  19   0   0
COTTAG 043210 221025 13 F 2  55  32  43 1 1 248  5  0  56  43  46  21   0   0
COTTAG 043210 221026 13 F 1  46  34  64 1 1 270  8  0  55  42  72  43   0   0
COTTAG 043210 221027 13 F 0  52  25  36 1 1 270  4  0  52  37  64  36   0   0
COTTAG 043210 221028 13 F 1  56  25  31 1 1 225  6  0  56  40  40  31   0   0
BANNER 043211 221022 13 F 2  58  49  74 1 1 270  9  0  82  51  92  22   0   0
BANNER 043211 221023 13 F 0  61  25  26 1 1 293 13  0  61  37  81  26   0   0
BANNER 043211 221024 13 F 0  66  27  23 1 1 270  5  0  66  42  44  21   0   0
BANNER 043211 221025 13 F 1  67  36  33 1 1 248  4  0  68  46  52  23   0   0
BANNER 043211 221026 13 F 1  58  42  57 1 1 293  6  0  67  44  85  33   0   0
BANNER 043211 221027 13 F 0  64  35  34 1 1 270  4  0  64  41  69  33   0   0
BANNER 043211 221028 13 F 1  68  34  29 1 1 225  5  0  68  44  54  28   0   0
BLUE M 043212 221022 13 F 2  46  44  93 1 1 270 11  0  70  46  98  25   0   0
BLUE M 043212 221023 13 F 0  50  17  27 1 1 315 12  0  50  35  93  27   0   0
BLUE M 043212 221024 13 F 0  56  18  23 1 1 270  8  0  56  40  39  21   0   0
BLUE M 043212 221025 13 F 2  56  33  42 1 1 248  5  0  56  45  46  23   0   0
BLUE M 043212 221026 13 F 1  47  36  67 1 1 270  5  0  56  42  73  42   0   0
BLUE M 043212 221027 13 F 0  52  27  39 1 1 270  5  0  52  40  67  38   0   0
BLUE M 043212 221028 13 F 1  56  27  33 1 1 225  5  0  56  43  40  32   0   0
MTELIZ 043605 221022 13 F 2  51  49  93 1 1 270  9  0  75  51  94  23   0   0
MTELIZ 043605 221023 13 F 0  55  24  31 1 1 293 12  0  55  37  93  31   0   0
MTELIZ 043605 221024 13 F 0  59  26  29 1 1 248  5  0  59  42  40  26   0   0
MTELIZ 043605 221025 13 F 1  61  35  38 1 1 248  3  0  61  47  49  29   0   0
MTELIZ 043605 221026 13 F 1  52  40  64 1 1 270  4  0  61  45  75  38   0   0
MTELIZ 043605 221027 13 F 0  57  31  38 1 1 248  3  0  57  41  64  38   0   0
MTELIZ 043605 221028 13 F 1  61  30  32 1 1 225  3  0  61  44  50  31   0   0
GREEN  043613 221022 13 F 2  63  54  74 1 1 293 11  0  84  57  79  24   0   0
GREEN  043613 221023 13 F 0  62  27  27 1 1 315 17  0  64  44  74  27   0   0
GREEN  043613 221024 13 F 0  65  28  25 1 1 248  8  0  65  46  44  23   0   0
GREEN  043613 221025 13 F 1  69  37  31 1 1 270  8  0  69  49  49  24   0   0
GREEN  043613 221026 13 F 1  61  43  53 1 1 293 11  0  69  50  77  31   0   0
GREEN  043613 221027 13 F 0  63  37  38 1 1 270  8  0  63  45  60  38   0   0
GREEN  043613 221028 13 F 1  68  35  30 1 1 203  6  0  68  48  55  30   0   0
SMITH  044115 221022 13 F 2  56  51  86 1 1 248  9  0  79  51  86  24   0   0
SMITH  044115 221023 13 F 0  58  27  31 1 1 293 12  0  58  37  86  31   0   0
SMITH  044115 221024 13 F 0  63  30  29 1 1 248  6  0  63  41  44  25   0   0
SMITH  044115 221025 13 F 1  65  36  35 1 1 248  6  0  66  44  48  29   0   0
SMITH  044115 221026 13 F 1  57  42  58 1 1 270  8  0  65  44  73  35   0   0
SMITH  044115 221027 13 F 0  61  35  38 1 1 248  6  0  61  39  73  35   0   0
SMITH  044115 221028 13 F 1  66  34  31 1 1 225  6  0  66  44  58  29   0   0
Count:    49  Zone Average:  59  34  43          8  0  64  44  66  29   0   0
Zone: 540
PINECR 043615 221022 13 F 3  46  42  89 1 1 248 11  0  69  46  89  24   0   0
PINECR 043615 221023 13 F 0  49  17  28 1 1 360 11  0  49  30  93  28   0   0
PINECR 043615 221024 13 F 0  57  22  26 1 1 270  6  0  57  35  47  23   0   0
PINECR 043615 221025 13 F 2  56  34  44 1 1 248  5  0  57  41  52  26   0   0
PINECR 043615 221026 13 F 1  47  33  60 1 1 248  6  0  56  39  74  44   0   0
PINECR 043615 221027 13 F 1  52  26  37 1 1 270  3  0  52  34  68  36   0   0
PINECR 043615 221028 13 F 1  56  25  31 1 1 225  6  0  56  38  48  30   0   0
Count:     7  Zone Average:  52  29  45          7  0  57  38  67  30   0   0
Zone: 552
PILOT  042609 221022 13 F 0  63  43  48 1 1 293 11  0  81  55  93  28   0   0
PILOT  042609 221023 13 F 0  64  20  19 1 1 338 12  0  64  40  71  19   0   0
PILOT  042609 221024 13 F 1  65  25  22 1 1 270  6  0  66  44  44  17   0   0
PILOT  042609 221025 13 F 1  67  36  33 1 1 248  5  0  67  48  49  21   0   0
PILOT  042609 221026 13 F 1  60  41  50 1 1 293  8  0  67  47  87  33   0   0
PILOT  042609 221027 13 F 1  64  33  32 1 1 293  5  0  64  43  63  32   0   0
PILOT  042609 221028 13 F 1  66  33  30 1 1 225  4  0  66  47  52  30   0   0
BEN BO 042612 221022 13 F 1  65  47  53 1 1 293 11  0  82  55  94  28   0   0
BEN BO 042612 221023 13 F 0  67  24  20 1 1 315 16  0  67  41  74  20   0   0
BEN BO 042612 221024 13 F 1  68  28  23 1 1 270  6  0  68  43  46  18   0   0
BEN BO 042612 221025 13 F 2  69  38  33 1 1 248  5  0  69  48  50  22   0   0
BEN BO 042612 221026 13 F 1  62  42  49 1 1 293  8  0  69  47  89  33   0   0
BEN BO 042612 221027 13 F 0  67  36  33 1 1 293  5  0  67  42  65  33   0   0
BEN BO 042612 221028 13 F 1  68  34  29 1 1 248  4  0  68  46  53  29   0   0
MOUNT  042701 221022 13 F 1  57  49  75 1 1 293 10  0  79  53  96  25   0   0
MOUNT  042701 221023 13 F 0  60  24  25 1 1 315 14  0  60  42  75  25   0   0
MOUNT  042701 221024 13 F 0  63  25  24 1 1 270  5  0  63  47  35  22   0   0
MOUNT  042701 221025 13 F 1  64  35  35 1 1 248  4  0  64  51  40  24   0   0
MOUNT  042701 221026 13 F 1  55  41  60 1 1 293  5  0  64  50  68  35   0   0
MOUNT  042701 221027 13 F 0  61  33  35 1 1 270  4  0  61  46  60  35   0   0
MOUNT  042701 221028 13 F 1  65  32  30 1 1 225  4  0  65  50  44  30   0   0
Count:    21  Zone Average:  64  34  36          7  0  68  47  64  27   0   0
Zone: 554
LINCOL 041907 221022 13 F 0  70  43  38 1 1 315 13  0  84  57  86  28   0   0
LINCOL 041907 221023 13 F 0  68  25  20 1 1 338 18  0  71  45  62  20   0   0
LINCOL 041907 221024 13 F 1  70  31  24 1 1 270  6  0  70  46  50  19   0   0
LINCOL 041907 221025 13 F 1  69  40  35 1 1 225  5  0  73  48  55  22   0   0
LINCOL 041907 221026 13 F 1  65  44  47 1 1 315  9  0  71  48  87  35   0   0
LINCOL 041907 221027 13 F 0  68  37  33 1 1 315  6  0  68  45  67  33   0   0
LINCOL 041907 221028 13 F 1  69  37  31 1 1 248  4  0  71  46  62  28   0   0
Count:     7  Zone Average:  69  37  33          9  0  73  48  67  27   0   0
Zone: 558
KONOCT 041411 221022 13 F 1  63  32  32 1 1 315 16  0  80  55  72  22   0   0
KONOCT 041411 221023 13 F 0  62  22  22 1 1 360 11  0  63  45  60  22   0   0
KONOCT 041411 221024 13 F 1  68  22  18 1 1 338  2  0  68  52  30  18   0   0
KONOCT 041411 221025 13 F 1  65  43  45 1 1 270  5  0  70  53  59  17   0   0
KONOCT 041411 221026 13 F 1  60  35  39 1 1 315  8  0  65  50  59  39   0   0
KONOCT 041411 221027 13 F 1  65  27  24 1 1 360  5  0  65  49  45  24   0   0
KONOCT 041411 221028 13 F 1  65  28  25 1 1 135  3  0  67  51  38  21   0   0
BROOKS 042202 221022 13 F 1  70  42  37 1 1 360 13  0  84  57  84  28   0   0
BROOKS 042202 221023 13 F 0  65  30  27 1 1 360 21  0  70  50  50  27   0   0
BROOKS 042202 221024 13 F 0  72  29  21 1 1 360  8  0  72  52  34  21   0   0
BROOKS 042202 221025 13 F 1  70  45  42 1 1 270  6  0  75  50  58  19   0   0
BROOKS 042202 221026 13 F 1  66  41  40 1 1 338  9  0  72  51  72  40   0   0
BROOKS 042202 221027 13 F 0  67  32  28 1 1 360 10  0  67  51  50  28   0   0
BROOKS 042202 221028 13 F 1  68  35  30 1 1  90  6  0  70  48  49  25   0   0
Count:    14  Zone Average:  66  33  31          9  0  71  51  54  25   0   0
Zone: 592
SUGARL 040614 221022 13 F 1  45  24  44 1 1 338 19  0  66  43  66  30   0   0
SUGARL 040614 221023 13 F 0  44  18  36 1 1 360 13  0  46  37  62  36   0   0
SUGARL 040614 221024 13 F 1  53  24  33 1 1 203  8  0  53  42  48  31   0   0
SUGARL 040614 221025 13 F 1  45  36  73 1 1 203  4  0  56  42  79  33   0   0
SUGARL 040614 221026 13 F 2  42  31  65 1 1 338  8  0  49  39  82  56   0   0
SUGARL 040614 221027 13 F 1  48  26  43 1 1  45  5  0  48  39  65  43   0   0
SUGARL 040614 221028 13 F 1  48  27  44 1 1 135  5  0  51  41  52  40   0   0
Count:     7  Zone Average:  47  27  48          9  0  53  41  65  39   0   0
Zone: 593
SIMS   040618 221022 13 F 1  58  28  32 1 1 338 11  0  80  50  54  21   0   0
SIMS   040618 221023 13 F 0  57  23  27 1 1 360 11  0  58  43  51  27   0   0
SIMS   040618 221024 13 F 1  68  29  24 1 1 225  5  0  68  45  40  24   0   0
SIMS   040618 221025 13 F 2  61  41  48 1 1 180  4  0  69  50  56  24   0   0
SIMS   040618 221026 13 F 2  55  33  44 1 1 338  6  0  61  45  60  42   0   0
SIMS   040618 221027 13 F 1  62  28  28 1 1  45  4  0  62  43  52  28   0   0
SIMS   040618 221028 13 F 1  63  30  29 1 1 158  4  0  64  47  39  26   0   0
SOLDIE 040630 221022 13 F 1  52  27  38 1 1 338 10  0  75  37 100  23   0   0
SOLDIE 040630 221023 13 F 0  50  20  31 1 1  23 14  0  53  23 100  31   0   0
SOLDIE 040630 221024 13 F 1  60  25  27 1 1 315  5  0  60  20 100  26   0   0
SOLDIE 040630 221025 13 F 1  54  37  54 1 1 248  4  0  64  29  99  25   0   0
SOLDIE 040630 221026 13 F 2  49  34  56 1 1 315  4  0  57  27 100  51   0   0
SOLDIE 040630 221027 13 F 1  55  31  41 1 1  45  3  0  55  22 100  41   0   0
SOLDIE 040630 221028 13 F 1  58  29  34 1 1 270  4  0  58  23 100  34   0   0
OAK MT 040635 221022 13 F 0  57  25  29 1 1 315 10  0  77  44  76  19   0   0
OAK MT 040635 221023 13 F 0  56  21  26 1 1  23 10  0  58  36  71  26   0   0
OAK MT 040635 221024 13 F 1  65  27  24 1 1 180  5  0  65  37  58  21   0   0
OAK MT 040635 221025 13 F 1  59  38  46 1 1 225  3  0  68  43  63  22   0   0
OAK MT 040635 221026 13 F 2  54  33  45 1 1 315  4  0  60  39  86  43   0   0
OAK MT 040635 221027 13 F 1  59  27  30 1 1  45  4  0  59  36  76  30   0   0
OAK MT 040635 221028 13 F 1  60  26  28 1 1 225  4  0  62  38  59  25   0   0
Count:    21  Zone Average:  58  29  35          6  0  64  37  73  29   0   0
Zone: 595
REDDIN 040611 221022 13 F 0  68  30  25 1 1 338 13  0  84  52  78  20   0   0
REDDIN 040611 221023 13 F 0  65  25  22 1 1 360 14  0  68  39  81  22   0   0
REDDIN 040611 221024 13 F 1  73  30  21 1 1 338  5  0  73  41  60  18   0   0
REDDIN 040611 221025 13 F 1  66  41  41 1 1 270  3  0  76  44  84  19   0   0
REDDIN 040611 221026 13 F 2  63  38  40 1 1 338  4  0  68  40 100  38   0   0
REDDIN 040611 221027 13 F 1  68  31  26 1 1 360  5  0  68  40  80  26   0   0
REDDIN 040611 221028 13 F 1  68  33  28 1 1 180  3  0  71  41  72  22   0   0
WHISKE 040629 221022 13 F 1  61  30  32 1 1 315 11  0  80  50  77  23   0   0
WHISKE 040629 221023 13 F 0  59  25  27 1 1 360 10  0  62  40  74  27   0   0
WHISKE 040629 221024 13 F 1  67  29  24 1 1 293  5  0  67  42  53  23   0   0
WHISKE 040629 221025 13 F 1  60  42  53 1 1 248  3  0  70  46  87  23   0   0
WHISKE 040629 221026 13 F 2  57  37  48 1 1 315  6  0  62  42  89  48   0   0
WHISKE 040629 221027 13 F 1  63  33  33 1 1  23  5  0  63  40  75  33   0   0
WHISKE 040629 221028 13 F 1  62  33  34 1 1 113  4  0  66  42  63  27   0   0
ARBUCK 040632 221022 13 F 0  56  30  37 1 1 315 17  0  77  49  70  25   0   0
ARBUCK 040632 221023 13 F 0  55  24  31 1 1 360 13  0  56  40  70  31   0   0
ARBUCK 040632 221024 13 F 1  64  26  24 1 1 293 10  0  64  44  40  22   0   0
ARBUCK 040632 221025 13 F 2  57  41  57 1 1 270  6  0  66  49  73  24   0   0
ARBUCK 040632 221026 13 F 2  53  35  51 1 1 315  9  0  59  44  73  51   0   0
ARBUCK 040632 221027 13 F 1  59  29  32 1 1  23  6  0  59  42  65  32   0   0
ARBUCK 040632 221028 13 F 1  59  30  34 1 1 113  6  0  61  45  48  28   0   0
MULE M 040637 221022 13 F 0  63  28  27 1 1 338 12  0  80  56  63  21   0   0
MULE M 040637 221023 13 F 0  60  22  23 1 1 360 11  0  63  46  58  23   0   0
MULE M 040637 221024 13 F 1  68  27  22 1 1 360  5  0  68  49  41  20   0   0
MULE M 040637 221025 13 F 1  61  41  49 1 1 270  3  0  71  53  64  21   0   0
MULE M 040637 221026 13 F 2  59  36  43 1 1 315  5  0  63  48  67  43   0   0
MULE M 040637 221027 13 F 1  64  30  28 1 1 360  5  0  64  47  57  28   0   0
MULE M 040637 221028 13 F 1  63  31  30 1 1 113  4  0  66  49  47  25   0   0
EAGLE  040802 221022 13 F 0  54  27  35 1 1 338 24  0  71  51  58  27   0   0
EAGLE  040802 221023 13 F 0  50  22  34 1 1 360 21  0  54  43  46  34   0   0
EAGLE  040802 221024 13 F 1  61  25  26 1 1  45  8  0  61  47  34  24   0   0
EAGLE  040802 221025 13 F 1  55  40  59 1 1  90  4  0  61  51  60  26   0   0
EAGLE  040802 221026 13 F 2  50  34  56 1 1 360 11  0  55  47  61  47   0   0
EAGLE  040802 221027 13 F 1  56  28  35 1 1 360  8  0  56  47  56  35   0   0
EAGLE  040802 221028 13 F 1  56  30  38 1 1 113  5  0  56  48  40  29   0   0
CORNIN 040814 221022 13 F 0  68  36  31 1 1 338 18  0  83  56  85  27   0   0
CORNIN 040814 221023 13 F 0  65  26  23 1 1 338 20  0  68  46  67  23   0   0
CORNIN 040814 221024 13 F 1  72  26  18 1 1 338  8  0  72  45  55  18   0   0
CORNIN 040814 221025 13 F 1  67  41  39 1 1 360  4  0  74  48  66  16   0   0
CORNIN 040814 221026 13 F 1  63  40  44 1 1 338 11  0  69  47  94  37   0   0
CORNIN 040814 221027 13 F 1  67  34  30 1 1 338  9  0  67  45  77  30   0   0
CORNIN 040814 221028 13 F 1  68  35  30 1 1 158  4  0  70  44  65  26   0   0
THOMES 040816 221022 13 F 0  64  31  29 1 1 360 16  0  81  55  67  24   0   0
THOMES 040816 221023 13 F 0  60  25  27 1 1 360 17  0  64  46  57  27   0   0
THOMES 040816 221024 13 F 1  69  29  23 1 1  45  6  0  69  49  35  22   0   0
THOMES 040816 221025 13 F 1  64  43  48 1 1  90  4  0  72  52  69  22   0   0
THOMES 040816 221026 13 F 1  60  37  43 1 1 360  9  0  66  49  69  43   0   0
THOMES 040816 221027 13 F 1  65  32  30 1 1  23  6  0  65  48  55  30   0   0
THOMES 040816 221028 13 F 1  64  32  31 1 1 113  5  0  67  48  46  27   0   0
ALDER  041101 221022 13 F 0  52  25  36 1 1 338 19  0  72  45  74  26   0   0
ALDER  041101 221023 13 F 0  49  18  30 1 1 360 20  0  52  36  56  30   0   0
ALDER  041101 221024 13 F 1  59  20  22 1 1  68 10  0  59  41  31  18   0   0
ALDER  041101 221025 13 F 1  55  40  57 1 1 270  6  0  59  46  64  22   0   0
ALDER  041101 221026 13 F 1  49  34  56 1 1 360  9  0  55  41  63  56   0   0
ALDER  041101 221027 13 F 1  54  26  34 1 1  23  8  0  54  40  56  34   0   0
ALDER  041101 221028 13 F 1  54  27  36 1 1 135  6  0  54  42  38  34   0   0
SACRAM 041102 221022 13 F 0  70  36  29 1 1 338 19  0  86  53  96  27   0   0
SACRAM 041102 221023 13 F 0  67  31  26 1 1 338 25  0  71  48  61  25   0   0
SACRAM 041102 221024 13 F 1  72  28  20 1 1 360  9  0  72  47  50  20   0   0
SACRAM 041102 221025 13 F 1  70  45  41 1 1  90  5  0  76  46  72  16   0   0
SACRAM 041102 221026 13 F 1  66  42  42 1 1 338 10  0  73  45  92  37   0   0
SACRAM 041102 221027 13 F 1  69  37  31 1 1 360 10  0  69  46  72  31   0   0
SACRAM 041102 221028 13 F 1  69  37  32 1 1  68  4  0  73  44  70  25   0   0
HIGH G 041402 221022 13 F 1  51  26  38 1 1 338 13  0  70  49  74  25   0   0
HIGH G 041402 221023 13 F 0  50  19  29 1 1 360 13  0  51  39  59  29   0   0
HIGH G 041402 221024 13 F 1  59  22  24 1 1 270  4  0  59  45  34  22   0   0
HIGH G 041402 221025 13 F 1  53  41  64 1 1 270  8  0  59  48  64  24   0   0
HIGH G 041402 221026 13 F 1  48  31  52 1 1 315 11  0  53  43  64  52   0   0
HIGH G 041402 221027 13 F 1  55  24  30 1 1 338  5  0  55  42  52  30   0   0
HIGH G 041402 221028 13 F 2  54  24  32 1 1 158  4  0  55  46  36  30   0   0
STONYF 041503 221022 13 F 0  66  30  26 1 1 360 13  0  83  52  77  20   0   0
STONYF 041503 221023 13 F 0  61  22  23 1 1 360 17  0  66  42  61  23   0   0
STONYF 041503 221024 13 F 1  70  23  17 1 1  23  6  0  70  44  39  16   0   0
STONYF 041503 221025 13 F 1  68  43  41 1 1  68  5  0  73  48  75  17   0   0
STONYF 041503 221026 13 F 1  62  36  38 1 1 360  9  0  69  44  74  38   0   0
STONYF 041503 221027 13 F 1  65  28  25 1 1  23  8  0  65  45  59  25   0   0
STONYF 041503 221028 13 F 1  66  31  27 1 1 113  6  0  67  45  49  23   0   0
Count:    77  Zone Average:  61  31  34          9  0  67  46  64  28   0   0
Zone: 596
WHITMO 040615 221022 13 F 1  58  30  35 1 1 338 10  0  78  44  99  24   0   0
WHITMO 040615 221023 13 F 0  57  23  27 1 1  23 13  0  59  34  87  27   0   0
WHITMO 040615 221024 13 F 1  65  26  23 1 1 293  5  0  65  37  54  22   0   0
WHITMO 040615 221025 13 F 1  61  43  52 1 1 248  4  0  68  44  73  22   0   0
WHITMO 040615 221026 13 F 2  55  37  52 1 1 338  5  0  61  39  99  50   0   0
WHITMO 040615 221027 13 F 1  61  32  34 1 1 360  4  0  61  36  83  34   0   0
WHITMO 040615 221028 13 F 1  63  33  33 1 1 248  4  0  63  39  62  30   0   0
PANTHE 040805 221022 13 F 1  54  29  38 1 1 315 14  0  74  46  90  25   0   0
PANTHE 040805 221023 13 F 0  54  20  27 1 1 360 16  0  55  37  64  27   0   0
PANTHE 040805 221024 13 F 1  61  19  20 1 1 270  6  0  61  41  40  19   0   0
PANTHE 040805 221025 13 F 1  58  37  47 1 1 248  4  0  63  46  52  20   0   0
PANTHE 040805 221026 13 F 1  51  35  56 1 1 315  6  0  58  42  76  47   0   0
PANTHE 040805 221027 13 F 1  57  28  34 1 1 338  4  0  57  40  63  34   0   0
PANTHE 040805 221028 13 F 1  59  30  34 1 1 203  4  0  60  44  45  31   0   0
HUMBUG 040918 221022 13 F 2  40  21  48 1 1 315 16  0  61  37  90  26   0   0
HUMBUG 040918 221023 13 F 0  39   7  27 1 1  23 20  0  40  27  68  27   0   0
HUMBUG 040918 221024 13 F 1  50  14  24 1 1 203 11  0  50  31  46  23   0   0
HUMBUG 040918 221025 13 F 1  44  29  57 1 1 225  8  0  51  38  57  24   0   0
HUMBUG 040918 221026 13 F 2  39  25  57 1 1 338  9  0  44  34  75  57   0   0
HUMBUG 040918 221027 13 F 1  43  17  36 1 1  68  8  0  43  32  63  36   0   0
HUMBUG 040918 221028 13 F 1  46  20  36 1 1 180  8  0  46  34  48  35   0   0
BANGOR 041201 221022 13 F 0  65  38  38 1 1 293 13  0  81  56  81  29   0   0
BANGOR 041201 221023 13 F 0  64  26  24 1 1 338 13  0  65  44  58  24   0   0
BANGOR 041201 221024 13 F 1  67  30  25 1 1 270  5  0  67  46  42  21   0   0
BANGOR 041201 221025 13 F 2  65  37  36 1 1 225  4  0  70  50  47  23   0   0
BANGOR 041201 221026 13 F 1  61  42  51 1 1 293  8  0  67  49  77  36   0   0
BANGOR 041201 221027 13 F 0  65  35  33 1 1 293  5  0  65  46  58  33   0   0
BANGOR 041201 221028 13 F 1  66  36  34 1 1 225  4  0  68  48  47  29   0   0
COHASS 041211 221022 13 F 0  63  34  34 1 1 315 16  0  78  56  73  28   0   0
COHASS 041211 221023 13 F 0  60  23  24 1 1 338 16  0  63  47  50  24   0   0
COHASS 041211 221024 13 F 1  66  23  20 1 1 293  6  0  66  51  35  20   0   0
COHASS 041211 221025 13 F 1  63  38  40 1 1 225  5  0  68  54  40  19   0   0
COHASS 041211 221026 13 F 1  58  39  51 1 1 315  9  0  63  51  64  40   0   0
COHASS 041211 221027 13 F 0  62  32  33 1 1 315  6  0  62  50  51  33   0   0
COHASS 041211 221028 13 F 1  63  32  32 1 1 203  5  0  64  52  41  29   0   0
OPENSH 041215 221022 13 F 0  66  41  40 1 1 315 17  0  82  56  91  32   0   0
OPENSH 041215 221023 13 F 0  64  33  32 1 1 338 14  0  67  46  63  32   0   0
OPENSH 041215 221024 13 F 1  68  34  29 1 1 293  5  0  68  46  50  27   0   0
OPENSH 041215 221025 13 F 2  66  44  45 1 1 203  4  0  71  50  60  26   0   0
OPENSH 041215 221026 13 F 1  61  46  59 1 1 293  9  0  68  48  93  44   0   0
OPENSH 041215 221027 13 F 1  66  40  39 1 1 315  8  0  66  46  72  39   0   0
OPENSH 041215 221028 13 F 1  66  41  40 1 1 225  4  0  69  47  63  33   0   0
Count:    42  Zone Average:  59  31  37          9  0  63  44  64  30   0   0
Zone: 597
MANZAN 040609 221022 13 F 2  43  27  55 1 1 360 11  0  66  33 100  28   0   0
MANZAN 040609 221023 13 F 0  43  17  35 1 1  23 13  0  44  21 100  35   0   0
MANZAN 040609 221024 13 F 1  56  25  30 1 1 270 10  0  56  23  68  22   0   0
MANZAN 040609 221025 13 F 1  49  37  65 1 1 248  5  0  57  30  93  30   0   0
MANZAN 040609 221026 13 F 2  42  33  71 1 1 338  6  0  50  26 100  65   0   0
MANZAN 040609 221027 13 F 1  49  27  43 1 1  23  4  0  49  22 100  42   0   0
MANZAN 040609 221028 13 F 1  53  29  41 1 1 203  5  0  53  26  73  39   0   0
COLBY  040801 221022 13 F 1  43  26  52 1 1 315 14  0  64  42  83  28   0   0
COLBY  040801 221023 13 F 0  43  14  31 1 1  23 19  0  43  31  62  31   0   0
COLBY  040801 221024 13 F 1  54  17  23 1 1 248 10  0  54  35  42  19   0   0
COLBY  040801 221025 13 F 1  47  35  63 1 1 225  8  0  54  42  63  23   0   0
COLBY  040801 221026 13 F 2  42  31  65 1 1 338  8  0  47  38  69  61   0   0
COLBY  040801 221027 13 F 1  49  24  38 1 1  45  6  0  49  35  65  38   0   0
COLBY  040801 221028 13 F 1  50  26  40 1 1 180  6  0  50  38  40  38   0   0
LASSEN 040815 221022 13 F 1  55  28  36 1 1 315 11  0  76  45  83  22   0   0
LASSEN 040815 221023 13 F 0  55  20  26 1 1 360 12  0  56  35  60  26   0   0
LASSEN 040815 221024 13 F 1  65  21  19 1 1 270  6  0  65  40  40  18   0   0
LASSEN 040815 221025 13 F 1  59  38  46 1 1 248  4  0  66  46  48  19   0   0
LASSEN 040815 221026 13 F 1  53  34  50 1 1 338  6  0  59  40  70  46   0   0
LASSEN 040815 221027 13 F 1  60  29  31 1 1 338  3  0  60  38  58  31   0   0
LASSEN 040815 221028 13 F 1  61  30  32 1 1 203  5  0  61  42  41  30   0   0
CHESTE 040904 221022 13 F 1  51  25  37 1 1 338 12  0  74  37 100  21   0   0
CHESTE 040904 221023 13 F 0  49  17  28 1 1  23 14  0  52  22 100  28   0   0
CHESTE 040904 221024 13 F 1  61  22  23 1 1 248  8  0  61  22  85  22   0   0
CHESTE 040904 221025 13 F 1  57  35  44 1 1 248  6  0  64  29  92  21   0   0
CHESTE 040904 221026 13 F 2  48  30  51 1 1 338  8  0  58  27 100  41   0   0
CHESTE 040904 221027 13 F 1  54  27  35 1 1  90  5  0  54  24 100  35   0   0
CHESTE 040904 221028 13 F 1  58  27  31 1 1 180  6  0  58  24  90  29   0   0
SWAIN  040920 221022 13 F 1  43  17  36 1 1 338 13  0  68  32 100  19   0   0
SWAIN  040920 221023 13 F 0  41   7  25 1 1  23 16  0  43  18 100  25   0   0
SWAIN  040920 221024 13 F 1  54  16  22 1 1 270  9  0  54  18  82  20   0   0
SWAIN  040920 221025 13 F 1  51  28  41 1 1 248  8  0  56  27  84  22   0   0
SWAIN  040920 221026 13 F 2  41  22  48 1 1 338  8  0  51  23 100  40   0   0
SWAIN  040920 221027 13 F 1  46  17  32 1 1  90  5  0  46  19 100  32   0   0
SWAIN  040920 221028 13 F 1  52  19  27 1 1 180  6  0  52  20  81  27   0   0
CARPEN 041213 221022 13 F 1  50  27  42 1 1 315 16  0  71  46  77  25   0   0
CARPEN 041213 221023 13 F 0  51  14  23 1 1 360 17  0  51  37  52  23   0   0
CARPEN 041213 221024 13 F 1  60  17  19 1 1 248  8  0  60  41  37  18   0   0
CARPEN 041213 221025 13 F 1  53  34  49 1 1 225  4  0  60  47  49  19   0   0
CARPEN 041213 221026 13 F 1  49  32  52 1 1 315  6  0  53  42  65  49   0   0
CARPEN 041213 221027 13 F 1  55  24  31 1 1 360  4  0  55  40  52  31   0   0
CARPEN 041213 221028 13 F 1  56  27  33 1 1 180  5  0  56  43  38  31   0   0
Count:    42  Zone Average:  51  25  39          9  0  57  33  75  30   0   0
Zone: 599
QUINCY 040910 221022 13 F 1  57  29  35 1 1 338  9  0  80  42 100  19   0   0
QUINCY 040910 221023 13 F 0  54  18  24 1 1  45 10  0  58  24 100  24   0   0
QUINCY 040910 221024 13 F 1  66  26  22 1 1  23  4  0  66  23  95  19   0   0
QUINCY 040910 221025 13 F 1  63  37  38 1 1 225  5  0  69  30  90  18   0   0
QUINCY 040910 221026 13 F 2  55  31  41 1 1 315  4  0  64  31 100  36   0   0
QUINCY 040910 221027 13 F 1  59  26  29 1 1  45  4  0  59  25 100  29   0   0
QUINCY 040910 221028 13 F 1  63  28  27 1 1 203  4  0  63  25  99  24   0   0
CASHMA 040916 221022 13 F 1  52  25  35 1 1 360 10  0  75  43  90  17   0   0
CASHMA 040916 221023 13 F 0  49  14  25 1 1  45 13  0  53  28  83  25   0   0
CASHMA 040916 221024 13 F 1  61  20  21 1 1  45  5  0  61  28  68  20   0   0
CASHMA 040916 221025 13 F 1  58  31  37 1 1 225  5  0  64  37  64  18   0   0
CASHMA 040916 221026 13 F 2  49  25  40 1 1 315  4  0  59  34  96  36   0   0
CASHMA 040916 221027 13 F 1  54  22  29 1 1  45  4  0  54  29  86  29   0   0
CASHMA 040916 221028 13 F 1  58  23  26 1 1 203  4  0  58  31  70  25   0   0
JARBO  041214 221022 13 F 1  58  33  39 1 1 293 17  0  74  52  85  29   0   0
JARBO  041214 221023 13 F 0  56  22  27 1 1 360 16  0  58  44  52  27   0   0
JARBO  041214 221024 13 F 1  63  24  23 1 1 270  6  0  63  46  38  22   0   0
JARBO  041214 221025 13 F 1  58  37  46 1 1 225  5  0  63  52  46  22   0   0
JARBO  041214 221026 13 F 1  53  38  58 1 1 293  9  0  58  48  70  46   0   0
JARBO  041214 221027 13 F 1  60  32  35 1 1 315  5  0  60  47  58  35   0   0
JARBO  041214 221028 13 F 1  60  33  36 1 1 203  5  0  60  48  45  33   0   0
PIKE C 041701 221022 13 F 0  57  36  46 1 1 293 11  0  75  49 100  29   0   0
PIKE C 041701 221023 13 F 0  57  20  24 1 1 360 14  0  57  39  62  24   0   0
PIKE C 041701 221024 13 F 1  64  24  22 1 1 270  4  0  64  43  44  22   0   0
PIKE C 041701 221025 13 F 2  60  36  42 1 1 225  3  0  64  48  47  22   0   0
PIKE C 041701 221026 13 F 1  54  39  58 1 1 270  4  0  60  44  86  42   0   0
PIKE C 041701 221027 13 F 1  60  31  34 1 1 338  3  0  60  42  69  34   0   0
PIKE C 041701 221028 13 F 1  61  33  35 1 1 203  3  0  61  45  53  33   0   0
Count:    28  Zone Average:  58  28  34          7  0  63  39  75  27   0   0
 
 
 
End of WIMS Bulletin @ 21-OCT-22 23:01:22 GMT

