SHUS65 KMWI 212245
FWOVEF
Weather Information Management System (WIMS)
USDA National Information Technology Center (KMWI)
21-OCT-22 22:45:52 GMT
 
Listing of Forecasted Observations (Las Vegas, NV)
 
ST NME STAT'N   DATE HR T W DBT DPT  RH Y M DIR WS 10 TMX TMN HMX HMN PD1 PD2
------ ------ ------ -- - - --- --- --- - - --- -- -- --- --- --- ---  --  --
Stations not in a Zone:
HUNTER 044809 221022 13 F 1  60  24  25 1 1 203 14  0  66  38  44  16   0   0
HUNTER 044809 221023 13 F 1  44  11  26 1 1 360 14  0  61  29  63  25   1   0
HUNTER 044809 221024 13 F 0  47   4  17 1 1 360  8  0  47  25  48  17   0   0
HUNTER 044809 221025 13 F 1  52   7  16 1 1 113  6  0  52  29  35  13   0   0
HUNTER 044809 221026 13 F 1  51  15  24 1 1 158 10  0  54  31  43  13   0   0
HUNTER 044809 221027 13 F 0  47  11  23 1 1 360 13  0  52  28  60  22   0   0
HUNTER 044809 221028 13 F 0  48   6  18 1 1  90  8  0  48  27  46  18   0   0
NWS Office:  VEF/Zone: 301
LOGAN  020107 221022 13 F 1  56  33  42 1 2 225 26  0  60  43  70  29   0   0
LOGAN  020107 221023 13 F 1  39  14  37 2 2 293 12  0  56  34  85  37   7   1
LOGAN  020107 221024 13 F 0  38  16  42 1 1 338 11  0  39  26  71  35   0   0
LOGAN  020107 221025 13 F 0  49  18  30 1 1 270  8  0  49  29  63  30   0   0
LOGAN  020107 221026 13 F 1  49  18  30 1 1 225 13  0  50  35  52  29   0   0
LOGAN  020107 221027 13 F 1  40  19  44 1 1 315 13  0  49  33  64  30   1   1
LOGAN  020107 221028 13 F 1  45  16  31 1 1 225 10  0  45  27  63  31   0   0
OLAF   020108 221022 13 F 1  79  35  21 1 1 203 27  0  82  60  42  17   0   0
OLAF   020108 221023 13 F 1  60  20  21 1 2 315 10  0  79  48  63  21   6   1
OLAF   020108 221024 13 F 0  61  23  24 1 1 338 10  0  62  42  50  18   0   0
OLAF   020108 221025 13 F 0  68  25  20 1 1 270  6  0  68  45  43  20   0   0
OLAF   020108 221026 13 F 1  70  25  19 1 1 225 13  0  70  49  39  19   0   0
OLAF   020108 221027 13 F 1  61  26  27 1 1 338 12  0  70  47  49  19   1   0
OLAF   020108 221028 13 F 0  65  23  20 1 1 315  8  0  65  42  48  20   0   0
TWEEDY 020109 221022 13 F 1  66  33  30 1 2 225 29  0  71  55  45  23   0   0
TWEEDY 020109 221023 13 F 1  48  18  30 2 2 315 11  0  66  42  70  30   7   1
TWEEDY 020109 221024 13 F 0  50  22  33 1 1 338 10  0  50  36  56  25   0   0
TWEEDY 020109 221025 13 F 0  57  24  28 1 1 248  6  0  57  39  50  27   0   0
TWEEDY 020109 221026 13 F 1  59  23  25 1 1 225 14  0  59  43  45  25   0   0
TWEEDY 020109 221027 13 F 1  50  24  36 1 1 315 13  0  59  41  53  25   1   0
TWEEDY 020109 221028 13 F 0  55  19  25 1 1 338 10  0  55  36  54  25   0   0
NIXON  020113 221022 13 F 1  63  35  36 1 2 225 27  0  67  44  70  27   0   0
NIXON  020113 221023 13 F 1  44  18  35 2 2 315 12  0  63  35  92  35   7   1
NIXON  020113 221024 13 F 0  46  21  37 1 1 338 11  0  46  27  71  33   0   0
NIXON  020113 221025 13 F 0  55  23  29 1 1 270  8  0  55  30  63  27   0   0
NIXON  020113 221026 13 F 1  56  21  26 1 1 225 14  0  56  35  57  26   0   0
NIXON  020113 221027 13 F 1  47  23  40 1 1 315 13  0  56  33  66  26   1   1
NIXON  020113 221028 13 F 1  51  19  28 1 1 203 10  0  51  27  66  28   0   0
BLACKR 020114 221022 13 F 1  58  29  34 1 2 225 31  0  63  47  56  26   0   0
BLACKR 020114 221023 13 F 1  40  15  37 2 2 315 11  0  58  35  89  34  11   1
BLACKR 020114 221024 13 F 0  42  21  43 1 1 315 11  0  42  30  63  37   0   0
BLACKR 020114 221025 13 F 0  48  21  35 1 1 248  6  0  48  32  63  35   0   0
BLACKR 020114 221026 13 F 1  49  21  34 1 1 248 13  0  49  36  56  34   0   0
BLACKR 020114 221027 13 F 1  43  22  43 1 1 315 13  0  49  34  64  34   1   0
BLACKR 020114 221028 13 F 1  46  19  34 1 1 203 10  0  46  30  66  34   0   0
MOSSBA 020115 221022 13 F 1  63  44  50 1 1 203 18  0  68  46  76  31   0   0
MOSSBA 020115 221023 13 F 1  50  24  37 1 1 315 11  0  63  39 100  37   1   1
MOSSBA 020115 221024 13 F 0  51  19  28 1 1 338 11  0  51  30  63  28   0   0
MOSSBA 020115 221025 13 F 0  57  19  23 1 1 270  6  0  57  32  56  23   0   0
MOSSBA 020115 221026 13 F 1  58  20  23 1 1 203 12  0  58  36  48  23   0   0
MOSSBA 020115 221027 13 F 1  52  23  32 1 1 315 16  0  58  35  64  23   0   0
MOSSBA 020115 221028 13 F 1  56  20  25 1 1 270 10  0  56  31  63  25   0   0
UNION  020116 221022 13 F 1  75  43  32 1 1 180 20  0  79  60  51  20   0   0
UNION  020116 221023 13 F 1  61  21  22 1 1 338 12  0  76  53  61  22   1   0
UNION  020116 221024 13 F 0  61  18  19 1 1 360 14  0  61  46  37  19   0   0
UNION  020116 221025 13 F 0  67  19  16 1 1 293  8  0  67  46  37  16   0   0
UNION  020116 221026 13 F 0  68  21  17 1 1 180 13  0  68  50  28  15   0   0
UNION  020116 221027 13 F 0  62  23  23 1 1 338 16  0  68  49  44  16   0   0
UNION  020116 221028 13 F 0  63  22  21 1 1 338 13  0  63  45  40  21   0   0
HURRIC 020117 221022 13 F 2  68  30  25 1 2 225 26  0  72  49  61  19   0   0
HURRIC 020117 221023 13 F 1  48  17  29 2 2 315 12  0  68  39  82  25   7   1
HURRIC 020117 221024 13 F 0  49  21  33 1 1 338 11  0  49  30  69  27   0   0
HURRIC 020117 221025 13 F 0  58  20  23 1 1 270  6  0  58  32  63  23   0   0
HURRIC 020117 221026 13 F 1  59  21  23 1 1 248 14  0  59  37  59  23   0   0
HURRIC 020117 221027 13 F 1  50  22  33 1 1 315 13  0  59  37  64  23   1   0
HURRIC 020117 221028 13 F 0  55  17  23 1 1  68 10  0  55  30  69  23   0   0
MUSIC  020119 221022 13 F 1  67  41  39 1 1 203 25  0  72  50  63  24   0   0
MUSIC  020119 221023 13 F 1  51  19  29 1 1 315 11  0  67  42  86  29   2   1
MUSIC  020119 221024 13 F 0  53  20  28 1 1 338 11  0  53  33  56  27   0   0
MUSIC  020119 221025 13 F 0  60  21  22 1 1 270  6  0  60  34  58  22   0   0
MUSIC  020119 221026 13 F 1  62  21  21 1 1 225 16  0  62  39  44  20   0   0
MUSIC  020119 221027 13 F 1  53  24  33 1 1 315 16  0  62  38  59  21   0   0
MUSIC  020119 221028 13 F 0  58  20  23 1 1 315  9  0  58  33  61  23   0   0
TRUXTO 020120 221022 13 F 1  65  38  38 1 1 203 25  0  70  55  55  24   0   0
TRUXTO 020120 221023 13 F 1  48  18  30 1 1 315 11  0  65  45  68  30   5   1
TRUXTO 020120 221024 13 F 0  50  19  29 1 1 338 10  0  50  37  50  27   0   0
TRUXTO 020120 221025 13 F 0  57  19  23 1 1 293  6  0  57  40  46  23   0   0
TRUXTO 020120 221026 13 F 1  59  21  23 1 1 203 16  0  59  44  38  22   0   0
TRUXTO 020120 221027 13 F 1  50  22  34 1 1 315 14  0  59  43  53  23   0   0
TRUXTO 020120 221028 13 F 0  56  18  23 1 1 338  8  0  56  38  50  23   0   0
YELLOW 020217 221022 13 F 2  64  37  37 1 1 203 27  0  68  34 100  25   0   0
YELLOW 020217 221023 13 F 1  46  17  32 1 1 293 11  0  64  27 100  32   6   1
YELLOW 020217 221024 13 F 0  48  18  31 1 1 338 11  0  48  18 100  28   0   0
YELLOW 020217 221025 13 F 0  56  20  25 1 1 248  6  0  56  19  92  24   0   0
YELLOW 020217 221026 13 F 1  56  20  25 1 1 225 14  0  57  24  81  24   0   0
YELLOW 020217 221027 13 F 1  49  23  36 1 1 315 14  0  56  23 100  25   1   0
YELLOW 020217 221028 13 F 0  54  19  25 1 1 248  9  0  54  18  96  25   0   0
BUCKSK 020224 221022 13 F 1  64  32  31 1 1 248 29  0  68  43  70  21   0   0
BUCKSK 020224 221023 13 F 1  44  18  35 1 1 315 12  0  64  34 100  31   0   0
BUCKSK 020224 221024 13 F 0  47  17  31 1 1 315 11  0  47  25  78  31   0   0
BUCKSK 020224 221025 13 F 0  54  20  27 1 1 270 10  0  54  28  61  27   0   0
BUCKSK 020224 221026 13 F 1  56  21  26 1 1 248 13  0  56  33  64  26   0   0
BUCKSK 020224 221027 13 F 1  47  22  37 1 1 293 16  0  56  31  72  25   0   0
BUCKSK 020224 221028 13 F 1  51  17  26 1 1  90  9  0  51  25  71  26   0   0
Count:    84  Zone Average:  55  23  30         13  0  59  37  63  26   1   0
Zone: 311
HAVASU 020118 221022 13 F 1  86  47  26 1 1 180 16  0  92  60  75  18   0   0
HAVASU 020118 221023 13 F 1  72  29  21 1 1 338 11  0  88  58  75  21   0   0
HAVASU 020118 221024 13 F 0  72  23  16 1 1 360 16  0  74  50  44  16   0   0
HAVASU 020118 221025 13 F 0  76  23  14 1 1 293  6  0  76  47  49  14   0   0
HAVASU 020118 221026 13 F 0  79  25  14 1 1 180 11  0  79  49  44  12   0   0
HAVASU 020118 221027 13 F 0  73  28  19 1 1 338 16  0  81  52  52  13   0   0
HAVASU 020118 221028 13 F 0  75  27  17 1 1 338 13  0  75  48  52  17   0   0
KINCAN 250203 221022 13 F 1  75  22  14 1 1 225 24  0  75  51  28  13   0   0
KINCAN 250203 221023 13 F 2  56  33  42 1 1 338 14  0  77  47  50  13   0   0
KINCAN 250203 221024 13 F 1  39  21  50 1 1 315 21  0  56  33  79  42   0   0
KINCAN 250203 221025 13 F 1  51  25  37 1 1 315 16  0  51  32  63  37   0   0
KINCAN 250203 221026 13 F 1  52  27  38 1 1 225 14  0  52  33  69  37   0   0
KINCAN 250203 221027 13 F 2  46  27  49 1 1 360 11  0  52  35  75  38   0   0
KINCAN 250203 221028 13 F 1  47  25  43 1 1 293 11  0  47  31  78  43   0   0
Count:    14  Zone Average:  64  27  29         14  0  70  45  60  24   0   0
Zone: 460
BUDDY  261408 221022 13 F 2  68  25  20 1 1 180 13  0  76  50  52  12   0   0
BUDDY  261408 221023 13 F 1  54  11  18 1 1 338 17  0  70  40  44  18   2   0
BUDDY  261408 221024 13 F 0  58   7  13 1 1 338 12  0  58  35  47  13   0   0
BUDDY  261408 221025 13 F 1  65  11  12 1 1 203  8  0  65  40  30  11   0   0
BUDDY  261408 221026 13 F 1  62  16  17 1 1 180 11  0  65  42  39  12   0   0
BUDDY  261408 221027 13 F 0  56  14  19 1 1 338 16  0  63  38  52  16   0   0
BUDDY  261408 221028 13 F 0  61   8  12 1 1 158 10  0  61  36  43  12   0   0
Count:     7  Zone Average:  61  13  16         13  0  66  40  44  14   0   0
Zone: 461
COYOTE 261603 221022 13 F 2  60  29  31 1 1 203 18  0  73  42  60  12   0   0
COYOTE 261603 221023 13 F 1  45  13  27 1 1 338 14  0  61  28  73  27   8   0
COYOTE 261603 221024 13 F 0  50  13  23 1 1 315  8  0  50  24  71  23   0   0
COYOTE 261603 221025 13 F 1  59  20  22 1 1 248  6  0  59  30  53  20   0   0
COYOTE 261603 221026 13 F 1  57  17  21 1 1 225 13  0  60  33  58  20   0   0
COYOTE 261603 221027 13 F 1  49  17  28 1 1 338 11  0  57  28  75  21   2   0
COYOTE 261603 221028 13 F 1  53  11  19 1 1 180  6  0  53  25  65  19   0   0
KANE S 261604 221022 13 F 2  67  31  27 1 1 203 11  0  75  54  47  16   0   0
KANE S 261604 221023 13 F 1  52  15  23 1 1 338 13  0  68  44  50  23   9   0
KANE S 261604 221024 13 F 0  55  17  23 1 1 360  9  0  55  41  42  22   0   0
KANE S 261604 221025 13 F 1  61  20  21 1 1 203  5  0  61  44  36  20   0   0
KANE S 261604 221026 13 F 1  60  23  24 1 1 180 11  0  62  48  35  20   0   0
KANE S 261604 221027 13 F 0  55  19  25 1 1 338 13  0  60  44  47  23   1   0
KANE S 261604 221028 13 F 0  58  17  20 1 1  90  6  0  58  40  42  20   0   0
IMMIGR 261608 221022 13 F 2  61  30  31 1 1 203 20  0  70  44  60  15   0   0
IMMIGR 261608 221023 13 F 1  43  15  32 1 1 338 12  0  61  30  79  31  11   1
IMMIGR 261608 221024 13 F 0  48  17  29 1 1 360  8  0  48  25  74  29   0   0
IMMIGR 261608 221025 13 F 1  56  21  26 1 1 248  6  0  56  30  56  26   0   0
IMMIGR 261608 221026 13 F 2  55  19  25 1 1 225 13  0  57  35  54  25   0   0
IMMIGR 261608 221027 13 F 1  46  19  34 1 1 360 11  0  55  30  69  25   2   0
IMMIGR 261608 221028 13 F 1  52  16  24 1 1  90  6  0  52  25  65  24   0   0
Count:    21  Zone Average:  54  19  26         11  0  60  36  58  22   2   0
Zone: 463
WAMP S 261710 221022 13 F 1  62  24  24 1 1 225 24  0  69  35  72  18   0   0
WAMP S 261710 221023 13 F 1  48   9  21 1 1 338 12  0  63  26  96  21   2   0
WAMP S 261710 221024 13 F 0  49  12  23 1 1 338 10  0  49  20  81  18   0   0
WAMP S 261710 221025 13 F 0  55  15  21 1 1 158  6  0  55  21  62  20   0   0
WAMP S 261710 221026 13 F 1  54  18  24 1 1 180 11  0  56  23  71  20   0   0
WAMP S 261710 221027 13 F 0  50  17  27 1 1 338 16  0  56  23  88  22   0   0
WAMP S 261710 221028 13 F 1  50  11  21 1 1  45  9  0  51  20  74  21   0   0
Count:     7  Zone Average:  53  15  23         13  0  57  24  78  20   0   0
Zone: 464
KYLE   261702 221022 13 F 1  58  31  37 1 1 225 35  0  66  44  47  26   0   0
KYLE   261702 221023 13 F 1  45  14  29 1 1 338 12  0  58  32  89  29   2   0
KYLE   261702 221024 13 F 0  46  13  27 1 1 315 11  0  46  27  57  27   0   0
KYLE   261702 221025 13 F 1  54  19  25 1 1 180  8  0  55  33  40  23   0   0
KYLE   261702 221026 13 F 1  53  23  31 1 1 225 11  0  54  35  44  25   0   0
KYLE   261702 221027 13 F 1  47  20  34 1 1 338 16  0  53  30  61  31   0   0
KYLE   261702 221028 13 F 1  50  15  25 1 1 180  9  0  50  29  49  25   0   0
MT SPR 261708 221022 13 F 1  65  30  27 1 1 225 34  0  71  49  54  21   0   0
MT SPR 261708 221023 13 F 1  51  13  22 1 1 315 11  0  65  38  77  22   2   0
MT SPR 261708 221024 13 F 0  50  13  23 1 1 338 10  0  51  33  49  21   0   0
MT SPR 261708 221025 13 F 0  58  13  17 1 1 203  8  0  58  37  38  17   0   0
MT SPR 261708 221026 13 F 1  58  20  23 1 1 225 16  0  58  40  41  17   0   0
MT SPR 261708 221027 13 F 0  52  17  25 1 1 338 16  0  58  35  59  23   0   0
MT SPR 261708 221028 13 F 0  54  13  20 1 1  90 10  0  54  34  45  20   0   0
Count:    14  Zone Average:  53  18  26         15  0  57  36  54  23   0   0
Zone: 465
RED RO 261705 221022 13 F 1  74  30  20 1 1 225 29  0  80  55  43  15   0   0
RED RO 261705 221023 13 F 1  58  14  18 1 1 360 13  0  74  46  63  18   2   0
RED RO 261705 221024 13 F 0  59  14  17 1 1 360 10  0  59  39  39  16   0   0
RED RO 261705 221025 13 F 0  66  15  14 1 1 158  6  0  66  43  29  14   0   0
RED RO 261705 221026 13 F 1  66  22  19 1 1 203 14  0  67  45  33  13   0   0
RED RO 261705 221027 13 F 0  60  20  21 1 1 360 16  0  67  43  43  19   0   0
RED RO 261705 221028 13 F 0  62  15  16 1 1  68  8  0  62  40  36  16   0   0
ASH ME 261711 221022 13 F 1  83  32  16 1 1 203 19  0  87  53  52  12   0   0
ASH ME 261711 221023 13 F 1  67  14  13 1 1 338 14  0  83  47  41  13   2   0
ASH ME 261711 221024 13 F 0  67  14  13 1 1 338  8  0  67  39  42  12   0   0
ASH ME 261711 221025 13 F 0  72  12  10 1 1 203  4  0  72  39  35  10   0   0
ASH ME 261711 221026 13 F 1  72  20  14 1 1 180 11  0  75  42  36   8   0   0
ASH ME 261711 221027 13 F 0  67  19  16 1 1 338 12  0  74  42  48  13   0   0
ASH ME 261711 221028 13 F 0  69  16  13 1 1 360  6  0  70  38  42  12   0   0
Count:    14  Zone Average:  67  18  16         12  0  72  44  42  14   0   0
Zone: 517
OWENS  044803 221022 13 F 1  69  32  26 1 1 270 16  0  78  50  36  12   0   0
OWENS  044803 221023 13 F 0  52  16  24 1 1 360 12  0  69  33  58  24   1   0
OWENS  044803 221024 13 F 0  63   9  12 1 1  23  6  0  63  32  41  12   0   0
OWENS  044803 221025 13 F 1  69  25  19 1 1 293  8  0  69  42  44  11   0   0
OWENS  044803 221026 13 F 1  64  19  18 1 1 270 14  0  71  41  48  18   0   0
OWENS  044803 221027 13 F 0  58  13  17 1 1  23 10  0  64  32  58  17   0   0
OWENS  044803 221028 13 F 1  63  14  15 1 1  90  6  0  63  36  38  15   0   0
OAK CR 044804 221022 13 F 2  68  32  27 1 1 270 26  0  76  55  28  13   0   0
OAK CR 044804 221023 13 F 1  53  16  23 1 1 360 13  0  68  38  46  23   1   0
OAK CR 044804 221024 13 F 0  62   8  12 1 1  45  6  0  62  37  33  12   0   0
OAK CR 044804 221025 13 F 1  69  20  16 1 1 158  8  0  69  47  28  12   0   0
OAK CR 044804 221026 13 F 1  63  20  19 1 1 270 11  0  69  46  35  16   0   0
OAK CR 044804 221027 13 F 0  58  13  17 1 1  23  8  0  63  38  44  17   0   0
OAK CR 044804 221028 13 F 1  64  13  14 1 1 135  6  0  64  42  26  14   0   0
Count:    14  Zone Average:  63  18  19         11  0  68  41  40  16   0   0
Zone: 543
OPAL M 045127 221022 13 F 1  71  41  34 1 1 248 25  0  82  57  53  13   0   0
OPAL M 045127 221023 13 F 1  62  22  22 1 1 360  9  0  71  47  72  22   0   0
OPAL M 045127 221024 13 F 0  64  10  12 1 1 360  9  0  64  45  31  12   0   0
OPAL M 045127 221025 13 F 0  68  13  12 1 1 225  6  0  68  47  23  11   0   0
OPAL M 045127 221026 13 F 0  69  27  21 1 1 248 17  0  70  49  36  11   0   0
OPAL M 045127 221027 13 F 0  63  20  19 1 1 360 11  0  69  46  51  19   0   0
OPAL M 045127 221028 13 F 1  66  13  13 1 1  68  8  0  66  45  31  13   0   0
MID HI 045128 221022 13 F 1  67  30  25 1 1 248 20  0  70  50  54  25   0   0
MID HI 045128 221023 13 F 1  50  18  28 1 1 315 13  0  67  39  93  25   0   0
MID HI 045128 221024 13 F 0  50  12  22 1 1 338 14  0  50  33  47  22   0   0
MID HI 045128 221025 13 F 0  59  12  16 1 1 248  9  0  59  37  37  16   0   0
MID HI 045128 221026 13 F 1  59  22  24 1 1 248 16  0  60  41  36  15   0   0
MID HI 045128 221027 13 F 0  52  19  28 1 1 338 16  0  59  36  61  24   0   0
MID HI 045128 221028 13 F 1  55  15  21 1 1 360 11  0  55  36  46  21   0   0
HORSE  045129 221022 13 F 1  71  31  23 1 1 225 28  0  77  57  40  18   0   0
HORSE  045129 221023 13 F 1  57  15  19 1 1 315 16  0  71  48  59  19   1   0
HORSE  045129 221024 13 F 0  58  13  17 1 1 315 10  0  58  40  34  17   0   0
HORSE  045129 221025 13 F 0  64  12  13 1 1 248  8  0  64  45  24  13   0   0
HORSE  045129 221026 13 F 1  63  22  21 1 1 225 16  0  64  48  26  13   0   0
HORSE  045129 221027 13 F 0  59  19  21 1 1 315 16  0  63  43  41  21   0   0
HORSE  045129 221028 13 F 1  61  14  16 1 1 315 10  0  61  42  32  16   0   0
LOST H 045614 221022 13 F 1  69  40  35 1 1 248 20  0  78  49  68  21   0   0
LOST H 045614 221023 13 F 1  60  30  32 1 1 338 12  0  69  41 100  32   0   0
LOST H 045614 221024 13 F 0  60  12  15 1 1 360 11  0  60  38  42  15   0   0
LOST H 045614 221025 13 F 0  67  12  12 1 1 180  8  0  67  39  30  11   0   0
LOST H 045614 221026 13 F 1  68  26  21 1 1 225 10  0  68  43  45  12   0   0
LOST H 045614 221027 13 F 0  60  22  23 1 1 338 16  0  68  41  70  21   0   0
LOST H 045614 221028 13 F 1  63  18  18 1 1 360  9  0  63  38  48  17   0   0
Count:    28  Zone Average:  62  20  21         13  0  66  44  48  18   0   0
 
 
 
End of WIMS Bulletin @ 21-OCT-22 22:45:53 GMT

