SHUS66 KMWI 212245
FWOPQR
Weather Information Management System (WIMS)
USDA National Information Technology Center (KMWI)
21-OCT-22 22:45:53 GMT
 
Listing of Forecasted Observations (Portland, OR)
 
ST NME STAT'N   DATE HR T W DBT DPT  RH Y M DIR WS 10 TMX TMN HMX HMN PD1 PD2
------ ------ ------ -- - - --- --- --- - - --- -- -- --- --- --- ---  --  --
NWS Office:  PQR/Zone: 601
TILLAM 350208 221022 13 F 8  50  48  95 2 3   0  8  0  56  46 100  80  16   6
TILLAM 350208 221023 13 F 2  58  46  65 3 1   0  1  0  58  40 100  65   9   0
TILLAM 350208 221024 13 F 6  56  55  98 1 1   0  7  0  58  47  98  64   6   8
TILLAM 350208 221025 13 F 6  54  49  84 1 2   0  8  0  56  42  98  84  13   7
TILLAM 350208 221026 13 F 2  55  47  76 2 1   0  2  0  55  45  96  76  16   4
TILLAM 350208 221027 13 F 2  56  47  73 1 1   0  4  0  56  46  97  72   0   0
TILLAM 350208 221028 13 F 2  57  50  78 1 1   0  4  0  57  45  97  73   0   0
CEDAR  350215 221022 13 F 8  42  41  98 2 3   0  2  0  50  41  99  92  16   6
CEDAR  350215 221023 13 F 1  47  40  78 3 1   0  1  0  47  35  99  78   9   0
CEDAR  350215 221024 13 F 6  52  51 100 1 1   0  8  0  52  42 100  64   6   8
CEDAR  350215 221025 13 F 6  45  43  93 1 1   0 12  0  52  42 100  92  13   7
CEDAR  350215 221026 13 F 2  44  42  96 1 1   0  2  0  45  40  96  93  16   4
CEDAR  350215 221027 13 F 2  50  41  73 1 1   0  4  0  50  42  98  72   0   0
CEDAR  350215 221028 13 F 2  52  43  72 1 1   0  7  0  52  47  74  67   0   0
Count:    14  Zone Average:  51  46  84          5  0  53  43  97  77   9   4
Zone: 602
TIDEWA 350113 221022 13 F 8  42  41  98 2 2   0  8  0  49  42 100  84  16   6
TIDEWA 350113 221023 13 F 1  49  36  63 2 1   0  1  0  49  38  97  63   5   0
TIDEWA 350113 221024 13 F 6  51  51 100 1 1   0  9  0  51  43 100  63   6   8
TIDEWA 350113 221025 13 F 6  49  48  99 1 1   0  9  0  51  42 100  91  13   7
TIDEWA 350113 221026 13 F 2  47  45  96 1 1   0  4  0  49  39  99  96  16   0
TIDEWA 350113 221027 13 F 2  56  46  71 1 1   0  7  0  56  43  96  71   0   0
TIDEWA 350113 221028 13 F 2  57  48  73 1 1   0  7  0  57  47  86  70   0   0
SOUTH  350216 221022 13 F 8  43  42  98 2 2   0  0  0  51  42  99  82  14   7
SOUTH  350216 221023 13 F 1  49  36  63 2 1   0  1  0  49  38  97  63   5   0
SOUTH  350216 221024 13 F 6  51  50  98 1 1   0  3  0  51  43  98  63   6   8
SOUTH  350216 221025 13 F 6  49  48 100 1 1   0  4  0  51  43 100  84  13   7
SOUTH  350216 221026 13 F 2  48  46  96 1 1   0  2  0  49  40 100  94  16   0
SOUTH  350216 221027 13 F 2  54  43  67 1 1   0  3  0  54  43  97  67   0   0
SOUTH  350216 221028 13 F 2  53  43  70 1 1   0  3  0  54  46  78  66   0   0
MILLER 350308 221022 13 F 8  44  41  90 1 2   0  8  0  56  42  99  74  13   5
MILLER 350308 221023 13 F 1  52  38  60 2 1   0  0  0  52  36  94  60   0   0
MILLER 350308 221024 13 F 6  53  52  97 1 1   0  4  0  53  43  98  60   6   8
MILLER 350308 221025 13 F 6  51  47  88 1 1   0  4  0  53  40  98  88  13   7
MILLER 350308 221026 13 F 2  53  48  86 1 1   0  2  0  53  43  98  86  16   0
MILLER 350308 221027 13 F 2  56  47  72 1 1   0  3  0  56  43  96  72   0   0
MILLER 350308 221028 13 F 2  57  48  72 1 1   0  3  0  57  42  95  71   0   0
RYE MO 350505 221022 13 F 8  43  41  94 2 2   0  2  0  56  42 100  85  14   7
RYE MO 350505 221023 13 F 1  51  40  66 2 1   0  1  0  51  39 100  66   9   0
RYE MO 350505 221024 13 F 6  52  51 100 1 1   0  4  0  52  43 100  65   2   8
RYE MO 350505 221025 13 F 6  47  46  98 1 1   0  8  0  52  42 100  93   9   4
RYE MO 350505 221026 13 F 2  48  45  91 1 1   0  2  0  48  40  98  91  16   0
RYE MO 350505 221027 13 F 2  56  47  72 1 1   0  4  0  56  43  91  72   0   0
RYE MO 350505 221028 13 F 2  59  49  71 1 1   0  4  0  59  45  83  68   0   0
CHANDL 351711 221022 13 F 8  45  43  94 2 3   0  5  0  54  45  99  73  13   7
CHANDL 351711 221023 13 F 1  54  42  64 3 1   0  1  0  54  39  97  63   9   0
CHANDL 351711 221024 13 F 6  52  51  97 1 1   0  3  0  54  46  99  62   2   8
CHANDL 351711 221025 13 F 6  51  49  94 1 1   0  8  0  53  45  99  92   9   4
CHANDL 351711 221026 13 F 2  51  48  90 1 1   0  2  0  51  43  97  89  16   0
CHANDL 351711 221027 13 F 2  58  47  69 1 1   0  3  0  58  46  91  69   0   0
CHANDL 351711 221028 13 F 2  57  48  73 1 1   0  3  0  58  48  82  69   0   0
Count:    35  Zone Average:  51  46  84          4  0  53  43  96  75   7   3
Zone: 603
ROCKHO 351710 221022 13 F 8  42  37  85 2 2   0 10  0  60  42  95  70  12   7
ROCKHO 351710 221023 13 F 1  52  39  63 2 1   0  1  0  52  38  93  63   8   0
ROCKHO 351710 221024 13 F 6  51  50  97 1 1   0  8  0  52  45  97  61   2   8
ROCKHO 351710 221025 13 F 6  48  44  89 1 1   0  8  0  51  45  97  87   9   4
ROCKHO 351710 221026 13 F 2  47  43  87 1 1   0  4  0  48  41  95  87  16   0
ROCKHO 351710 221027 13 F 2  57  46  69 1 1   0  4  0  57  45  87  69   0   0
ROCKHO 351710 221028 13 F 2  57  44  62 1 1   0  7  0  57  48  77  59   0   0
WILKIN 351811 221022 13 F 8  47  44  91 2 3   0  3  0  56  46  99  69  13   7
WILKIN 351811 221023 13 F 1  52  40  65 3 1   0  1  0  52  40  99  65  10   0
WILKIN 351811 221024 13 F 6  51  49  94 1 1   0  3  0  52  45  95  63   2   8
WILKIN 351811 221025 13 F 6  53  50  92 1 1   0  7  0  53  45  99  92   9   3
WILKIN 351811 221026 13 F 2  51  49  95 1 1   0  2  0  53  44  99  92  15   4
WILKIN 351811 221027 13 F 1  55  45  70 1 1   0  1  0  55  47  95  70   0   0
WILKIN 351811 221028 13 F 2  56  47  74 1 1   0  2  0  56  47  90  70   0   0
GELLAT 351814 221022 13 F 8  50  45  83 2 3   0  7  0  56  45  99  68  12   6
GELLAT 351814 221023 13 F 1  56  43  62 3 1   0  0  0  56  39  99  62   0   0
GELLAT 351814 221024 13 F 6  51  50  97 1 1   0  4  0  56  44 100  59   2   8
GELLAT 351814 221025 13 F 6  51  46  83 1 1   0  8  0  51  42  98  83   9   3
GELLAT 351814 221026 13 F 2  51  44  79 1 1   0  2  0  51  42  98  79  15   0
GELLAT 351814 221027 13 F 2  54  46  76 1 1   0  2  0  54  44 100  74   0   0
GELLAT 351814 221028 13 F 2  56  47  73 1 1   0  3  0  56  42  99  71   0   0
VILLAG 352547 221022 13 F 8  48  44  87 2 3   0  4  0  61  45  97  59  13   7
VILLAG 352547 221023 13 F 1  53  41  64 3 1   0  0  0  53  38  99  64  14   0
VILLAG 352547 221024 13 F 6  53  49  89 1 1   0  3  0  54  45  89  60   2   7
VILLAG 352547 221025 13 F 6  54  49  84 1 1   0  4  0  54  44  98  84   9   3
VILLAG 352547 221026 13 F 2  53  46  79 1 1   0  2  0  54  45  98  79  15   6
VILLAG 352547 221027 13 F 1  58  48  71 1 1   0  2  0  58  47  93  71   0   0
VILLAG 352547 221028 13 F 2  57  47  71 1 1   0  2  0  58  45  90  69   0   0
HIGH P 352550 221022 13 F 8  49  45  88 2 3   0  5  0  59  44 100  62  13   7
HIGH P 352550 221023 13 F 1  51  40  68 3 1   0  1  0  51  38  99  68  14   0
HIGH P 352550 221024 13 F 6  50  47  92 1 1   0  7  0  53  43  96  61   0   7
HIGH P 352550 221025 13 F 2  54  49  84 1 1   0  4  0  54  43 100  84   9   0
HIGH P 352550 221026 13 F 2  49  42  77 1 1   0  2  0  54  42 100  77  15   7
HIGH P 352550 221027 13 F 1  54  46  75 1 1   0  2  0  54  46 100  70   0   0
HIGH P 352550 221028 13 F 2  55  46  73 1 1   0  2  0  55  43  95  72   0   0
DEVILS 353047 221022 13 F 8  52  45  78 2 3   0  5  0  62  46 100  62  12   6
DEVILS 353047 221023 13 F 1  56  44  65 3 1   0  1  0  56  40 100  65  14   0
DEVILS 353047 221024 13 F 6  53  50  91 1 1   0  2  0  56  44  92  61   0   7
DEVILS 353047 221025 13 F 2  55  50  84 1 1   0  3  0  55  46 100  84   9   0
DEVILS 353047 221026 13 F 2  53  45  76 1 1   0  2  0  55  44 100  76  15   7
DEVILS 353047 221027 13 F 1  57  47  71 1 1   0  1  0  57  47 100  71   0   0
DEVILS 353047 221028 13 F 2  60  49  67 1 1   0  1  0  60  44  95  66   0   0
Count:    42  Zone Average:  53  46  79          3  0  55  44  97  71   7   3
Zone: 604
FINLEY 351813 221022 13 F 3  54  44  70 2 3   0  6  0  63  45  95  58  11   6
FINLEY 351813 221023 13 F 1  57  42  59 3 1   0  0  0  57  41  96  59   8   0
FINLEY 351813 221024 13 F 6  55  51  88 1 1   0  3  0  57  46  92  56   2   8
FINLEY 351813 221025 13 F 6  56  50  81 1 1   0  4  0  56  43  97  81   9   3
FINLEY 351813 221026 13 F 2  55  47  76 1 1   0  2  0  56  46  97  76  15   7
FINLEY 351813 221027 13 F 1  58  48  71 1 1   0  2  0  58  46  98  71   0   0
FINLEY 351813 221028 13 F 2  60  50  70 1 1   0  2  0  60  46  93  68   0   0
WILLOW 352561 221022 13 F 3  58  48  70 2 3   0  5  0  63  46  97  60  11   5
WILLOW 352561 221023 13 F 1  54  40  60 3 1   0  1  0  54  39  96  60  14   0
WILLOW 352561 221024 13 F 6  52  48  89 1 1   0  3  0  55  44  94  57   0   7
WILLOW 352561 221025 13 F 2  55  50  84 1 1   0  4  0  55  44 100  84   9   0
WILLOW 352561 221026 13 F 2  53  47  80 1 1   0  2  0  56  45  99  80  15   7
WILLOW 352561 221027 13 F 1  56  47  72 1 1   0  2  0  56  45 100  72   0   0
WILLOW 352561 221028 13 F 2  56  47  72 1 1   0  2  0  57  42  97  69   0   0
PORTLA 451306 221022 13 F 8  55  46  74 1 2   0  4  0  59  49  95  74  16   8
Count:    15  Zone Average:  56  47  75          3  0  58  45  97  68   7   4
Zone: 602
PORTLA 451306 221022 13 F 8  55  46  74 1 2   0  4  0  59  49  95  74  16   8
PORTLA 451306 221023 13 F 2  56  44  66 2 1   0  2  0  56  45  95  66   5   0
Count:     2  Zone Average:  56  45  70          3  0  58  47  95  70  11   4
Zone: 604
PORTLA 451306 221023 13 F 2  56  44  66 2 1   0  2  0  56  45  95  66   5   0
Count:     1  Zone Average:  56  44  66          2  0  56  45  95  66   5   0
Zone: 602
PORTLA 451306 221024 13 F 2  55  49  82 1 1   0  3  0  56  48  88  61   3   6
Count:     1  Zone Average:  55  49  82          3  0  56  48  88  61   3   6
Zone: 604
PORTLA 451306 221024 13 F 2  55  49  82 1 1   0  3  0  56  48  88  61   3   6
Count:     1  Zone Average:  55  49  82          3  0  56  48  88  61   3   6
Zone: 602
PORTLA 451306 221025 13 F 2  56  51  84 1 1   0  4  0  57  46  98  81   0   0
Count:     1  Zone Average:  56  51  84          4  0  57  46  98  81   0   0
Zone: 604
PORTLA 451306 221025 13 F 2  56  51  84 1 1   0  4  0  57  46  98  81   0   0
Count:     1  Zone Average:  56  51  84          4  0  57  46  98  81   0   0
Zone: 602
PORTLA 451306 221026 13 F 2  56  52  87 1 1   0  4  0  57  49  95  82  15   6
Count:     1  Zone Average:  56  52  87          4  0  57  49  95  82  15   6
Zone: 604
PORTLA 451306 221026 13 F 2  56  52  87 1 1   0  4  0  57  49  95  82  15   6
PORTLA 451306 221027 13 F 2  57  50  80 1 1   0  4  0  57  49  96  80   0   0
Count:     2  Zone Average:  57  51  84          4  0  57  49  96  81   8   3
Zone: 602
PORTLA 451306 221027 13 F 2  57  50  80 1 1   0  4  0  57  49  96  80   0   0
Count:     1  Zone Average:  57  50  80          4  0  57  49  96  80   0   0
Zone: 605
HORSE  350727 221022 13 F 8  39  38  97 1 2   0  3  0  51  37 100  75  14   7
HORSE  350727 221023 13 F 2  45  38  77 2 1   0  2  0  45  35 100  77  10   0
HORSE  350727 221024 13 F 6  43  40  92 1 1   0  8  0  48  38  93  57   0   7
HORSE  350727 221025 13 F 6  41  37  86 1 1   0  8  0  45  40 100  83   9   3
HORSE  350727 221026 13 F 2  43  37  81 1 1   0  4  0  43  35  97  81  15   6
HORSE  350727 221027 13 F 2  47  39  74 1 1   0  4  0  48  40  83  74   0   0
HORSE  350727 221028 13 F 2  50  34  56 1 1   0  4  0  52  40  74  55   0   0
EAGLE  350728 221022 13 F 8  49  45  89 1 2   0  7  0  55  44 100  78  13   6
EAGLE  350728 221023 13 F 2  52  42  70 2 1   0  1  0  52  42  99  70   9   0
EAGLE  350728 221024 13 F 6  52  50  93 1 1   0  2  0  56  46  97  63   2   8
EAGLE  350728 221025 13 F 6  50  46  88 1 1   0  4  0  54  43  98  88   9   3
EAGLE  350728 221026 13 F 2  51  45  82 1 1   0  2  0  51  44  98  82  15   0
EAGLE  350728 221027 13 F 2  53  47  80 1 1   0  2  0  53  46  98  79   0   0
EAGLE  350728 221028 13 F 2  55  46  73 1 1   0  2  0  55  45  87  73   0   0
Count:    14  Zone Average:  48  42  81          4  0  51  41  95  74   7   3
Zone: 606
YELLOW 352024 221022 13 F 8  41  39  96 2 2   0  5  0  54  38 100  63  13   7
YELLOW 352024 221023 13 F 2  49  42  78 2 1   0  1  0  49  37 100  78  14   0
YELLOW 352024 221024 13 F 6  47  42  85 1 1   0  3  0  49  38  89  58   0   7
YELLOW 352024 221025 13 F 2  48  42  81 1 1   0  4  0  48  39  99  81   9   0
YELLOW 352024 221026 13 F 2  46  41  83 1 1   0  2  0  48  37  96  81  15   6
YELLOW 352024 221027 13 F 1  54  42  66 1 1   0  2  0  54  41  83  66   0   0
YELLOW 352024 221028 13 F 2  56  39  54 1 1   0  1  0  56  42  73  54   0   0
JORDAN 352025 221022 13 F 8  52  47  86 1 3   0  6  0  59  45 100  70  11   5
JORDAN 352025 221023 13 F 1  53  42  67 3 1   0  1  0  53  40  99  67  14   0
JORDAN 352025 221024 13 F 6  52  49  91 1 1   0  2  0  56  44 100  61   2   7
JORDAN 352025 221025 13 F 6  52  47  83 1 1   0  4  0  54  43  98  83   9   3
JORDAN 352025 221026 13 F 2  51  45  80 1 1   0  2  0  53  44  99  80  15   6
JORDAN 352025 221027 13 F 2  53  44  73 1 1   0  2  0  53  44 100  73   0   0
JORDAN 352025 221028 13 F 2  55  46  72 1 1   0  2  0  55  43  97  70   0   0
TROUT  352552 221022 13 F 8  47  43  88 2 3   0 10  0  56  42  98  66  13   7
TROUT  352552 221023 13 F 1  47  39  76 3 1   0  1  0  47  37 100  76  15   0
TROUT  352552 221024 13 F 6  45  41  86 1 1   0  4  0  49  38  86  64   0   7
TROUT  352552 221025 13 F 2  50  44  80 1 1   0  4  0  50  43  99  80   9   0
TROUT  352552 221026 13 F 2  45  41  88 1 1   0  2  0  50  40  99  80  15   7
TROUT  352552 221027 13 F 1  52  43  72 1 1   0  2  0  52  45  88  72   0   0
TROUT  352552 221028 13 F 2  54  42  64 1 1   0  2  0  54  44  77  64   0   0
BRUSH  352553 221022 13 F 8  48  45  90 2 3   0  5  0  57  44 100  75  12   7
BRUSH  352553 221023 13 F 1  51  42  72 3 1   0  1  0  51  39 100  72  14   0
BRUSH  352553 221024 13 F 6  53  49  89 1 1   0  3  0  53  41  92  65   0   7
BRUSH  352553 221025 13 F 2  52  47  86 1 1   0  4  0  53  42  99  86   9   0
BRUSH  352553 221026 13 F 2  51  45  80 1 1   0  2  0  52  42 100  80  15   7
BRUSH  352553 221027 13 F 1  53  48  85 1 1   0  2  0  53  46  97  74   0   0
BRUSH  352553 221028 13 F 2  56  49  80 1 1   0  1  0  56  44  85  80   0   0
GREEN  352562 221022 13 F 8  48  42  82 2 3   0  0  0  63  45 100  58  13   7
GREEN  352562 221023 13 F 1  54  41  63 3 1   0  1  0  54  38 100  63  14   0
GREEN  352562 221024 13 F 6  53  49  89 1 1   0  2  0  54  45  94  59   0   7
GREEN  352562 221025 13 F 2  56  52  89 1 1   0  3  0  56  45  99  89   9   0
GREEN  352562 221026 13 F 2  53  48  84 1 1   0  2  0  56  45 100  84  15   7
GREEN  352562 221027 13 F 1  56  46  70 1 1   0  1  0  56  47 100  70   0   0
GREEN  352562 221028 13 F 2  58  47  69 1 1   0  1  0  58  44  96  68   0   0
Count:    35  Zone Average:  51  44  79          3  0  54  42  96  72   7   3
Zone: 607
LOG CR 350604 221022 13 F 8  38  36  96 1 1   0  4  0  47  37 100  88  13   7
LOG CR 350604 221023 13 F 2  43  38  83 1 1   0  4  0  43  34 100  83   5   0
LOG CR 350604 221024 13 F 6  45  43  96 1 1   0  4  0  45  38  96  75   0   7
LOG CR 350604 221025 13 F 2  44  40  88 1 1   0  7  0  49  38  99  88   9   0
LOG CR 350604 221026 13 F 2  43  38  84 1 1   0  4  0  44  37  99  84  15   0
LOG CR 350604 221027 13 F 1  47  41  82 1 1   0  3  0  47  41  92  81   0   0
LOG CR 350604 221028 13 F 2  49  37  65 1 1   0  3  0  49  40  82  65   0   0
REDBOX 350718 221022 13 F 8  42  40  93 1 1   0  4  0  51  35  99  79  13   7
REDBOX 350718 221023 13 F 1  45  36  73 1 1   0  2  0  45  33  98  73   9   0
REDBOX 350718 221024 13 F 6  46  43  90 1 1   0  3  0  46  34  96  69   0   7
REDBOX 350718 221025 13 F 2  46  39  79 1 1   0  4  0  46  36  98  79   9   0
REDBOX 350718 221026 13 F 2  42  39  90 1 1   0  4  0  46  35 100  79  15   0
REDBOX 350718 221027 13 F 1  47  37  69 1 1   0  3  0  47  38 100  69   0   0
REDBOX 350718 221028 13 F 2  52  38  59 1 1   0  3  0  52  36  85  57   0   0
WANDER 350726 221022 13 F 8  37  36  99 1 2   0  6  0  47  34 100  79  13   7
WANDER 350726 221023 13 F 2  42  36  82 2 1   0  2  0  42  31 100  82   9   0
WANDER 350726 221024 13 F 6  43  41  94 1 1   0  9  0  48  36  96  65   0   7
WANDER 350726 221025 13 F 6  40  37  89 1 1   0 10  0  43  39  99  86   9   0
WANDER 350726 221026 13 F 2  42  37  83 1 1   0  7  0  42  32  98  83  15   0
WANDER 350726 221027 13 F 2  45  39  80 1 1   0  4  0  45  39  85  80   0   0
WANDER 350726 221028 13 F 2  48  34  59 1 1   0  8  0  48  37  80  59   0   0
Count:    21  Zone Average:  44  38  83          5  0  46  36  95  76   6   2
Zone: 608
BOULDE 351909 221022 13 F 8  44  42  94 1 2   0  3  0  53  34 100  72  13   7
BOULDE 351909 221023 13 F 2  45  38  78 2 1   0  2  0  45  32 100  78  14   0
BOULDE 351909 221024 13 F 6  45  41  89 1 1   0  3  0  45  33  95  72   0   7
BOULDE 351909 221025 13 F 2  44  37  79 1 1   0  4  0  45  33 100  79   9   0
BOULDE 351909 221026 13 F 2  43  38  84 1 1   0  3  0  44  35 100  79  15   6
BOULDE 351909 221027 13 F 1  50  38  65 1 1   0  2  0  50  36 100  65   0   0
BOULDE 351909 221028 13 F 2  53  37  56 1 1   0  2  0  53  34  87  54   0   0
PEBBLE 352554 221022 13 F 8  40  38  94 1 2   0  5  0  56  34 100  68  13   7
PEBBLE 352554 221023 13 F 1  45  39  80 2 1   0  2  0  45  32 100  80  14   0
PEBBLE 352554 221024 13 F 6  44  41  90 1 1   0  2  0  46  31 100  76   0   7
PEBBLE 352554 221025 13 F 2  44  37  78 1 1   0  4  0  44  31  97  78   9   0
PEBBLE 352554 221026 13 F 2  42  36  81 1 1   0  2  0  44  33  98  77  15   6
PEBBLE 352554 221027 13 F 1  48  39  73 1 1   0  1  0  48  34 100  73   0   0
PEBBLE 352554 221028 13 F 2  52  39  63 1 1   0  2  0  52  31  93  63   0   0
FIELDS 352557 221022 13 F 8  44  36  76 2 2   0  5  0  61  37  99  60  12   7
FIELDS 352557 221023 13 F 1  50  42  74 2 1   0  2  0  50  33  99  74  15   0
FIELDS 352557 221024 13 F 0  46  43  90 1 1   0  2  0  50  34  91  71   0   3
FIELDS 352557 221025 13 F 2  49  41  74 1 1   0  3  0  49  38  98  74   8   0
FIELDS 352557 221026 13 F 2  44  38  80 1 1   0  2  0  49  36  96  74  13   6
FIELDS 352557 221027 13 F 1  51  39  65 1 1   0  1  0  51  41  91  65   0   0
FIELDS 352557 221028 13 F 2  54  39  57 1 1   0  2  0  54  39  78  57   0   0
EMIGRA 352558 221022 13 F 8  44  36  75 2 2   0  7  0  65  36  95  55  12   7
EMIGRA 352558 221023 13 F 1  47  38  72 2 1   0  2  0  47  32  98  72  15   0
EMIGRA 352558 221024 13 F 3  44  39  85 1 1   0  3  0  50  33  85  61   0   0
EMIGRA 352558 221025 13 F 2  46  37  71 1 1   0  4  0  46  39  95  71   0   0
EMIGRA 352558 221026 13 F 2  42  34  74 1 1   0  4  0  46  35  94  71  13   6
EMIGRA 352558 221027 13 F 1  54  39  57 1 1   0  2  0  54  38  75  57   0   0
EMIGRA 352558 221028 13 F 2  56  38  52 1 1   0  2  0  56  40  64  52   0   0
Count:    28  Zone Average:  47  39  75          3  0  50  35  94  69   7   3
Zone: 612
CANNIB 351604 221022 13 F 8  45  43  95 2 3   0  2  0  57  45  98  70  12   6
CANNIB 351604 221023 13 F 1  52  41  66 3 1   0  2  0  52  43  98  66  10   0
CANNIB 351604 221024 13 F 6  51  50  99 1 1   0  4  0  52  45  99  66   2   8
CANNIB 351604 221025 13 F 6  52  48  87 1 1   0  8  0  52  45  99  87   9   3
CANNIB 351604 221026 13 F 2  51  47  89 1 1   0  2  0  52  44  97  87  15   4
CANNIB 351604 221027 13 F 2  56  47  72 1 1   0  2  0  56  46  91  72   0   0
CANNIB 351604 221028 13 F 2  57  49  77 1 1   0  3  0  57  47  88  71   0   0
GOODWI 352545 221022 13 F 8  44  42  94 2 3   0  0  0  60  44 100  66  12   6
GOODWI 352545 221023 13 F 1  54  43  68 3 1   0  2  0  54  42  99  68  14   0
GOODWI 352545 221024 13 F 6  52  50  95 1 1   0  4  0  54  45  95  65   2   8
GOODWI 352545 221025 13 F 2  53  48  86 1 1   0  8  0  54  47  99  86   9   0
GOODWI 352545 221026 13 F 2  51  47  87 1 1   0  2  0  53  44  97  85  15   7
GOODWI 352545 221027 13 F 1  56  46  70 1 1   0  2  0  56  46  87  70   0   0
GOODWI 352545 221028 13 F 2  57  49  75 1 1   0  3  0  57  49  82  69   0   0
Count:    14  Zone Average:  52  47  83          3  0  55  45  95  74   7   3
Zone: 660
ELK RO 451208 221022 13 F 8  37  36  97 1 1   0  2  0  48  37 100  90  14   7
ELK RO 451208 221023 13 F 1  45  35  69 1 1   0  2  0  45  33 100  69   5   0
ELK RO 451208 221024 13 F 6  44  42  95 1 1   0  2  0  45  39  95  69   2   8
ELK RO 451208 221025 13 F 6  46  42  87 1 1   0  4  0  46  39  99  81  13   7
ELK RO 451208 221026 13 F 2  44  39  85 1 1   0  2  0  46  37  96  85  16   0
ELK RO 451208 221027 13 F 2  48  41  78 1 1   0  2  0  48  41  85  78   0   0
ELK RO 451208 221028 13 F 2  51  40  68 1 1   0  2  0  51  41  78  68   0   0
LARCH  451301 221022 13 F 8  44  42  95 1 2   0  5  0  53  44  99  76  13   6
LARCH  451301 221023 13 F 2  52  43  73 2 1   0  2  0  52  41  95  73   5   0
LARCH  451301 221024 13 F 6  51  48  92 1 1   0  7  0  52  44  93  67   2   8
LARCH  451301 221025 13 F 6  52  49  90 1 1   0  8  0  52  43  99  89   9   4
LARCH  451301 221026 13 F 2  52  47  84 1 1   0  4  0  52  44  99  84  16   0
LARCH  451301 221027 13 F 2  55  48  79 1 1   0  4  0  55  46  93  79   0   0
LARCH  451301 221028 13 F 2  59  48  67 1 1   0  4  0  59  47  83  67   0   0
CANCRK 451921 221022 13 F 8  39  39 100 1 1   0  3  0  49  39 100  85  14   7
CANCRK 451921 221023 13 F 2  47  38  72 1 1   0  3  0  47  36  99  72   5   0
CANCRK 451921 221024 13 F 6  47  43  88 1 1   0  3  0  47  41  91  68   2   8
CANCRK 451921 221025 13 F 6  48  44  88 1 1   0  7  0  48  42  98  83   9   4
CANCRK 451921 221026 13 F 2  44  41  91 1 1   0  3  0  48  40  97  87  16   0
CANCRK 451921 221027 13 F 2  49  41  75 1 1   0  4  0  49  43  91  75   0   0
CANCRK 451921 221028 13 F 2  51  41  70 1 1   0  3  0  51  44  75  70   0   0
DRYCR  451924 221022 13 F 8  40  37  90 1 1   0  3  0  48  38  95  84  14   7
DRYCR  451924 221023 13 F 2  49  38  68 1 1   0  4  0  49  35  92  68   5   0
DRYCR  451924 221024 13 F 6  46  41  84 1 1   0  3  0  49  40  87  66   2   8
DRYCR  451924 221025 13 F 6  48  44  86 1 1   0  4  0  48  41  96  83   9   3
DRYCR  451924 221026 13 F 2  45  43  93 1 1   0  3  0  48  39  95  85  14   0
DRYCR  451924 221027 13 F 2  53  41  66 1 1   0  4  0  53  42  93  66   0   0
DRYCR  451924 221028 13 F 2  56  41  58 1 1   0  3  0  56  44  70  57   0   0
THREE  451929 221022 13 F 8  36  36 100 1 1   0 17  0  42  36 100  91  14   8
THREE  451929 221023 13 F 2  40  35  84 1 1   0  4  0  41  31 100  84   5   0
THREE  451929 221024 13 F 6  41  40  97 1 1   0 12  0  43  37 100  77   2   8
THREE  451929 221025 13 F 6  40  38  94 1 1   0 14  0  45  40 100  94   9   3
THREE  451929 221026 13 F 2  40  35  85 1 1   0  9  0  41  38 100  85  15   0
THREE  451929 221027 13 F 2  42  39  91 1 1   0 10  0  43  40 100  82   0   0
THREE  451929 221028 13 F 2  46  39  79 1 1   0 10  0  46  41  91  79   0   0
Count:    35  Zone Average:  47  41  83          5  0  49  40  94  78   7   3
Zone: 663
BUCK C 451917 221022 13 F 3  40  37  90 1 1   0  5  0  48  35  99  75  13   6
BUCK C 451917 221023 13 F 1  50  34  55 1 1   0  3  0  50  32  99  55   0   0
BUCK C 451917 221024 13 F 6  46  44  93 1 1   0  4  0  50  35 100  55   2   8
BUCK C 451917 221025 13 F 2  47  39  74 1 1   0  4  0  47  30  94  74   9   0
BUCK C 451917 221026 13 F 2  46  40  82 1 1   0  4  0  47  35  96  74  13   0
BUCK C 451917 221027 13 F 2  50  38  65 1 1   0  4  0  50  33 100  65   0   0
BUCK C 451917 221028 13 F 2  53  39  61 1 1   0  3  0  53  31 100  59   0   0
Count:     7  Zone Average:  48  39  74          4  0  49  33  98  65   5   2
Zone: 601
CHINOO 450406 221022 13 F 8  53  46  78 2 2   0 10  0  54  50  95  75  16   7
Count:     1  Zone Average:  53  46  78         10  0  54  50  95  75  16   7
Zone: 664
CHINOO 450406 221022 13 F 8  53  46  78 2 2   0 10  0  54  50  95  75  16   7
Count:     1  Zone Average:  53  46  78         10  0  54  50  95  75  16   7
Zone: 601
CHINOO 450406 221023 13 F 2  55  45  69 2 1   0  2  0  55  48  84  69   3   0
Count:     1  Zone Average:  55  45  69          2  0  55  48  84  69   3   0
Zone: 664
CHINOO 450406 221023 13 F 2  55  45  69 2 1   0  2  0  55  48  84  69   3   0
Count:     1  Zone Average:  55  45  69          2  0  55  48  84  69   3   0
Zone: 601
CHINOO 450406 221024 13 F 2  55  51  88 1 1   0  4  0  55  50  92  68   7   6
Count:     1  Zone Average:  55  51  88          4  0  55  50  92  68   7   6
Zone: 664
CHINOO 450406 221024 13 F 2  55  51  88 1 1   0  4  0  55  50  92  68   7   6
CHINOO 450406 221025 13 F 6  54  51  91 1 1   0  8  0  55  47  94  83   0   3
Count:     2  Zone Average:  55  51  90          6  0  55  49  93  76   4   5
Zone: 601
CHINOO 450406 221025 13 F 6  54  51  91 1 1   0  8  0  55  47  94  83   0   3
Count:     1  Zone Average:  54  51  91          8  0  55  47  94  83   0   3
Zone: 664
CHINOO 450406 221026 13 F 2  57  50  80 1 1   0  7  0  57  49  91  80  15   0
Count:     1  Zone Average:  57  50  80          7  0  57  49  91  80  15   0
Zone: 601
CHINOO 450406 221026 13 F 2  57  50  80 1 1   0  7  0  57  49  91  80  15   0
CHINOO 450406 221027 13 F 2  56  51  84 1 1   0  7  0  57  50  96  78   0   0
Count:     2  Zone Average:  57  51  82          7  0  57  50  94  79   8   0
Zone: 664
CHINOO 450406 221027 13 F 2  56  51  84 1 1   0  7  0  57  50  96  78   0   0
Count:     1  Zone Average:  56  51  84          7  0  57  50  96  78   0   0
Zone: 601
HUCKLE 450407 221022 13 F 8  42  42 100 1 1   0  4  0  49  42 100  80  16   6
Count:     1  Zone Average:  42  42 100          4  0  49  42 100  80  16   6
Zone: 664
HUCKLE 450407 221022 13 F 8  42  42 100 1 1   0  4  0  49  42 100  80  16   6
Count:     1  Zone Average:  42  42 100          4  0  49  42 100  80  16   6
Zone: 601
HUCKLE 450407 221023 13 F 1  48  36  65 1 1   0  0  0  48  39  96  65   0   0
Count:     1  Zone Average:  48  36  65          0  0  48  39  96  65   0   0
Zone: 664
HUCKLE 450407 221023 13 F 1  48  36  65 1 1   0  0  0  48  39  96  65   0   0
HUCKLE 450407 221024 13 F 6  49  48  99 1 1   0  8  0  49  43 100  65   6   8
Count:     2  Zone Average:  49  42  82          4  0  49  41  98  65   3   4
Zone: 601
HUCKLE 450407 221024 13 F 6  49  48  99 1 1   0  8  0  49  43 100  65   6   8
Count:     1  Zone Average:  49  48  99          8  0  49  43 100  65   6   8
Zone: 664
HUCKLE 450407 221025 13 F 6  49  48  97 1 1   0  7  0  49  42  99  81  13   7
Count:     1  Zone Average:  49  48  97          7  0  49  42  99  81  13   7
Zone: 601
HUCKLE 450407 221025 13 F 6  49  48  97 1 1   0  7  0  49  42  99  81  13   7
Count:     1  Zone Average:  49  48  97          7  0  49  42  99  81  13   7
Zone: 664
HUCKLE 450407 221026 13 F 2  48  46  96 1 1   0  3  0  49  40  97  95  16   0
Count:     1  Zone Average:  48  46  96          3  0  49  40  97  95  16   0
Zone: 601
HUCKLE 450407 221026 13 F 2  48  46  96 1 1   0  3  0  49  40  97  95  16   0
Count:     1  Zone Average:  48  46  96          3  0  49  40  97  95  16   0
Zone: 664
HUCKLE 450407 221027 13 F 2  51  45  81 1 1   0  7  0  51  43  96  81   0   0
Count:     1  Zone Average:  51  45  81          7  0  51  43  96  81   0   0
Zone: 601
HUCKLE 450407 221027 13 F 2  51  45  81 1 1   0  7  0  51  43  96  81   0   0
Count:     1  Zone Average:  51  45  81          7  0  51  43  96  81   0   0
Zone: 664
HUCKLE 450407 221028 13 F 2  52  46  82 1 1   0  4  0  52  45  84  81   0   0
Count:     1  Zone Average:  52  46  82          4  0  52  45  84  81   0   0
Zone: 601
HUCKLE 450407 221028 13 F 2  52  46  82 1 1   0  4  0  52  45  84  81   0   0
Count:     1  Zone Average:  52  46  82          4  0  52  45  84  81   0   0
Zone: 665
CASTLE 451207 221022 13 F 3  52  49  90 1 1   0  4  0  56  45 100  67  12   5
CASTLE 451207 221023 13 F 1  54  42  64 1 1   0  1  0  54  40  98  64   0   0
CASTLE 451207 221024 13 F 6  53  52  97 1 1   0  7  0  56  44 100  62   2   8
CASTLE 451207 221025 13 F 6  53  49  89 1 1   0  4  0  54  42  98  89  13   7
CASTLE 451207 221026 13 F 2  54  47  80 1 1   0  2  0  54  45  98  80  16   0
CASTLE 451207 221027 13 F 2  56  51  86 1 1   0  4  0  56  45 100  75   0   0
CASTLE 451207 221028 13 F 2  57  52  86 1 1   0  4  0  57  44 100  85   0   0
ABERNA 451209 221022 13 F 8  41  41 100 1 1   0 11  0  48  41 100  67  14   7
ABERNA 451209 221023 13 F 1  50  38  65 1 1   0  1  0  50  39  98  65   0   0
ABERNA 451209 221024 13 F 6  49  48 100 1 1   0  9  0  50  42 100  63   6   8
ABERNA 451209 221025 13 F 6  49  46  91 1 1   0  8  0  50  41 100  82  13   7
ABERNA 451209 221026 13 F 2  50  45  86 1 1   0  4  0  50  41  97  86  16   0
ABERNA 451209 221027 13 F 2  52  46  81 1 1   0  8  0  52  43  91  81   0   0
ABERNA 451209 221028 13 F 2  53  45  77 1 1   0  8  0  53  45  88  77   0   0
Count:    14  Zone Average:  52  47  85          5  0  53  43  98  75   7   3
 
 
 
End of WIMS Bulletin @ 21-OCT-22 22:45:54 GMT

