SHUS66 KMWI 212245
FWOSEW
Weather Information Management System (WIMS)
USDA National Information Technology Center (KMWI)
21-OCT-22 22:45:54 GMT
 
Listing of Forecasted Observations (Seattle/Tacoma, WA)
 
ST NME STAT'N   DATE HR T W DBT DPT  RH Y M DIR WS 10 TMX TMN HMX HMN PD1 PD2
------ ------ ------ -- - - --- --- --- - - --- -- -- --- --- --- ---  --  --
NWS Office:  SEW/Zone: 649
QUILLA 450120 221022 13 F 1  57  42  58 1 1 315 12  0  57  45  95  58  10   0
QUILLA 450120 221023 13 F 2  56  42  60 1 1 203  5  0  57  40  90  57   0   0
QUILLA 450120 221024 13 F 2  58  47  68 1 1 270 12  0  58  46  95  59  12   4
QUILLA 450120 221025 13 F 6  57  47  70 1 1 180 10  0  58  43  93  66   4   7
QUILLA 450120 221026 13 F 2  56  45  67 1 1 225 11  0  57  45  93  67  14   0
QUILLA 450120 221027 13 F 2  58  46  66 1 1 180 11  0  58  45  94  66   4   6
HOQUIA 450314 221022 13 F 2  53  43  70 1 1 315 16  0  53  49  96  70  13   0
HOQUIA 450314 221023 13 F 2  53  43  71 1 1 248  5  0  53  42  92  70   0   0
HOQUIA 450314 221024 13 F 2  55  50  84 1 1 270 10  0  55  50  92  71   7   4
HOQUIA 450314 221025 13 F 6  54  48  83 1 1 180  8  0  55  46  95  83   3   3
HOQUIA 450314 221026 13 F 2  54  48  82 1 1 248  9  0  54  48  93  82  15   4
HOQUIA 450314 221027 13 F 2  55  49  81 1 1 203  9  0  55  48  95  81   3   2
Count:    12  Zone Average:  56  46  72         10  0  56  46  94  69   7   3
Zone: 650
FORKS  450105 221022 13 F 1  55  41  60 1 1 293  9  0  55  43  98  60  10   0
FORKS  450105 221023 13 F 2  57  42  58 1 1 203  5  0  57  37  91  58   0   0
FORKS  450105 221024 13 F 2  57  46  68 1 1 270 10  0  57  45  97  57  12   4
FORKS  450105 221025 13 F 6  57  47  70 1 1 180  8  0  57  42  92  66   4   7
FORKS  450105 221026 13 F 2  57  46  68 1 1 225  8  0  57  44  94  68  14   0
FORKS  450105 221027 13 F 2  59  48  69 1 1 180  8  0  59  45  96  67   4   6
ELLIS  450130 221022 13 F 1  48  37  67 1 1 293  9  0  48  42  93  67  10   0
ELLIS  450130 221023 13 F 2  50  36  60 1 1 203  5  0  50  39  79  60   0   0
ELLIS  450130 221024 13 F 2  50  42  74 1 1 270 14  0  50  46  87  60  12   4
ELLIS  450130 221025 13 F 6  49  41  76 1 1 180 11  0  50  43  87  74   4   6
ELLIS  450130 221026 13 F 2  49  41  75 1 1 225 12  0  49  43  87  75  11   0
ELLIS  450130 221027 13 F 2  51  43  75 1 1 180 12  0  51  45  91  75   4   6
BLACK  450321 221022 13 F 2  51  40  68 1 1 315 12  0  51  41 100  68  13   0
BLACK  450321 221023 13 F 2  52  41  66 1 1 225  5  0  52  35  93  66   0   0
BLACK  450321 221024 13 F 2  53  48  84 1 1 270  5  0  53  43 100  66   9   6
BLACK  450321 221025 13 F 6  52  46  81 1 1 180  5  0  53  39  97  81   4   7
BLACK  450321 221026 13 F 2  52  46  82 1 1 248  5  0  52  42 100  81  14   2
BLACK  450321 221027 13 F 2  54  47  79 1 1 180  5  0  54  42 100  79   3   3
Count:    18  Zone Average:  53  43  71          8  0  53  42  94  68   7   3
Zone: 651
MINOT  450306 221022 13 F 2  50  40  70 1 1 293 11  0  50  45 100  70  15   4
MINOT  450306 221023 13 F 2  51  41  69 1 1 248  3  0  51  39  92  69   1   0
MINOT  450306 221024 13 F 2  51  48  90 1 1 248 10  0  51  46  99  68   7   7
MINOT  450306 221025 13 F 6  51  46  85 1 1 203  8  0  51  43 100  85   5   3
MINOT  450306 221026 13 F 2  51  46  83 1 1 248 11  0  51  45  98  83  15   4
MINOT  450306 221027 13 F 2  53  48  84 1 1 203  9  0  53  45 100  83   3   3
Count:     6  Zone Average:  51  45  80          9  0  51  44  98  76   8   4
Zone: 652
TOM CR 450121 221022 13 F 1  49  34  57 1 1 293  6  0  49  41  88  57  13   0
TOM CR 450121 221023 13 F 2  52  33  49 1 1 248  4  0  52  38  74  48   0   0
TOM CR 450121 221024 13 F 2  51  39  65 1 1 248  9  0  52  44  72  49   8   4
TOM CR 450121 221025 13 F 2  52  38  60 1 1 180  5  0  52  42  76  59   0   3
TOM CR 450121 221026 13 F 2  51  38  62 1 1 225  6  0  52  42  79  60  11   0
TOM CR 450121 221027 13 F 2  54  40  61 1 1 203  6  0  54  44  77  61   0   3
OWL MT 450211 221022 13 F 1  46  38  74 1 1 293  9  0  46  42  97  70  13   0
OWL MT 450211 221023 13 F 2  49  36  62 1 1 225  5  0  49  41  77  59   0   0
OWL MT 450211 221024 13 F 2  48  42  82 1 1 270 10  0  49  44  82  62   6   4
OWL MT 450211 221025 13 F 2  50  43  77 1 1 180  6  0  50  43  84  65   0   3
OWL MT 450211 221026 13 F 2  48  41  79 1 1 225  8  0  50  45  88  68  13   0
OWL MT 450211 221027 13 F 2  52  43  72 1 1 203  6  0  52  43  82  67   0   2
HUMPTU 450312 221022 13 F 2  54  42  64 1 1 293 11  0  54  45  90  64  13   0
HUMPTU 450312 221023 13 F 2  55  41  60 1 1 225  5  0  55  41  77  59   0   0
HUMPTU 450312 221024 13 F 2  56  48  76 1 1 270  8  0  56  47  82  59   6   4
HUMPTU 450312 221025 13 F 6  55  47  77 1 1 180  5  0  57  45  82  74   0   3
HUMPTU 450312 221026 13 F 2  54  46  75 1 1 248  5  0  55  47  85  75  13   2
HUMPTU 450312 221027 13 F 2  57  48  74 1 1 203  6  0  57  46  84  73   0   3
Count:    18  Zone Average:  52  41  68          7  0  52  43  82  63   5   2
Zone: 653
WHIDBE 450701 221022 13 F 2  51  40  68 1 1 293  5  0  51  45  93  68  15   2
WHIDBE 450701 221023 13 F 2  52  41  68 1 1 180  3  0  52  41  90  66   0   0
WHIDBE 450701 221024 13 F 2  53  45  75 1 1 225 11  0  53  44  92  64   7   7
WHIDBE 450701 221025 13 F 2  52  43  74 1 1 135 11  0  53  42  92  73   5   3
WHIDBE 450701 221026 13 F 2  51  43  74 1 1 180  9  0  52  44  91  73  15   4
WHIDBE 450701 221027 13 F 2  53  45  75 1 1 158 11  0  53  44  93  73   3   3
BELLIN 451411 221022 13 F 2  52  43  74 1 1 270  5  0  52  43 100  74  14   2
BELLIN 451411 221023 13 F 2  54  43  68 1 1 180  5  0  54  38  95  68   0   0
BELLIN 451411 221024 13 F 2  54  48  81 1 1 180  9  0  54  43  97  66   7   7
BELLIN 451411 221025 13 F 2  54  46  77 1 1 158  8  0  54  42  98  77   5   3
BELLIN 451411 221026 13 F 2  53  45  76 1 1 180  6  0  54  43  98  76  14   2
BELLIN 451411 221027 13 F 2  55  47  75 1 1 158  9  0  55  42  98  73   0   3
EVERET 451614 221022 13 F 2  50  43  77 1 1 315  4  0  50  46  94  77  15   4
EVERET 451614 221023 13 F 2  51  41  70 1 1 203  2  0  51  42  94  70   1   0
EVERET 451614 221024 13 F 2  52  46  81 1 1 203  5  0  53  46  93  64   7   7
EVERET 451614 221025 13 F 2  51  45  80 1 1 158  8  0  52  44  94  79   5   3
EVERET 451614 221026 13 F 2  51  45  80 1 1 180  6  0  52  46  94  78  15   4
EVERET 451614 221027 13 F 2  54  48  81 1 1 180  8  0  54  45  96  78   0   2
Count:    18  Zone Average:  52  44  75          7  0  53  43  95  72   7   3
Zone: 654
QUILCE 450207 221022 13 F 2  56  40  55 1 1 360  5  0  56  39 100  55  14   0
QUILCE 450207 221023 13 F 2  58  40  53 1 1 135  5  0  58  35 100  53   0   0
QUILCE 450207 221024 13 F 2  60  45  58 1 1 203  5  0  60  40 100  50   6   6
QUILCE 450207 221025 13 F 2  58  43  58 1 1 180  5  0  61  37 100  56   5   3
QUILCE 450207 221026 13 F 2  58  43  59 1 1 180  5  0  59  39 100  56  15   4
QUILCE 450207 221027 13 F 2  61  46  59 1 1 180  6  0  61  39 100  58   0   2
KITSAP 450801 221022 13 F 2  52  42  71 1 1  90  2  0  52  42  96  71  15   2
KITSAP 450801 221023 13 F 2  53  41  64 1 1 180  3  0  53  39  94  64   0   0
KITSAP 450801 221024 13 F 2  55  47  75 1 1 225  9  0  55  44  97  59   7   7
KITSAP 450801 221025 13 F 2  53  45  77 1 1 203  6  0  55  41  96  72   5   3
KITSAP 450801 221026 13 F 2  54  46  75 1 1 203  8  0  54  44  96  75  15   4
KITSAP 450801 221027 13 F 2  55  47  76 1 1 203  9  0  55  44  98  74   0   2
SEA-TA 451716 221022 13 F 2  51  43  75 1 1 270  3  0  51  45  96  75  15   4
SEA-TA 451716 221023 13 F 2  53  41  64 1 1 225  4  0  53  42  95  63   1   0
SEA-TA 451716 221024 13 F 2  53  45  76 1 1 225  9  0  54  46  92  55   7   7
SEA-TA 451716 221025 13 F 2  53  44  73 1 1 180  8  0  55  44  94  68   5   3
SEA-TA 451716 221026 13 F 2  52  45  77 1 1 203  8  0  54  45  96  67  15   4
SEA-TA 451716 221027 13 F 2  54  46  76 1 1 203  8  0  54  46  94  69   3   2
TACOMA 451808 221022 13 F 2  52  43  74 1 1 270  4  0  52  43 100  74  15   4
TACOMA 451808 221023 13 F 2  53  41  65 1 1 248  4  0  53  38  99  65   1   0
TACOMA 451808 221024 13 F 2  53  46  79 1 1 225 10  0  54  44  97  59   7   7
TACOMA 451808 221025 13 F 2  53  46  78 1 1 203  6  0  54  42 100  74   5   3
TACOMA 451808 221026 13 F 2  53  46  79 1 1 203  9  0  54  42  98  75  15   4
TACOMA 451808 221027 13 F 2  55  48  80 1 1 203  8  0  55  43 100  77   3   0
Count:    24  Zone Average:  55  44  70          6  0  55  42  98  65   7   3
Zone: 655
OLYMPI 451001 221022 13 F 2  55  42  62 1 1 270  4  0  55  43  99  62  14   3
OLYMPI 451001 221023 13 F 2  55  39  56 1 1 225  3  0  55  37  96  56   3   0
OLYMPI 451001 221024 13 F 2  54  45  73 1 1 225 11  0  57  44  95  51   7   7
OLYMPI 451001 221025 13 F 2  55  45  69 1 1 203  8  0  55  40  99  68   5   3
OLYMPI 451001 221026 13 F 2  55  45  70 1 1 225 11  0  57  43  98  65  15   4
OLYMPI 451001 221027 13 F 2  56  46  71 1 1 203  9  0  56  42  99  66   3   2
CHEHAL 451103 221022 13 F 2  55  43  64 1 1 293  9  0  55  43 100  64  15   6
CHEHAL 451103 221023 13 F 2  56  41  59 1 1 203  2  0  56  37 100  59   3   0
CHEHAL 451103 221024 13 F 2  54  48  82 1 1 225  8  0  57  44 100  56   7   7
CHEHAL 451103 221025 13 F 2  56  47  74 1 1 180  6  0  56  39 100  74   5   3
CHEHAL 451103 221026 13 F 2  55  47  76 1 1 225  8  0  57  43 100  70  15   4
CHEHAL 451103 221027 13 F 2  57  49  75 1 1 180  6  0  57  43 100  73   3   2
Count:    12  Zone Average:  55  45  69          7  0  56  42  99  64   8   4
Zone: 656
MARBLE 451504 221022 13 F 2  49  41  74 1 1 248  5  0  49  37 100  74  15   6
MARBLE 451504 221023 13 F 2  51  39  65 1 1 225  5  0  51  31 100  65   3   0
MARBLE 451504 221024 13 F 6  49  43  81 1 1 225  5  0  51  36 100  65   6   8
MARBLE 451504 221025 13 F 2  52  43  72 1 1 180  5  0  52  35 100  72   9   3
MARBLE 451504 221026 13 F 2  51  42  72 1 1 203  5  0  52  35 100  72  15   4
MARBLE 451504 221027 13 F 2  52  42  70 1 1 180  5  0  52  34 100  70   0   0
SEDRO  451507 221022 13 F 2  49  44  83 1 1 248  3  0  49  40 100  83  15   4
SEDRO  451507 221023 13 F 2  52  42  70 1 1 203  4  0  52  38  97  70   1   0
SEDRO  451507 221024 13 F 6  51  47  88 1 1 203  5  0  53  42 100  66   7   7
SEDRO  451507 221025 13 F 2  52  45  79 1 1 135  5  0  52  40  98  79   5   3
SEDRO  451507 221026 13 F 2  52  47  83 1 1 180  5  0  53  41 100  77  15   4
SEDRO  451507 221027 13 F 2  54  48  82 1 1 158  5  0  54  41  99  82   0   2
Count:    12  Zone Average:  51  44  77          5  0  52  38 100  73   8   4
Zone: 657
ENUMCL 451702 221022 13 F 2  48  42  82 1 1 248  3  0  48  40 100  82  15   6
ENUMCL 451702 221023 13 F 2  51  42  73 1 1 270  4  0  51  36 100  73   3   0
ENUMCL 451702 221024 13 F 6  51  48  91 1 1 225  8  0  52  41 100  68   6   7
ENUMCL 451702 221025 13 F 2  52  47  83 1 1 180  5  0  52  39 100  83   5   3
ENUMCL 451702 221026 13 F 2  50  46  88 1 1 225  6  0  53  40 100  81  15   4
ENUMCL 451702 221027 13 F 2  53  48  85 1 1 180  5  0  53  40  99  85   3   0
ASHFOR 451809 221022 13 F 2  46  39  79 1 1 270  4  0  47  36 100  79  16   6
ASHFOR 451809 221023 13 F 2  49  38  66 1 1 270  4  0  49  31 100  66   3   0
ASHFOR 451809 221024 13 F 2  48  45  90 1 1 225  6  0  50  37 100  62   3   7
ASHFOR 451809 221025 13 F 2  50  43  77 1 1 180  5  0  50  34 100  77   5   3
ASHFOR 451809 221026 13 F 2  48  43  85 1 1 225  6  0  51  36 100  76  15   6
ASHFOR 451809 221027 13 F 2  51  44  79 1 1 180  5  0  51  36 100  79   5   0
Count:    12  Zone Average:  50  44  82          5  0  51  37 100  76   8   4
Zone: 658
KIDNEY 451409 221022 13 F 2  44  40  87 1 1 270  4  0  44  38  95  82  15   4
KIDNEY 451409 221023 13 F 2  46  37  73 1 1 270  4  0  46  33  87  73   1   0
KIDNEY 451409 221024 13 F 6  45  42  90 1 1 203  5  0  46  39  90  73   7   7
KIDNEY 451409 221025 13 F 2  47  41  80 1 1 158  5  0  47  38  96  73   5   3
KIDNEY 451409 221026 13 F 2  46  41  85 1 1 180  5  0  47  39  91  72  14   2
KIDNEY 451409 221027 13 F 2  47  41  81 1 1 180  5  0  47  39  94  72   0   2
HOZOME 451412 221022 13 F 2  41  33  75 1 1 338  3  0  43  31  99  75  12   4
HOZOME 451412 221023 13 F 1  44  33  65 1 1 225  4  0  44  30  89  65   0   0
HOZOME 451412 221024 13 F 2  42  39  89 1 1 225  5  0  45  34 100  65   3   7
HOZOME 451412 221025 13 F 2  44  37  77 1 1 203  5  0  44  33 100  77   5   2
HOZOME 451412 221026 13 F 2  43  37  82 1 1 225  5  0  45  34  99  77  10   2
HOZOME 451412 221027 13 F 2  45  40  83 1 1 180  5  0  45  33 100  79   0   0
SUMAS  451415 221022 13 F 2  41  35  81 1 1 270  5  0  42  40  92  77  15   4
SUMAS  451415 221023 13 F 2  44  33  66 1 1 225  5  0  44  37  81  65   0   0
SUMAS  451415 221024 13 F 2  43  39  86 1 1 203 10  0  44  43  86  62   7   7
SUMAS  451415 221025 13 F 2  44  37  78 1 1 180  8  0  45  42  87  69   5   3
SUMAS  451415 221026 13 F 2  43  37  82 1 1 180  6  0  45  42  82  67  14   2
SUMAS  451415 221027 13 F 2  45  38  79 1 1 180  9  0  45  42  84  67   3   3
FINNEY 451509 221022 13 F 2  42  41  97 1 1 270  4  0  42  40 100  78  15   4
FINNEY 451509 221023 13 F 2  45  39  81 1 1 203  4  0  45  38  99  72   0   0
FINNEY 451509 221024 13 F 6  43  42  98 1 1 225  6  0  45  41  98  65   7   7
FINNEY 451509 221025 13 F 2  46  42  89 1 1 158  5  0  46  41 100  66   5   3
FINNEY 451509 221026 13 F 2  45  43  95 1 1 180  5  0  46  40  96  66  15   4
FINNEY 451509 221027 13 F 2  46  44  94 1 1 158  5  0  46  41 100  65   0   2
JOHNSO 451611 221022 13 F 2  46  37  71 1 1 270  4  0  46  37  90  71  15   4
JOHNSO 451611 221023 13 F 2  49  37  64 1 1 270  4  0  49  35  86  64   0   0
JOHNSO 451611 221024 13 F 6  47  42  83 1 1 248  6  0  49  37  92  63   3   7
JOHNSO 451611 221025 13 F 2  50  40  70 1 1 203  6  0  50  37  88  70   5   2
JOHNSO 451611 221026 13 F 2  49  39  70 1 1 248  6  0  50  37  88  70  11   2
JOHNSO 451611 221027 13 F 2  51  40  67 1 1 180  6  0  51  37  89  67   0   0
GOLD M 451613 221022 13 F 2  41  35  79 1 1 270  4  0  42  36 100  77  15   6
GOLD M 451613 221023 13 F 2  45  33  64 1 1 270  4  0  45  34  96  64   3   0
GOLD M 451613 221024 13 F 6  43  38  83 1 1 225  5  0  45  38  84  64   6   7
GOLD M 451613 221025 13 F 2  46  36  69 1 1 180  5  0  46  38  92  69   5   3
GOLD M 451613 221026 13 F 2  44  36  75 1 1 203  5  0  46  38  94  69  14   2
GOLD M 451613 221027 13 F 2  46  37  71 1 1 180  4  0  46  36  91  71   0   0
Count:    36  Zone Average:  45  38  80          5  0  46  38  93  70   7   3
Zone: 659
KOSMOS 451105 221022 13 F 2  44  37  78 1 1 270  8  0  45  40  97  78  16   6
KOSMOS 451105 221023 13 F 2  48  35  62 1 1 270  4  0  48  38  86  62   3   0
KOSMOS 451105 221024 13 F 6  46  41  85 1 1 248  8  0  48  43  91  62   3   7
KOSMOS 451105 221025 13 F 2  49  41  74 1 1 203  6  0  49  41  94  74   5   3
KOSMOS 451105 221026 13 F 2  46  40  82 1 1 225  8  0  49  42  87  73  15   6
KOSMOS 451105 221027 13 F 2  50  42  75 1 1 180  6  0  50  43  91  73   5   0
HAGER  451115 221022 13 F 2  39  33  82 1 1 270  5  0  41  32  99  82  16   4
HAGER  451115 221023 13 F 1  43  31  64 1 1 270  4  0  43  30  97  64   0   0
HAGER  451115 221024 13 F 2  41  37  87 1 1 248  6  0  43  34  98  64   3   6
HAGER  451115 221025 13 F 2  44  37  78 1 1 225  5  0  44  33  97  78   5   2
HAGER  451115 221026 13 F 2  42  36  80 1 1 248  6  0  44  34  98  78  13   4
HAGER  451115 221027 13 F 2  46  38  76 1 1 203  5  0  46  34  98  76   3   0
OHANAP 451119 221022 13 F 2  46  37  73 1 1 225  5  0  47  32  94  73  16   4
OHANAP 451119 221023 13 F 1  49  37  64 1 1 248  4  0  49  29  89  64   0   0
OHANAP 451119 221024 13 F 2  48  43  83 1 1 248  6  0  50  34 100  62   2   6
OHANAP 451119 221025 13 F 2  50  41  73 1 1 225  5  0  50  33  96  73   5   2
OHANAP 451119 221026 13 F 2  49  41  75 1 1 248  8  0  51  34  99  73  10   4
OHANAP 451119 221027 13 F 2  51  41  70 1 1 225  6  0  51  35  96  70   3   0
LESTER 451705 221022 13 F 2  48  34  60 1 1 270  6  0  48  34 100  60  15   4
LESTER 451705 221023 13 F 1  51  34  53 1 1 293  5  0  51  30 100  53   0   0
LESTER 451705 221024 13 F 2  51  40  67 1 1 270  8  0  51  34 100  53   3   6
LESTER 451705 221025 13 F 2  52  38  59 1 1 203  5  0  52  32 100  59   5   0
LESTER 451705 221026 13 F 2  51  38  63 1 1 248  6  0  52  34 100  59  10   4
LESTER 451705 221027 13 F 2  53  39  59 1 1 180  5  0  53  33 100  59   0   0
STAMPE 451711 221022 13 F 2  37  30  77 1 1 270  8  0  37  34  96  77  15   4
STAMPE 451711 221023 13 F 1  41  31  68 1 1 270  5  0  41  32  91  68   0   0
STAMPE 451711 221024 13 F 2  40  36  86 1 1 270  6  0  41  36  97  68   3   6
STAMPE 451711 221025 13 F 2  41  34  78 1 1 225  4  0  41  35  93  78   5   2
STAMPE 451711 221026 13 F 2  40  34  81 1 1 270  5  0  41  35  95  78  10   2
STAMPE 451711 221027 13 F 2  42  35  79 1 1 203  4  0  42  35  97  79   0   0
GREENW 451718 221022 13 F 2  44  34  70 1 1 270  8  0  44  34 100  70  15   4
GREENW 451718 221023 13 F 1  47  35  63 1 1 293  5  0  47  30  97  63   0   0
GREENW 451718 221024 13 F 2  47  41  80 1 1 248 11  0  47  35  94  63   3   6
GREENW 451718 221025 13 F 2  49  39  70 1 1 203  8  0  49  33  95  70   5   2
GREENW 451718 221026 13 F 2  47  39  75 1 1 248  9  0  49  34  95  70  10   2
GREENW 451718 221027 13 F 2  49  39  70 1 1 180  6  0  49  34  97  70   0   0
FIRE A 451721 221022 13 F 2  46  39  78 1 1 270  4  0  47  38 100  78  15   4
FIRE A 451721 221023 13 F 2  50  40  70 1 1 270  4  0  50  36 100  70   0   0
FIRE A 451721 221024 13 F 6  49  45  86 1 1 248  8  0  50  39 100  66   3   7
FIRE A 451721 221025 13 F 2  51  43  75 1 1 180  5  0  51  39 100  75   5   3
FIRE A 451721 221026 13 F 2  49  43  80 1 1 225  6  0  51  39 100  74  15   4
FIRE A 451721 221027 13 F 2  52  45  77 1 1 180  5  0  52  39  99  77   3   0
ORRCR  451919 221022 13 F 2  44  34  70 1 1 270  6  0  47  31 100  70  16   4
ORRCR  451919 221023 13 F 1  48  33  57 1 1 270  5  0  48  26 100  57   0   0
ORRCR  451919 221024 13 F 2  46  39  78 1 1 270  6  0  48  33 100  57   2   6
ORRCR  451919 221025 13 F 2  50  39  67 1 1 225  5  0  50  31 100  67   5   2
ORRCR  451919 221026 13 F 2  47  38  71 1 1 248  6  0  50  32 100  67  13   6
ORRCR  451919 221027 13 F 2  50  39  67 1 1 225  6  0  50  32 100  67   5   0
Count:    48  Zone Average:  47  38  73          6  0  48  35  97  69   6   3
Zone: 661
COUGAR 450117 221022 13 F 2  50  35  57 1 1 315  6  0  50  39  89  56  13   0
COUGAR 450117 221023 13 F 2  51  37  60 1 1  90  4  0  51  38  73  56   0   0
COUGAR 450117 221024 13 F 2  54  41  62 1 1 248  8  0  54  44  69  59   6   4
COUGAR 450117 221025 13 F 2  52  40  65 1 1 158  5  0  54  41  69  61   3   3
COUGAR 450117 221026 13 F 2  51  40  67 1 1 225  5  0  52  43  79  65  13   0
COUGAR 450117 221027 13 F 2  53  42  68 1 1 180  5  0  53  42  74  66   0   2
HURRIC 450124 221022 13 F 1  38  26  62 1 1 293  6  0  38  34  88  59  13   0
HURRIC 450124 221023 13 F 2  41  26  55 1 1 315  3  0  41  33  67  49   0   0
HURRIC 450124 221024 13 F 2  42  32  68 1 1 248 11  0  42  38  68  55   6   4
HURRIC 450124 221025 13 F 2  42  31  67 1 1 180  6  0  42  36  69  57   0   3
HURRIC 450124 221026 13 F 2  40  31  72 1 1 225  8  0  42  36  73  63  13   0
HURRIC 450124 221027 13 F 2  42  33  71 1 1 248  5  0  42  36  73  60   0   2
BUCK K 450131 221022 13 F 1  51  37  59 1 1 338  5  0  51  42  95  59  13   0
BUCK K 450131 221023 13 F 2  52  38  60 1 1  45  4  0  52  39  74  59   0   0
BUCK K 450131 221024 13 F 2  53  42  68 1 1 248  8  0  53  46  73  60   6   4
BUCK K 450131 221025 13 F 2  52  42  69 1 1 158  5  0  53  42  71  62   3   3
BUCK K 450131 221026 13 F 2  51  42  72 1 1 248  5  0  52  44  79  69  13   0
BUCK K 450131 221027 13 F 2  54  45  72 1 1 180  5  0  54  43  75  66   0   2
JEFFER 450911 221022 13 F 2  41  35  82 1 1 270  3  0  42  40 100  73  13   0
JEFFER 450911 221023 13 F 2  42  36  81 1 1 180  5  0  42  38  84  62   0   0
JEFFER 450911 221024 13 F 2  43  41  95 1 1 248  8  0  46  41  95  63   7   7
JEFFER 450911 221025 13 F 2  42  42 100 1 1 203  5  0  44  41 100  62   5   3
JEFFER 450911 221026 13 F 2  42  41  98 1 1 225  8  0  45  42 100  63  13   2
JEFFER 450911 221027 13 F 2  44  44 100 1 1 225  5  0  44  41 100  63   0   2
Count:    24  Zone Average:  47  38  72          6  0  48  40  81  61   6   2
 
 
 
End of WIMS Bulletin @ 21-OCT-22 22:45:55 GMT

