SHUS66 KMWI 212305
FWOMFR
Weather Information Management System (WIMS)
USDA National Information Technology Center (KMWI)
21-OCT-22 23:05:30 GMT
 
Listing of Forecasted Observations (Medford, OR)
 
ST NME STAT'N   DATE HR T W DBT DPT  RH Y M DIR WS 10 TMX TMN HMX HMN PD1 PD2
------ ------ ------ -- - - --- --- --- - - --- -- -- --- --- --- ---  --  --
NWS Office:  MFR/Zone: 625
CATNIP 260109 221022 13 F 0  40  20  45 1 1 293 15  0  65  35  85  23   0   0
CATNIP 260109 221023 13 F 1  38  18  45 1 1 338  9  0  41  25  89  38   0   0
CATNIP 260109 221024 13 F 1  48  24  40 1 1 248  8  0  49  21  84  36   0   0
CATNIP 260109 221025 13 F 1  47  26  45 1 1 248 12  0  52  30  80  38   0   0
CATNIP 260109 221026 13 F 2  40  24  53 1 1 293 11  0  50  31  86  40   0   0
CATNIP 260109 221027 13 F 1  43  21  42 1 1 270  5  0  44  24  98  41   0   0
CATNIP 260109 221028 13 F 1  50  19  30 1 1 180  6  0  50  27  66  29   0   0
Count:     7  Zone Average:  44  22  43         10  0  50  28  84  35   0   0
Zone: 584
MT SHA 040217 221022 13 F 2  50  30  46 1 1 338  7  0  73  39  91  28   6   2
MT SHA 040217 221023 13 F 1  51  26  38 1 1 315  6  0  51  29  91  38   0   0
MT SHA 040217 221024 13 F 1  60  35  40 1 1 293  2  0  60  29  81  36   0   0
MT SHA 040217 221025 13 F 2  54  33  46 1 1 203  2  0  60  35  95  40   0   0
MT SHA 040217 221026 13 F 2  48  31  53 1 1 315  4  0  54  37 100  45   7   0
MT SHA 040217 221027 13 F 1  57  29  35 1 1  23  1  0  57  31  96  35   0   0
MT SHA 040217 221028 13 F 1  57  26  31 1 1 180  2  0  57  30  79  31   0   0
ASH CR 040244 221022 13 F 1  51  27  40 1 1 315  7  0  72  32  93  23   6   0
ASH CR 040244 221023 13 F 1  54  25  33 1 1 360  4  0  54  32  94  33   0   0
ASH CR 040244 221024 13 F 1  61  32  34 1 1 225  2  0  61  19 100  27   0   0
ASH CR 040244 221025 13 F 2  51  32  48 1 1 225  3  0  64  25 100  32   0   0
ASH CR 040244 221026 13 F 2  49  33  54 1 1 315  4  0  52  32 100  43   3   2
ASH CR 040244 221027 13 F 1  58  31  36 1 1  68  2  0  58  27 100  36   0   0
ASH CR 040244 221028 13 F 1  56  28  34 1 1 180  2  0  60  22  95  30   0   0
BOLAM  040247 221022 13 F 2  43  30  60 1 1 315  7  0  67  36  91  27  11   6
BOLAM  040247 221023 13 F 1  45  26  48 1 1 315  4  0  45  31  89  48   5   0
BOLAM  040247 221024 13 F 2  56  36  47 1 1 270  3  0  56  30  60  39   0   0
BOLAM  040247 221025 13 F 2  52  36  56 1 1 225  4  0  58  39  73  46   0   0
BOLAM  040247 221026 13 F 2  45  33  63 1 1 293  5  0  54  36  82  48   7   4
BOLAM  040247 221027 13 F 1  52  29  42 1 1 338  2  0  52  32  71  42   1   0
BOLAM  040247 221028 13 F 2  55  28  36 1 1 180  3  0  55  34  53  36   0   0
Count:    21  Zone Average:  53  30  44          4  0  58  31  87  36   2   1
Zone: 585
SLATER 040225 221022 13 F 8  39  31  75 1 1 270  6  0  61  38  92  51  13   8
SLATER 040225 221023 13 F 1  43  25  50 1 1  23  4  0  43  34  88  50   9   0
SLATER 040225 221024 13 F 2  49  34  57 1 1 248  3  0  49  37  57  41   0   1
SLATER 040225 221025 13 F 2  48  37  67 1 1 270  4  0  52  41  87  54   3   0
SLATER 040225 221026 13 F 2  43  34  73 1 1 315  4  0  49  38  83  56  12   4
SLATER 040225 221027 13 F 1  50  31  49 1 1  68  2  0  50  40  73  49   0   0
SLATER 040225 221028 13 F 2  51  31  47 1 1 180  3  0  53  41  54  44   0   0
Count:     7  Zone Average:  46  32  60          4  0  51  39  76  49   5   2
Zone: 586
BLUE R 040203 221022 13 F 2  42  27  57 1 1 270  7  0  63  38  92  37  11   0
BLUE R 040203 221023 13 F 1  45  19  36 1 1 360  2  0  45  32  90  36   0   0
BLUE R 040203 221024 13 F 2  53  29  40 1 1 270  4  0  53  36  52  32   0   0
BLUE R 040203 221025 13 F 2  45  31  59 1 1 248  5  0  53  42  76  40   0   0
BLUE R 040203 221026 13 F 2  42  30  63 1 1 315  6  0  45  39  73  58   7   2
BLUE R 040203 221027 13 F 1  49  25  40 1 1  23  3  0  49  36  63  40   0   0
BLUE R 040203 221028 13 F 2  53  26  35 1 1 180  3  0  53  41  50  35   0   0
SAWYER 040222 221022 13 F 2  58  36  45 1 1 270  6  0  80  37  98  21  11   2
SAWYER 040222 221023 13 F 1  63  25  24 1 1  23  3  0  63  33  95  24   3   0
SAWYER 040222 221024 13 F 2  70  44  40 1 1 270  4  0  70  30  63  19   0   0
SAWYER 040222 221025 13 F 2  61  37  41 1 1 248  4  0  71  39  94  39   0   0
SAWYER 040222 221026 13 F 2  59  34  39 1 1 315  4  0  62  36 100  38   7   4
SAWYER 040222 221027 13 F 1  69  32  26 1 1  23  3  0  69  32  91  26   0   0
SAWYER 040222 221028 13 F 2  68  28  23 1 1 180  2  0  72  32  68  23   0   0
SOMES  040231 221022 13 F 2  60  41  51 1 1 270  6  0  81  41  99  26  12   3
SOMES  040231 221023 13 F 1  66  35  32 1 1 338  4  0  66  39  97  32   5   0
SOMES  040231 221024 13 F 2  69  46  45 1 1 248  3  0  69  31  95  25   0   0
SOMES  040231 221025 13 F 2  63  46  55 1 1 248  4  0  72  40 100  44   0   0
SOMES  040231 221026 13 F 2  62  44  52 1 1 293  4  0  65  41 100  48  10   4
SOMES  040231 221027 13 F 1  69  40  36 1 1 360  2  0  69  36 100  36   0   0
SOMES  040231 221028 13 F 2  67  39  36 1 1 158  2  0  73  34  99  31   0   0
Count:    21  Zone Average:  59  34  42          4  0  64  37  86  34   3   1
Zone: 587
OAK KN 040218 221022 13 F 8  54  34  48 1 1 293  7  0  78  39  90  25  13   7
OAK KN 040218 221023 13 F 1  57  28  33 1 1 338  2  0  60  34  90  32  11   0
OAK KN 040218 221024 13 F 2  62  43  51 1 1 270  2  0  66  31  78  26   0   0
OAK KN 040218 221025 13 F 2  59  39  48 1 1 270  4  0  69  40  96  46   0   0
OAK KN 040218 221026 13 F 2  54  34  47 1 1 315  4  0  65  37  98  39  10   4
OAK KN 040218 221027 13 F 1  61  31  33 1 1  68  2  0  63  34  93  33   1   0
OAK KN 040218 221028 13 F 2  62  30  30 1 1 158  2  0  67  31  79  26   0   0
COLLIN 040237 221022 13 F 8  41  29  62 1 1 293  8  0  66  32  90  36  11   6
COLLIN 040237 221023 13 F 1  43  23  46 1 1 360  2  0  46  28  91  43   8   0
COLLIN 040237 221024 13 F 2  49  30  49 1 1 270  3  0  53  32  62  36   0   0
COLLIN 040237 221025 13 F 2  47  35  65 1 1 270  4  0  54  38  87  43   0   0
COLLIN 040237 221026 13 F 2  41  31  70 1 1 315  4  0  51  37  85  54  10   4
COLLIN 040237 221027 13 F 1  47  28  48 1 1  68  2  0  52  34  76  44   0   0
COLLIN 040237 221028 13 F 2  50  28  43 1 1 158  2  0  54  37  56  39   0   0
QUARTZ 040239 221022 13 F 2  49  32  53 1 1 293  6  0  69  36  88  28  11   6
QUARTZ 040239 221023 13 F 1  53  28  38 1 1 360  2  0  53  33  93  38   5   0
QUARTZ 040239 221024 13 F 2  57  36  46 1 1 293  2  0  57  27  78  30   0   0
QUARTZ 040239 221025 13 F 2  54  37  54 1 1 270  3  0  59  36  99  45   0   0
QUARTZ 040239 221026 13 F 2  49  34  57 1 1 315  4  0  55  34  99  46   7   4
QUARTZ 040239 221027 13 F 1  55  30  39 1 1  45  2  0  55  31  99  39   0   0
QUARTZ 040239 221028 13 F 2  56  29  36 1 1 158  2  0  57  30  78  33   0   0
CALLAH 040245 221022 13 F 2  47  32  57 1 1 315  6  0  70  37  89  28  11   2
CALLAH 040245 221023 13 F 1  49  28  45 1 1 338  4  0  50  33  91  45   0   0
CALLAH 040245 221024 13 F 2  59  35  42 1 1 293  3  0  59  29  70  36   0   0
CALLAH 040245 221025 13 F 2  53  39  59 1 1 248  4  0  61  37  95  42   0   0
CALLAH 040245 221026 13 F 2  48  37  67 1 1 338  5  0  54  36  99  51   7   4
CALLAH 040245 221027 13 F 1  55  33  44 1 1  23  3  0  55  32  91  44   0   0
CALLAH 040245 221028 13 F 2  56  31  39 1 1 180  2  0  58  29  70  38   0   0
DUTCH  040246 221022 13 F 2  52  38  60 1 1 270  5  0  72  43  94  30  13   6
DUTCH  040246 221023 13 F 1  54  28  37 1 1 360  4  0  54  37  92  37   8   0
DUTCH  040246 221024 13 F 2  60  40  48 1 1 248  2  0  60  38  65  29   0   0
DUTCH  040246 221025 13 F 2  57  41  57 1 1 248  4  0  63  44  92  48   3   0
DUTCH  040246 221026 13 F 2  53  38  58 1 1 315  4  0  58  42  93  51  10   4
DUTCH  040246 221027 13 F 1  60  35  40 1 1  23  2  0  60  38  85  40   1   0
DUTCH  040246 221028 13 F 2  60  35  39 1 1 158  2  0  63  39  70  35   0   0
Count:    35  Zone Average:  53  33  48          4  0  60  35  86  38   4   1
Zone: 588
WEED A 040228 221022 13 F 2  48  31  52 1 1 315  6  0  72  41  86  29   8   4
WEED A 040228 221023 13 F 1  49  31  50 1 1 338  4  0  49  36  87  48   3   0
WEED A 040228 221024 13 F 2  57  33  41 1 1 338  3  0  57  31  70  38   0   0
WEED A 040228 221025 13 F 2  51  38  63 1 1 225  3  0  60  41  85  40   0   0
WEED A 040228 221026 13 F 2  46  35  67 1 1 315  4  0  55  38  91  50   7   4
WEED A 040228 221027 13 F 1  54  34  47 1 1 360  2  0  54  35  85  47   0   0
WEED A 040228 221028 13 F 2  56  31  39 1 1 180  2  0  57  35  66  39   0   0
BRAZIE 040242 221022 13 F 2  49  29  46 1 1 293  7  0  71  43  82  30  11   6
BRAZIE 040242 221023 13 F 1  49  27  43 1 1 360  4  0  49  37  86  43   5   0
BRAZIE 040242 221024 13 F 2  55  31  40 1 1 315  2  0  55  31  70  36   0   0
BRAZIE 040242 221025 13 F 2  51  37  59 1 1 248  2  0  59  41  81  39   0   0
BRAZIE 040242 221026 13 F 2  47  34  62 1 1 315  4  0  53  40  85  49   7   4
BRAZIE 040242 221027 13 F 1  53  31  44 1 1 360  2  0  53  35  81  44   1   0
BRAZIE 040242 221028 13 F 2  55  31  40 1 1 158  2  0  56  34  67  36   0   0
Count:    14  Zone Average:  52  32  50          3  0  57  37  80  41   3   1
Zone: 589
JUANIT 040240 221022 13 F 2  43  28  57 1 1 293  8  0  65  36  86  37  11   6
JUANIT 040240 221023 13 F 1  46  22  39 1 1 338  4  0  46  30  89  39   8   0
JUANIT 040240 221024 13 F 2  54  34  47 1 1 270  4  0  54  31  62  36   0   0
JUANIT 040240 221025 13 F 2  49  32  53 1 1 248  4  0  54  40  77  47   0   0
JUANIT 040240 221026 13 F 2  43  30  61 1 1 293  6  0  49  36  83  51   7   6
JUANIT 040240 221027 13 F 1  51  29  43 1 1  23  2  0  51  32  74  43   3   0
JUANIT 040240 221028 13 F 2  55  27  35 1 1 180  2  0  55  34  57  35   0   0
VAN BR 040243 221022 13 F 2  42  26  53 1 1 315 10  0  68  34  93  29  11   4
VAN BR 040243 221023 13 F 1  44  21  40 1 1 360  5  0  45  28  90  38   3   0
VAN BR 040243 221024 13 F 2  55  32  42 1 1 270  4  0  56  22  76  33   0   0
VAN BR 040243 221025 13 F 2  49  31  51 1 1 248  5  0  57  31  81  41   0   0
VAN BR 040243 221026 13 F 2  42  30  64 1 1 315  7  0  51  32  97  48   7   3
VAN BR 040243 221027 13 F 1  49  27  43 1 1  23  3  0  51  26  93  41   3   0
VAN BR 040243 221028 13 F 1  50  24  36 1 1 180  3  0  53  24  70  35   0   0
LOWER  040310 221022 13 F 2  44  29  56 1 1 293 12  0  66  35  93  41  11   4
LOWER  040310 221023 13 F 1  47  25  42 1 1 338  4  0  47  30  93  42   3   0
LOWER  040310 221024 13 F 2  51  31  47 1 1 270  4  0  51  23  90  35   0   0
LOWER  040310 221025 13 F 2  48  35  62 1 1 248  5  0  54  31  94  46   0   0
LOWER  040310 221026 13 F 2  44  34  70 1 1 293  8  0  50  34 100  55   7   4
LOWER  040310 221027 13 F 1  49  31  50 1 1 180  3  0  49  29 100  50   1   0
LOWER  040310 221028 13 F 1  53  30  42 1 1 158  2  0  53  25  84  41   0   0
Count:    21  Zone Average:  48  29  49          5  0  54  31  85  41   4   1
Zone: 590
ROUND  040221 221022 13 F 2  46  22  39 1 1 315  8  0  70  37  89  21   6   0
ROUND  040221 221023 13 F 1  47  17  31 1 1  23  6  0  48  28  90  31   0   0
ROUND  040221 221024 13 F 1  57  28  34 1 1 248  2  0  59  23  86  26   0   0
ROUND  040221 221025 13 F 2  51  29  44 1 1 225  6  0  60  31  73  31   0   0
ROUND  040221 221026 13 F 2  44  27  51 1 1 315  6  0  54  31  98  40   3   0
ROUND  040221 221027 13 F 1  51  24  35 1 1  68  2  0  53  27 100  35   0   0
ROUND  040221 221028 13 F 1  54  22  29 1 1 203  4  0  55  24  74  28   0   0
INDIAN 040233 221022 13 F 2  42  25  52 1 1 293 13  0  66  38  86  34  11   4
INDIAN 040233 221023 13 F 1  44  20  38 1 1 338  5  0  44  31  85  38   3   0
INDIAN 040233 221024 13 F 2  54  30  41 1 1 293  5  0  54  30  59  32   0   0
INDIAN 040233 221025 13 F 2  49  32  53 1 1 248  6  0  55  38  70  41   0   0
INDIAN 040233 221026 13 F 2  43  30  61 1 1 293  8  0  50  37  76  48   7   4
INDIAN 040233 221027 13 F 1  48  26  43 1 1  45  4  0  48  33  74  43   1   0
INDIAN 040233 221028 13 F 1  53  25  34 1 1 180  4  0  53  32  55  34   0   0
BLUE M 040302 221022 13 F 2  40  21  47 1 1 293 13  0  61  36  87  33  11   4
BLUE M 040302 221023 13 F 1  39  16  39 1 1 360  6  0  40  26  89  39   3   0
BLUE M 040302 221024 13 F 1  47  23  39 1 1 248  4  0  47  29  64  32   0   0
BLUE M 040302 221025 13 F 2  46  32  59 1 1 248  8  0  50  39  64  39   0   0
BLUE M 040302 221026 13 F 2  38  26  62 1 1 293 10  0  47  36  78  49   7   2
BLUE M 040302 221027 13 F 1  43  22  44 1 1 113  3  0  43  30  72  44   1   0
BLUE M 040302 221028 13 F 1  48  19  32 1 1 180  6  0  48  34  54  32   0   0
TIMBER 040306 221022 13 F 2  47  25  42 1 1 315 12  0  70  37  87  25   7   2
TIMBER 040306 221023 13 F 1  48  21  34 1 1 338  6  0  48  31  90  34   0   0
TIMBER 040306 221024 13 F 1  55  27  35 1 1 293  3  0  55  21  88  29   0   0
TIMBER 040306 221025 13 F 2  52  34  51 1 1 248  6  0  58  32  74  35   0   0
TIMBER 040306 221026 13 F 2  45  29  55 1 1 315  8  0  53  36  88  44   3   2
TIMBER 040306 221027 13 F 1  51  26  38 1 1  45  3  0  51  27  95  38   0   0
TIMBER 040306 221028 13 F 1  57  25  30 1 1 180  4  0  57  25  72  30   0   0
DEVILS 040309 221022 13 F 2  43  22  44 1 1 315 11  0  67  37  88  23  11   4
DEVILS 040309 221023 13 F 1  43  17  36 1 1 360  6  0  44  28  87  36   3   0
DEVILS 040309 221024 13 F 1  52  22  31 1 1 248  4  0  52  24  75  31   0   0
DEVILS 040309 221025 13 F 1  49  29  47 1 1 248  8  0  55  33  71  30   0   0
DEVILS 040309 221026 13 F 2  42  27  56 1 1 293 10  0  50  35  86  44   0   0
DEVILS 040309 221027 13 F 1  47  24  41 1 1  90  3  0  47  28  89  41   0   0
DEVILS 040309 221028 13 F 1  53  21  29 1 1 180  4  0  53  28  69  29   0   0
RUSH C 040312 221022 13 F 2  46  23  41 1 1 315 10  0  68  38  85  20   6   4
RUSH C 040312 221023 13 F 1  43  17  35 1 1 360  6  0  46  27  84  35   3   0
RUSH C 040312 221024 13 F 1  54  24  31 1 1 270  3  0  54  28  62  30   0   0
RUSH C 040312 221025 13 F 1  50  28  44 1 1 248  6  0  57  37  68  30   0   0
RUSH C 040312 221026 13 F 2  43  28  56 1 1 315  8  0  51  35  80  42   0   0
RUSH C 040312 221027 13 F 1  50  24  37 1 1  90  2  0  50  32  77  37   0   0
RUSH C 040312 221028 13 F 1  55  23  29 1 1 180  3  0  55  32  55  29   0   0
BEAR F 040313 221022 13 F 2  41  25  53 1 1 315 11  0  65  34  94  20   6   4
BEAR F 040313 221023 13 F 1  41  19  42 1 1 360  5  0  42  26  92  42   3   0
BEAR F 040313 221024 13 F 1  50  23  35 1 1 270  4  0  50  23  72  34   0   0
BEAR F 040313 221025 13 F 1  52  33  50 1 1 248  8  0  53  34  66  34   0   0
BEAR F 040313 221026 13 F 2  40  26  59 1 1 315  9  0  52  35  80  47   0   0
BEAR F 040313 221027 13 F 1  46  24  43 1 1 158  3  0  46  28  83  43   0   0
BEAR F 040313 221028 13 F 1  50  22  33 1 1 180  4  0  50  30  62  33   0   0
COLD S 040314 221022 13 F 8  40  22  50 1 1 293 13  0  62  33  92  29  11   4
COLD S 040314 221023 13 F 1  39  18  44 1 1 360  5  0  40  25  91  44   3   0
COLD S 040314 221024 13 F 1  47  23  39 1 1 248  4  0  47  26  66  38   0   0
COLD S 040314 221025 13 F 1  46  32  58 1 1 248  9  0  49  36  61  39   0   0
COLD S 040314 221026 13 F 2  38  26  63 1 1 293 10  0  48  34  74  53   3   2
COLD S 040314 221027 13 F 1  42  24  50 1 1 248  3  0  42  29  75  50   0   0
COLD S 040314 221028 13 F 1  49  23  37 1 1 203  5  0  49  30  60  37   0   0
SURPRI 040315 221022 13 F 2  47  23  40 1 1 293 11  0  69  35  87  20   8   4
SURPRI 040315 221023 13 F 1  46  19  34 1 1 360  6  0  48  30  87  34   3   0
SURPRI 040315 221024 13 F 1  53  25  34 1 1 248  3  0  53  20  86  29   0   0
SURPRI 040315 221025 13 F 1  52  30  44 1 1 248  7  0  57  31  75  32   0   0
SURPRI 040315 221026 13 F 2  45  26  47 1 1 293  8  0  55  32  90  39   0   0
SURPRI 040315 221027 13 F 1  50  24  37 1 1 225  2  0  50  23  98  37   0   0
SURPRI 040315 221028 13 F 1  54  22  29 1 1 180  3  0  54  25  76  29   0   0
Count:    63  Zone Average:  47  25  42          6  0  53  31  79  35   2   1
Zone: 615
LONG P 352819 221022 13 F 8  53  50  91 1 2 293  4  0  63  46 100  63  16   8
LONG P 352819 221023 13 F 2  58  46  66 2 1 360  2  0  58  43  96  66  14   0
LONG P 352819 221024 13 F 6  57  47  70 1 1 180  4  0  59  44  83  62   1   7
LONG P 352819 221025 13 F 2  57  50  79 1 1 248  5  0  59  47 100  70   9   3
LONG P 352819 221026 13 F 2  57  51  81 1 1 293  3  0  57  47 100  77  15   4
LONG P 352819 221027 13 F 1  62  51  69 1 1 315  3  0  62  44  96  69   1   0
LONG P 352819 221028 13 F 2  62  51  69 1 1 180  4  0  62  46  90  65   3   2
SEVEN  352820 221022 13 F 8  54  49  84 2 2 293  6  0  60  49  98  74  16   8
SEVEN  352820 221023 13 F 2  57  46  69 2 1 338  2  0  58  45  95  67  14   0
SEVEN  352820 221024 13 F 6  56  48  76 1 1 180  6  0  58  46  90  66   2   7
SEVEN  352820 221025 13 F 2  56  50  81 1 1 225  6  0  57  47 100  74   6   3
SEVEN  352820 221026 13 F 2  56  50  81 1 1 270  3  0  57  48  99  79  15   4
SEVEN  352820 221027 13 F 1  58  49  73 1 1 293  4  0  59  46  98  72   0   0
SEVEN  352820 221028 13 F 2  59  51  75 1 1 180  5  0  60  47  93  71   3   2
Count:    14  Zone Average:  57  49  76          4  0  59  46  96  70   8   4
Zone: 616
SIGNAL 352816 221022 13 F 8  40  39 100 1 2 270  6  0  57  40 100  65  15   8
SIGNAL 352816 221023 13 F 2  48  39  72 2 1 360  2  0  48  36 100  71  14   0
SIGNAL 352816 221024 13 F 6  46  43  91 1 1 203  6  0  48  42  91  54   1   4
SIGNAL 352816 221025 13 F 2  48  44  87 1 1 248  6  0  52  46 100  80   9   3
SIGNAL 352816 221026 13 F 2  46  43  92 1 1 270  5  0  50  44  92  73  15   7
SIGNAL 352816 221027 13 F 1  52  41  68 1 1 135  4  0  52  42  92  68   4   0
SIGNAL 352816 221028 13 F 2  54  43  67 1 1 180  5  0  54  43  68  63   0   0
SILVER 353041 221022 13 F 8  38  36  95 1 2 270  6  0  59  38  97  51  14   8
SILVER 353041 221023 13 F 2  45  33  64 2 1 360  3  0  45  33  99  64  14   0
SILVER 353041 221024 13 F 6  45  38  77 1 1 180  4  0  46  40  77  59   0   3
SILVER 353041 221025 13 F 2  48  40  75 1 1 248  4  0  49  43  84  74   8   2
SILVER 353041 221026 13 F 2  45  39  82 1 1 293  4  0  48  42  83  73  14   7
SILVER 353041 221027 13 F 1  51  37  59 1 1 158  2  0  51  39  82  59   3   0
SILVER 353041 221028 13 F 2  53  36  54 1 1 180  4  0  53  41  71  54   0   0
MT. YO 353043 221022 13 F 8  49  45  87 2 2 248  4  0  63  45 100  59  16   8
MT. YO 353043 221023 13 F 2  56  44  64 2 1 315  1  0  58  41  98  63  14   0
MT. YO 353043 221024 13 F 6  51  44  77 1 1 180  2  0  60  41  94  53   1   7
MT. YO 353043 221025 13 F 2  54  47  79 1 1 225  4  0  55  45 100  72   9   3
MT. YO 353043 221026 13 F 2  51  49  93 1 1 270  2  0  56  45 100  76  15   7
MT. YO 353043 221027 13 F 1  57  48  72 1 1 180  2  0  59  42 100  72   4   0
MT. YO 353043 221028 13 F 2  58  48  70 1 1 180  2  0  61  41  98  63   0   2
BURNT  353044 221022 13 F 8  47  44  91 2 2 270  6  0  60  43  98  54  15   8
BURNT  353044 221023 13 F 2  53  39  60 2 1 360  2  0  53  38  96  60  14   0
BURNT  353044 221024 13 F 6  50  43  77 1 1 203  5  0  53  42  81  59   1   7
BURNT  353044 221025 13 F 2  53  45  77 1 1 248  6  0  53  49  88  77   9   3
BURNT  353044 221026 13 F 2  51  45  82 1 1 270  5  0  53  45  82  76  15   7
BURNT  353044 221027 13 F 1  56  42  61 1 1 135  3  0  56  42  82  61   4   0
BURNT  353044 221028 13 F 2  58  43  59 1 1 180  5  0  58  43  73  59   0   0
CHARLO 353046 221022 13 F 8  51  46  86 2 2 293  5  0  61  47  99  60  16   8
CHARLO 353046 221023 13 F 2  57  44  63 2 1 293  1  0  60  41  96  58  14   0
CHARLO 353046 221024 13 F 6  55  48  79 1 1 203  4  0  60  44  89  56   2   7
CHARLO 353046 221025 13 F 2  55  48  80 1 1 225  5  0  57  45 100  75   9   3
CHARLO 353046 221026 13 F 2  56  50  81 1 1 270  3  0  57  46 100  75  15   6
CHARLO 353046 221027 13 F 1  59  48  68 1 1 158  2  0  61  44  98  64   4   0
CHARLO 353046 221028 13 F 2  60  49  69 1 1 180  4  0  62  46  94  63   3   2
NORTH  353048 221022 13 F 8  47  46 100 2 2 248  3  0  58  44 100  63  15   8
NORTH  353048 221023 13 F 2  52  42  71 2 1 315  2  0  52  41 100  71  15   0
NORTH  353048 221024 13 F 6  48  45  92 1 1 180  3  0  52  40  93  63   1   7
NORTH  353048 221025 13 F 2  51  47  89 1 1 225  4  0  51  46  99  89   9   3
NORTH  353048 221026 13 F 2  48  48 100 1 1 270  2  0  52  44 100  87  15   7
NORTH  353048 221027 13 F 1  55  48  78 1 1 225  2  0  55  42 100  78   4   0
NORTH  353048 221028 13 F 2  56  48  75 1 1 180  2  0  56  40  91  72   0   0
Count:    42  Zone Average:  51  44  78          4  0  55  43  93  66   8   4
Zone: 617
SUGARL 352546 221022 13 F 8  40  38  96 2 2 248  5  0  60  35 100  60  15   8
SUGARL 352546 221023 13 F 2  45  35  70 2 1 293  2  0  51  30 100  63  15   0
SUGARL 352546 221024 13 F 6  44  40  88 1 1 203  5  0  51  33  98  51   0   4
SUGARL 352546 221025 13 F 2  45  41  89 1 1 225  4  0  50  39 100  66   9   3
SUGARL 352546 221026 13 F 2  43  42  97 1 1 248  4  0  49  39 100  65  15   7
SUGARL 352546 221027 13 F 1  50  41  72 1 1 225  2  0  55  38 100  61   4   0
SUGARL 352546 221028 13 F 2  54  41  63 1 1 180  4  0  59  35  82  49   0   0
CINNAM 353031 221022 13 F 8  35  31  87 1 1 270  6  0  55  29  99  60  15   8
CINNAM 353031 221023 13 F 2  41  30  66 1 1 293  2  0  42  28  98  65  15   0
CINNAM 353031 221024 13 F 2  42  31  67 1 1 225  4  0  43  23 100  61   0   3
CINNAM 353031 221025 13 F 2  41  34  77 1 1 248  4  0  45  29 100  65   8   0
CINNAM 353031 221026 13 F 2  38  33  84 1 1 270  4  0  42  31 100  73  12   7
CINNAM 353031 221027 13 F 1  46  34  65 1 1 225  2  0  47  27 100  63   3   0
CINNAM 353031 221028 13 F 2  48  33  57 1 1 180  2  0  49  23 100  55   0   0
GRANDA 353036 221022 13 F 8  44  40  88 2 2 248  3  0  60  38  99  54  15   8
GRANDA 353036 221023 13 F 2  50  36  59 2 1 315  2  0  50  35  98  59  15   0
GRANDA 353036 221024 13 F 6  51  41  70 1 1 180  3  0  52  36  84  57   0   3
GRANDA 353036 221025 13 F 2  50  40  69 1 1 225  4  0  52  41 100  69   8   2
GRANDA 353036 221026 13 F 2  49  41  76 1 1 270  3  0  50  39 100  69  14   7
GRANDA 353036 221027 13 F 1  57  41  55 1 1 203  2  0  57  37  99  55   3   0
GRANDA 353036 221028 13 F 2  59  39  48 1 1 180  2  0  59  37  82  48   0   0
TOKETE 353038 221022 13 F 8  41  38  90 2 2 270  4  0  60  34 100  53  15   8
TOKETE 353038 221023 13 F 2  46  34  64 1 1 315  2  0  46  34  98  64  15   0
TOKETE 353038 221024 13 F 6  47  38  72 1 1 180  4  0  47  29 100  58   0   3
TOKETE 353038 221025 13 F 2  47  38  71 1 1 225  4  0  48  33 100  71   8   0
TOKETE 353038 221026 13 F 2  43  37  82 1 1 270  4  0  47  33 100  70  12   7
TOKETE 353038 221027 13 F 1  53  39  59 1 1 203  2  0  53  30 100  59   3   0
TOKETE 353038 221028 13 F 2  56  38  51 1 1 180  2  0  56  28  93  51   0   0
BUCKEY 353040 221022 13 F 8  47  42  84 2 2 270  3  0  68  39 100  42  14   8
BUCKEY 353040 221023 13 F 2  54  38  55 2 1 315  2  0  56  35  99  53  15   0
BUCKEY 353040 221024 13 F 6  54  44  70 1 1 158  2  0  58  33  97  49   0   3
BUCKEY 353040 221025 13 F 2  54  42  65 1 1 248  3  0  58  39 100  62   8   0
BUCKEY 353040 221026 13 F 2  50  40  71 1 1 270  2  0  57  38 100  61  12   7
BUCKEY 353040 221027 13 F 1  60  40  49 1 1 203  2  0  62  35 100  47   3   0
BUCKEY 353040 221028 13 F 2  62  39  43 1 1 158  2  0  64  35  93  41   0   0
Count:    35  Zone Average:  48  38  71          3  0  53  34  98  59   8   3
Zone: 618
RED MO 352920 221022 13 F 8  56  48  76 1 1 293  4  0  66  48  97  52  15   6
RED MO 352920 221023 13 F 1  61  43  53 1 1 338  5  0  61  44  90  53   8   0
RED MO 352920 221024 13 F 2  60  43  55 1 1 180  4  0  61  49  62  49   0   3
RED MO 352920 221025 13 F 2  59  49  72 1 1 270  5  0  60  50  82  55   8   0
RED MO 352920 221026 13 F 2  58  47  67 1 1 315  4  0  59  49  79  67  12   4
RED MO 352920 221027 13 F 1  63  47  57 1 1 315  4  0  63  47  74  57   0   0
RED MO 352920 221028 13 F 2  61  46  59 1 1 158  4  0  63  48  68  57   0   0
FLYNN  352922 221022 13 F 8  50  48  94 1 1 293  4  0  61  47 100  61  16   8
FLYNN  352922 221023 13 F 2  53  44  74 1 1 338  5  0  57  46 100  64  14   0
FLYNN  352922 221024 13 F 6  51  47  87 1 1 180  4  0  57  46  95  60   1   6
FLYNN  352922 221025 13 F 2  51  48  90 1 1 248  4  0  56  47 100  79   8   2
FLYNN  352922 221026 13 F 2  51  47  89 1 1 315  4  0  55  47 100  78  13   4
FLYNN  352922 221027 13 F 1  54  48  82 1 1 338  4  0  58  46 100  69   2   0
FLYNN  352922 221028 13 F 2  53  47  82 1 1 180  5  0  60  46  94  68   0   0
Count:    14  Zone Average:  56  47  74          4  0  60  47  89  62   7   2
Zone: 619
BALD2  352813 221022 13 F 8  44  41  91 1 2 270  4  0  60  42  97  57  15   8
BALD2  352813 221023 13 F 2  52  38  61 2 1 360  4  0  52  37  98  61  14   0
BALD2  352813 221024 13 F 6  51  43  74 1 1 203  4  0  53  42  83  52   0   3
BALD2  352813 221025 13 F 2  52  44  76 1 1 248  4  0  53  49  97  67   8   2
BALD2  352813 221026 13 F 2  51  43  76 1 1 293  4  0  52  45  76  65  13   6
BALD2  352813 221027 13 F 1  57  41  55 1 1 113  3  0  57  42  76  55   3   0
BALD2  352813 221028 13 F 2  58  42  57 1 1 180  5  0  58  44  64  51   0   0
QUAIL2 352915 221022 13 F 8  47  43  87 1 1 270  4  0  63  45  95  61  13   7
QUAIL2 352915 221023 13 F 1  53  38  58 1 1  23  4  0  53  39  92  58   9   0
QUAIL2 352915 221024 13 F 2  53  43  70 1 1 203  4  0  53  46  70  50   0   3
QUAIL2 352915 221025 13 F 2  51  46  85 1 1 248  4  0  53  50  87  68   8   0
QUAIL2 352915 221026 13 F 2  50  43  78 1 1 315  3  0  51  46  85  66  12   4
QUAIL2 352915 221027 13 F 1  57  41  56 1 1 360  2  0  57  44  78  56   1   0
QUAIL2 352915 221028 13 F 2  57  43  60 1 1 180  4  0  58  47  60  53   0   0
AGNES2 352916 221022 13 F 8  56  48  76 1 1 270  4  0  73  45  99  39  15   8
AGNES2 352916 221023 13 F 2  63  41  46 1 1 360  4  0  63  38  98  46  14   0
AGNES2 352916 221024 13 F 6  63  48  59 1 1 180  3  0  64  40  86  43   0   3
AGNES2 352916 221025 13 F 2  62  49  64 1 1 248  4  0  64  45 100  59   8   0
AGNES2 352916 221026 13 F 2  60  46  62 1 1 293  3  0  62  45  99  62  13   6
AGNES2 352916 221027 13 F 1  67  44  45 1 1  90  2  0  67  40 100  45   3   0
AGNES2 352916 221028 13 F 2  69  47  47 1 1 180  3  0  69  40  89  43   0   0
Count:    21  Zone Average:  56  44  66          4  0  59  43  87  55   7   2
Zone: 620
CALVER 352919 221022 13 F 8  44  42  94 1 2 270  5  0  67  39  99  46  14   8
CALVER 352919 221023 13 F 2  50  37  61 2 1 360  3  0  54  33  98  58  14   0
CALVER 352919 221024 13 F 6  50  43  77 1 1 203  4  0  56  39  85  56   0   3
CALVER 352919 221025 13 F 2  51  43  75 1 1 248  4  0  56  45  90  71   8   2
CALVER 352919 221026 13 F 2  49  42  78 1 1 293  4  0  56  41  88  69  13   6
CALVER 352919 221027 13 F 1  55  40  57 1 1 113  2  0  61  39  84  55   3   0
CALVER 352919 221028 13 F 2  57  40  54 1 1 180  4  0  62  39  73  52   0   0
ONION2 353114 221022 13 F 8  37  33  88 1 1 270  5  0  58  37  95  52  14   8
ONION2 353114 221023 13 F 1  44  29  57 1 1  23  3  0  44  32  96  57  12   0
ONION2 353114 221024 13 F 2  45  33  64 1 1 203  4  0  45  39  66  50   0   3
ONION2 353114 221025 13 F 2  45  37  74 1 1 248  4  0  52  45  80  64   8   0
ONION2 353114 221026 13 F 2  42  34  75 1 1 293  4  0  48  41  77  63  12   6
ONION2 353114 221027 13 F 1  47  31  55 1 1  90  3  0  47  39  75  55   3   0
ONION2 353114 221028 13 F 2  51  33  51 1 1 180  4  0  51  41  57  51   0   0
IV AIR 353115 221022 13 F 8  53  43  70 1 1 270  4  0  71  39  98  36  13   7
IV AIR 353115 221023 13 F 1  59  39  49 1 1  23  4  0  59  38  97  49   9   0
IV AIR 353115 221024 13 F 2  59  39  49 1 1 225  2  0  62  30  95  39   0   3
IV AIR 353115 221025 13 F 2  57  46  68 1 1 248  3  0  62  38 100  48   8   0
IV AIR 353115 221026 13 F 2  55  44  68 1 1 315  2  0  59  39 100  60  12   6
IV AIR 353115 221027 13 F 1  62  42  49 1 1  23  2  0  62  36 100  49   3   0
IV AIR 353115 221028 13 F 2  61  41  49 1 1 180  2  0  66  31  99  41   0   0
PROVOL 353120 221022 13 F 8  52  46  80 1 1 293  4  0  71  41  96  37  13   8
PROVOL 353120 221023 13 F 1  57  41  57 1 1 360  2  0  57  39  96  57  14   0
PROVOL 353120 221024 13 F 2  58  40  53 1 1 270  2  0  58  31  91  48   0   3
PROVOL 353120 221025 13 F 2  55  47  76 1 1 270  3  0  61  39 100  53   8   0
PROVOL 353120 221026 13 F 2  53  46  78 1 1 293  3  0  56  41 100  66  12   4
PROVOL 353120 221027 13 F 1  59  44  58 1 1  45  2  0  59  36 100  58   1   0
PROVOL 353120 221028 13 F 2  59  42  54 1 1 158  1  0  62  31  94  50   0   0
MERLIN 353122 221022 13 F 8  51  44  77 1 1 270  3  0  71  43  95  35  13   8
MERLIN 353122 221023 13 F 1  55  37  52 1 1 360  2  0  55  38  96  52  14   0
MERLIN 353122 221024 13 F 2  55  44  67 1 1 158  1  0  57  35  92  42   0   3
MERLIN 353122 221025 13 F 2  56  46  70 1 1 270  2  0  58  44 100  64   8   0
MERLIN 353122 221026 13 F 2  53  43  70 1 1 293  2  0  57  44 100  60  12   6
MERLIN 353122 221027 13 F 1  57  40  53 1 1 113  1  0  57  38 100  53   3   0
MERLIN 353122 221028 13 F 2  58  39  51 1 1 158  2  0  60  36  95  45   0   0
Count:    35  Zone Average:  53  40  65          3  0  58  38  92  53   7   3
Zone: 621
CRAZY  040106 221022 13 F 8  38  37  97 1 1 270  6  0  59  36  99  57  13   7
CRAZY  040106 221023 13 F 1  40  29  65 1 1  23  5  0  42  31 100  59   9   0
CRAZY  040106 221024 13 F 2  46  37  72 1 1 225  4  0  47  38  72  43   0   3
CRAZY  040106 221025 13 F 2  46  42  88 1 1 248  5  0  50  44  90  56   5   0
CRAZY  040106 221026 13 F 2  41  39  93 1 1 338  4  0  47  39  94  56  12   4
CRAZY  040106 221027 13 F 1  48  35  61 1 1 360  3  0  50  39  94  49   0   0
CRAZY  040106 221028 13 F 2  49  34  58 1 1 180  4  0  51  42  62  43   0   0
SQUAW  353213 221022 13 F 8  36  33  89 1 1 293  7  0  57  34  93  44  13   8
SQUAW  353213 221023 13 F 1  37  24  61 1 1 338  4  0  37  32  94  61  14   0
SQUAW  353213 221024 13 F 2  45  28  53 1 1 225  4  0  45  32  74  42   0   2
SQUAW  353213 221025 13 F 2  42  32  70 1 1 270  5  0  45  39  78  53   6   0
SQUAW  353213 221026 13 F 2  38  32  81 1 1 315  6  0  43  38  81  62  12   6
SQUAW  353213 221027 13 F 1  44  29  56 1 1 113  3  0  44  35  81  55   3   0
SQUAW  353213 221028 13 F 2  47  27  46 1 1 180  4  0  47  37  61  45   0   0
Count:    14  Zone Average:  43  33  71          5  0  48  37  84  52   6   2
Zone: 622
EVANS  353228 221022 13 F 8  46  40  82 1 2 270  4  0  67  41  92  41  14   8
EVANS  353228 221023 13 F 1  51  34  53 2 1 338  2  0  54  36  93  49  14   0
EVANS  353228 221024 13 F 2  51  40  67 1 1 180  2  0  54  39  72  44   0   3
EVANS  353228 221025 13 F 2  52  41  66 1 1 248  2  0  55  45  87  55   8   0
EVANS  353228 221026 13 F 2  50  39  67 1 1 293  3  0  54  43  84  58  12   7
EVANS  353228 221027 13 F 1  56  37  49 1 1 135  1  0  59  41  77  45   3   0
EVANS  353228 221028 13 F 2  58  36  45 1 1 158  2  0  61  42  68  42   0   0
BUCKHO 353230 221022 13 F 8  45  36  73 1 1 293  6  0  71  39  92  36  13   8
BUCKHO 353230 221023 13 F 1  47  33  58 1 1 315  4  0  49  35  91  56  14   0
BUCKHO 353230 221024 13 F 2  55  42  62 1 1 225  2  0  57  34  70  51   0   0
BUCKHO 353230 221025 13 F 2  52  40  64 1 1 270  4  0  58  44  81  62   3   0
BUCKHO 353230 221026 13 F 2  47  38  72 1 1 293  5  0  55  41  81  58  10   6
BUCKHO 353230 221027 13 F 1  54  35  49 1 1 113  2  0  57  37  76  48   3   0
BUCKHO 353230 221028 13 F 2  57  34  43 1 1 158  2  0  59  40  62  42   0   0
Count:    14  Zone Average:  52  38  61          3  0  58  40  81  49   7   2
Zone: 623
STELLA 353209 221022 13 F 8  35  31  87 1 1 270  5  0  57  33  97  49  14   8
STELLA 353209 221023 13 F 2  41  27  58 1 1 315  2  0  41  31  96  58  15   0
STELLA 353209 221024 13 F 2  42  29  62 1 1 180  4  0  42  34  78  56   0   3
STELLA 353209 221025 13 F 2  42  33  72 1 1 248  4  0  45  38  82  62   8   0
STELLA 353209 221026 13 F 2  39  33  82 1 1 270  4  0  43  36  86  68  12   7
STELLA 353209 221027 13 F 1  46  31  56 1 1 203  2  0  46  34  82  56   3   0
STELLA 353209 221028 13 F 2  51  32  48 1 1 180  2  0  51  38  61  48   0   0
ZIM    353227 221022 13 F 8  43  38  83 1 1 270  4  0  64  37  98  45  14   8
ZIM    353227 221023 13 F 1  49  36  61 1 1 315  2  0  49  32  97  61  15   0
ZIM    353227 221024 13 F 2  50  38  65 1 1 203  2  0  51  33  86  53   0   3
ZIM    353227 221025 13 F 2  49  39  69 1 1 248  3  0  51  38  96  64   8   0
ZIM    353227 221026 13 F 2  45  39  82 1 1 270  4  0  49  38  98  65  12   7
ZIM    353227 221027 13 F 1  56  39  54 1 1 225  2  0  56  34  91  54   3   0
ZIM    353227 221028 13 F 2  57  38  49 1 1 158  2  0  58  35  78  49   0   0
SELDOM 353339 221022 13 F 8  35  30  85 1 1 270  8  0  54  32  92  52  13   8
SELDOM 353339 221023 13 F 1  38  27  65 1 1 315  2  0  38  28  89  65  14   0
SELDOM 353339 221024 13 F 2  42  32  70 1 1 225  4  0  42  26  73  60   0   2
SELDOM 353339 221025 13 F 2  40  33  76 1 1 270  5  0  43  34  81  70   6   0
SELDOM 353339 221026 13 F 2  36  33  91 1 1 270  5  0  40  32  91  73  12   6
SELDOM 353339 221027 13 F 1  42  31  67 1 1 180  2  0  42  29  91  67   3   0
SELDOM 353339 221028 13 F 2  44  31  60 1 1 158  2  0  44  28  74  58   0   0
PARKER 353344 221022 13 F 8  41  31  68 1 1 293  7  0  65  35  97  42  13   8
PARKER 353344 221023 13 F 1  44  27  51 1 1 315  4  0  45  30  95  49  14   0
PARKER 353344 221024 13 F 2  50  37  61 1 1 248  3  0  51  28  78  47   0   0
PARKER 353344 221025 13 F 2  47  35  63 1 1 270  4  0  52  37  89  55   3   0
PARKER 353344 221026 13 F 2  42  32  70 1 1 293  5  0  48  36  95  59  10   6
PARKER 353344 221027 13 F 1  50  30  47 1 1 113  2  0  52  32  90  45   3   0
PARKER 353344 221028 13 F 2  52  29  41 1 1 158  2  0  54  29  75  40   0   0
Count:    28  Zone Average:  45  33  66          4  0  49  33  87  56   7   2
Zone: 624
CALIMU 353307 221022 13 F 8  34  20  58 1 1 293 12  0  54  32  90  44  13   6
CALIMU 353307 221023 13 F 1  37  16  42 1 1 360  5  0  37  27  91  42   8   0
CALIMU 353307 221024 13 F 2  40  26  59 1 1 203  6  0  40  29  63  39   0   0
CALIMU 353307 221025 13 F 2  38  27  65 1 1 248  7  0  42  36  85  59   3   0
CALIMU 353307 221026 13 F 2  34  26  74 1 1 293  8  0  38  34  80  63  10   6
CALIMU 353307 221027 13 F 1  40  26  57 1 1 203  4  0  40  30  74  57   3   0
CALIMU 353307 221028 13 F 2  43  24  47 1 1 180  6  0  43  32  57  47   0   0
CHILOQ 353310 221022 13 F 8  44  28  54 1 1 293  8  0  63  30  96  39  13   6
CHILOQ 353310 221023 13 F 1  50  27  41 1 1 315  2  0  50  29  96  41   8   0
CHILOQ 353310 221024 13 F 2  50  39  67 1 1 203  3  0  51  19  96  38   0   0
CHILOQ 353310 221025 13 F 2  47  33  60 1 1 248  5  0  51  28  99  60   3   0
CHILOQ 353310 221026 13 F 2  43  34  71 1 1 270  5  0  48  30 100  57  10   6
CHILOQ 353310 221027 13 F 1  48  32  55 1 1 203  2  0  48  24  99  55   3   0
CHILOQ 353310 221028 13 F 2  51  32  48 1 1 180  2  0  51  22  90  47   0   0
GERBER 353328 221022 13 F 2  42  21  43 1 1 293 11  0  63  32  95  30  11   6
GERBER 353328 221023 13 F 1  46  20  36 1 1 360  5  0  46  28  92  36   5   0
GERBER 353328 221024 13 F 2  48  29  48 1 1 248  4  0  48  21  90  28   0   0
GERBER 353328 221025 13 F 2  47  31  55 1 1 225  5  0  51  28  87  47   0   0
GERBER 353328 221026 13 F 2  41  28  61 1 1 293  8  0  49  31  99  49   7   2
GERBER 353328 221027 13 F 1  48  27  45 1 1 225  3  0  48  25 100  45   1   0
GERBER 353328 221028 13 F 1  51  22  33 1 1 180  4  0  51  24  76  33   0   0
TIMOTH 353337 221022 13 F 8  36  23  61 1 1 293 11  0  55  28  98  48  13   7
TIMOTH 353337 221023 13 F 2  42  19  40 1 1 338  4  0  42  25  96  40   8   0
TIMOTH 353337 221024 13 F 2  44  29  57 1 1 225  8  0  44  24  89  38   0   3
TIMOTH 353337 221025 13 F 2  41  29  62 1 1 248  7  0  44  31  96  57   8   0
TIMOTH 353337 221026 13 F 2  36  25  66 1 1 293  9  0  41  31  90  59  12   6
TIMOTH 353337 221027 13 F 1  43  25  50 1 1 248  4  0  43  26  90  50   3   0
TIMOTH 353337 221028 13 F 2  45  23  43 1 1 225  6  0  45  27  75  43   0   0
HOYT   353343 221022 13 F 8  40  22  50 1 1 293 10  0  60  30  94  37  13   6
HOYT   353343 221023 13 F 1  46  20  36 1 1 338  4  0  46  26  90  36   8   0
HOYT   353343 221024 13 F 2  46  33  61 1 1 225  5  0  47  25  74  30   0   0
HOYT   353343 221025 13 F 2  44  31  60 1 1 248  6  0  48  32  91  60   3   0
HOYT   353343 221026 13 F 2  40  27  61 1 1 293  7  0  45  31  90  53  10   6
HOYT   353343 221027 13 F 1  47  28  49 1 1 225  4  0  47  27  88  49   3   0
HOYT   353343 221028 13 F 2  48  26  42 1 1 203  4  0  48  25  70  42   0   0
KLAMAT 353346 221022 13 F 8  43  25  49 1 1 293  8  0  61  26  96  36  13   6
KLAMAT 353346 221023 13 F 1  49  23  36 1 1 338  3  0  49  27  96  36   8   0
KLAMAT 353346 221024 13 F 2  49  36  61 1 1 203  4  0  50  15 100  30   0   0
KLAMAT 353346 221025 13 F 2  46  32  58 1 1 248  5  0  51  22 100  58   3   0
KLAMAT 353346 221026 13 F 2  44  31  61 1 1 293  6  0  47  27 100  52  10   6
KLAMAT 353346 221027 13 F 1  50  31  49 1 1 203  3  0  50  22 100  49   3   0
KLAMAT 353346 221028 13 F 2  51  29  43 1 1 180  3  0  52  18 100  42   0   0
SUMMIT 353421 221022 13 F 8  36  19  51 1 1 293 13  0  58  33  87  33  11   6
SUMMIT 353421 221023 13 F 1  34  16  48 1 1 360  6  0  37  24  88  46   5   0
SUMMIT 353421 221024 13 F 2  43  24  47 1 1 225  6  0  43  26  66  42   0   0
SUMMIT 353421 221025 13 F 1  42  29  62 1 1 225  9  0  45  35  71  47   0   0
SUMMIT 353421 221026 13 F 2  35  24  66 1 1 293  8  0  44  32  76  54   7   4
SUMMIT 353421 221027 13 F 1  39  23  54 1 1 225  4  0  39  29  74  54   1   0
SUMMIT 353421 221028 13 F 1  43  20  41 1 1 203  6  0  43  30  56  41   0   0
COFFEE 353422 221022 13 F 2  41  20  43 1 1 293 12  0  64  30  94  29  13   6
COFFEE 353422 221023 13 F 1  44  19  37 1 1 360  5  0  46  24  91  36   5   0
COFFEE 353422 221024 13 F 2  47  30  53 1 1 225  6  0  49  18  87  31   0   0
COFFEE 353422 221025 13 F 2  47  31  54 1 1 225  7  0  51  27 100  53   0   0
COFFEE 353422 221026 13 F 2  41  26  56 1 1 293  7  0  49  27  98  48   7   4
COFFEE 353422 221027 13 F 1  47  27  46 1 1 225  3  0  49  23  99  44   0   0
COFFEE 353422 221028 13 F 1  49  23  36 1 1 203  4  0  51  23  75  35   0   0
STRAWB 353423 221022 13 F 8  38  21  50 1 1 293 11  0  61  31  94  31  11   6
STRAWB 353423 221023 13 F 1  40  17  39 1 1 338  4  0  42  26  91  38   5   0
STRAWB 353423 221024 13 F 2  45  24  45 1 1 248  4  0  46  24  78  32   0   0
STRAWB 353423 221025 13 F 2  44  30  58 1 1 225  6  0  50  33  78  45   0   0
STRAWB 353423 221026 13 F 2  36  26  69 1 1 293  8  0  48  32  90  52   7   4
STRAWB 353423 221027 13 F 1  42  24  49 1 1 225  2  0  45  26  87  47   1   0
STRAWB 353423 221028 13 F 1  46  21  37 1 1 180  5  0  48  27  66  36   0   0
SUMMER 353429 221022 13 F 2  42  22  45 1 1 293 12  0  63  35  84  31  13   6
SUMMER 353429 221023 13 F 1  43  22  44 1 1 360  4  0  43  29  83  44   5   0
SUMMER 353429 221024 13 F 2  48  33  57 1 1 225  6  0  48  27  71  36   0   0
SUMMER 353429 221025 13 F 2  46  32  60 1 1 248  6  0  50  36  83  57   0   0
SUMMER 353429 221026 13 F 2  41  29  63 1 1 293  8  0  48  35  84  50  10   6
SUMMER 353429 221027 13 F 1  46  30  55 1 1 225  3  0  46  30  84  55   3   0
SUMMER 353429 221028 13 F 1  50  28  44 1 1 203  4  0  50  32  63  44   0   0
Count:    70  Zone Average:  44  26  52          6  0  48  28  87  44   5   2
Zone: 625
FT ROC 353406 221022 13 F 2  43  24  48 1 1 293 12  0  61  29  95  36  13   6
FT ROC 353406 221023 13 F 1  49  22  35 1 1 338  4  0  49  26  95  35   5   0
FT ROC 353406 221024 13 F 2  52  36  55 1 1 248  8  0  52  18 100  31   0   0
FT ROC 353406 221025 13 F 2  49  32  53 1 1 248  8  0  52  28 100  53   0   0
FT ROC 353406 221026 13 F 2  44  26  50 1 1 293  9  0  50  31  98  47  10   4
FT ROC 353406 221027 13 F 1  51  28  42 1 1 248  5  0  51  24 100  42   1   0
FT ROC 353406 221028 13 F 2  52  25  35 1 1 203  4  0  53  22  95  35   0   0
ROCK C 353424 221022 13 F 8  41  20  43 1 1 293 17  0  64  35  84  29  11   6
ROCK C 353424 221023 13 F 1  41  22  48 1 1 315  8  0  41  27  89  41   5   0
ROCK C 353424 221024 13 F 1  49  31  51 1 1 248  8  0  49  26  75  39   0   0
ROCK C 353424 221025 13 F 1  48  30  51 1 1 248  9  0  51  34  79  50   0   0
ROCK C 353424 221026 13 F 2  41  26  56 1 1 293 12  0  48  35  78  45   3   0
ROCK C 353424 221027 13 F 1  45  26  47 1 1 248  6  0  45  29  82  47   0   0
ROCK C 353424 221028 13 F 1  51  22  32 1 1 180  7  0  51  31  63  32   0   0
FISH F 353516 221022 13 F 0  45  22  40 1 1 293 15  0  68  38  74  26   0   0
FISH F 353516 221023 13 F 1  43  20  41 1 1 338  9  0  46  28  84  37   0   0
FISH F 353516 221024 13 F 1  51  28  41 1 1 225  6  0  51  24  72  35   0   0
FISH F 353516 221025 13 F 1  52  30  43 1 1 248  8  0  54  34  72  40   0   0
FISH F 353516 221026 13 F 2  43  25  50 1 1 315 11  0  54  36  73  39   0   0
FISH F 353516 221027 13 F 1  45  24  44 1 1 293  4  0  45  28  82  44   0   0
FISH F 353516 221028 13 F 1  53  21  29 1 1 180  6  0  53  30  62  29   0   0
Count:    21  Zone Average:  47  26  45          8  0  52  29  84  39   2   1
 
 
 
End of WIMS Bulletin @ 21-OCT-22 23:05:30 GMT

