SHUS66 KMWI 212313
FWOPDT
Weather Information Management System (WIMS)
USDA National Information Technology Center (KMWI)
21-OCT-22 23:13:43 GMT
 
Listing of Forecasted Observations (Pendleton, OR)
 
ST NME STAT'N   DATE HR T W DBT DPT  RH Y M DIR WS 10 TMX TMN HMX HMN PD1 PD2
------ ------ ------ -- - - --- --- --- - - --- -- -- --- --- --- ---  --  --
NWS Office:  PDT/Zone: 610
MT. WI 350916 221022 13 F 2  38  30  73 1 1 270 13  0  50  34 100  73  16   7
MT. WI 350916 221023 13 F 1  43  34  71 1 1 270  5  0  43  31 100  71   0   0
MT. WI 350916 221024 13 F 6  45  43  95 1 1 248  8  0  45  32  95  64   0   7
MT. WI 350916 221025 13 F 2  45  37  75 1 1 248  9  0  46  35 100  75   9   0
MT. WI 350916 221026 13 F 2  40  35  83 1 1 270  7  0  45  33 100  75  15   0
MT. WI 350916 221027 13 F 1  48  38  70 1 1 225  6  0  48  32 100  70   0   0
MT. WI 350916 221028 13 F 2  52  37  57 1 1 225  5  0  52  34  84  57   0   0
MUTTON 350917 221022 13 F 2  42  29  62 1 1 293 18  0  53  38  99  62  14   4
MUTTON 350917 221023 13 F 1  44  27  52 1 1 293  6  0  44  34  86  52   0   0
MUTTON 350917 221024 13 F 6  47  39  74 1 1 225 12  0  47  36  76  50   0   3
MUTTON 350917 221025 13 F 2  46  34  64 1 1 225 11  0  47  41  83  64   5   0
MUTTON 350917 221026 13 F 2  43  32  65 1 1 270 11  0  47  38  71  60  12   0
MUTTON 350917 221027 13 F 1  46  32  59 1 1 203 10  0  46  36  73  59   0   0
MUTTON 350917 221028 13 F 2  50  32  50 1 1 203  8  0  50  39  65  50   0   0
HEHE 1 350920 221022 13 F 2  48  32  54 1 1 270 12  0  58  36  93  54  15   6
HEHE 1 350920 221023 13 F 1  48  29  49 1 1 293  5  0  48  33  91  49   0   0
HEHE 1 350920 221024 13 F 6  50  40  70 1 1 248  7  0  50  29  91  47   0   7
HEHE 1 350920 221025 13 F 2  50  36  59 1 1 248  9  0  50  34  97  59   9   0
HEHE 1 350920 221026 13 F 2  47  35  63 1 1 270  7  0  50  33  94  57  15   0
HEHE 1 350920 221027 13 F 1  52  35  53 1 1 225  5  0  52  32  98  53   0   0
HEHE 1 350920 221028 13 F 2  57  36  47 1 1 203  5  0  57  35  84  47   0   0
WARM S 352108 221022 13 F 2  55  31  41 1 1 293 11  0  64  42  79  41  12   6
WARM S 352108 221023 13 F 1  55  29  37 1 1 315  4  0  55  34  80  37   0   0
WARM S 352108 221024 13 F 6  58  43  58 1 1 225  7  0  58  31  77  36   0   0
WARM S 352108 221025 13 F 2  56  36  48 1 1 225  8  0  58  36  87  48   0   0
WARM S 352108 221026 13 F 2  54  35  49 1 1 270  8  0  56  37  82  45  12   0
WARM S 352108 221027 13 F 1  58  33  40 1 1 203  5  0  58  33  88  40   0   0
WARM S 352108 221028 13 F 2  61  33  36 1 1 203  5  0  61  36  77  36   0   0
METOLI 352110 221022 13 F 2  47  30  53 1 1 248  8  0  58  36  92  53  16   7
METOLI 352110 221023 13 F 1  47  28  48 1 1 293  3  0  47  31  87  48   0   0
METOLI 352110 221024 13 F 6  51  44  78 1 1 248  7  0  51  32  83  46   0   7
METOLI 352110 221025 13 F 2  50  36  60 1 1 248  7  0  51  36  90  60   9   0
METOLI 352110 221026 13 F 2  45  32  62 1 1 270  7  0  50  33  89  58  13   0
METOLI 352110 221027 13 F 1  51  33  51 1 1 225  5  0  51  33  89  51   0   0
METOLI 352110 221028 13 F 2  56  35  46 1 1 225  4  0  56  35  75  46   0   0
COLGAT 352620 221022 13 F 2  45  32  62 1 1 270 11  0  60  30 100  56  16   7
COLGAT 352620 221023 13 F 1  47  30  53 1 1 293  4  0  47  27 100  53   0   0
COLGAT 352620 221024 13 F 6  50  45  86 1 1 248  5  0  50  22  92  51   0   0
COLGAT 352620 221025 13 F 2  49  39  69 1 1 248  6  0  50  28 100  69   0   0
COLGAT 352620 221026 13 F 2  44  34  70 1 1 270  7  0  49  26 100  67  13   0
COLGAT 352620 221027 13 F 1  50  35  57 1 1 248  3  0  50  25 100  57   0   0
COLGAT 352620 221028 13 F 2  55  38  53 1 1 225  4  0  55  27  98  53   0   0
Count:    42  Zone Average:  49  35  60          7  0  52  33  89  55   5   2
Zone: 611
ROUND  352605 221022 13 F 2  36  29  76 1 1 270 12  0  54  30 100  70  15   7
ROUND  352605 221023 13 F 1  38  26  63 1 1 315  5  0  38  25 100  63   9   0
ROUND  352605 221024 13 F 2  42  40  93 1 1 248  7  0  42  24  93  58   0   0
ROUND  352605 221025 13 F 2  41  34  76 1 1 248  8  0  42  31  97  76   0   0
ROUND  352605 221026 13 F 2  36  30  81 1 1 270  8  0  41  27  97  75  13   0
ROUND  352605 221027 13 F 1  41  29  64 1 1 248  4  0  41  24  93  64   0   0
ROUND  352605 221028 13 F 2  46  32  58 1 1 203  4  0  46  27  81  58   0   0
LAVA B 352618 221022 13 F 2  42  29  61 1 1 270  9  0  58  31 100  61  12   7
LAVA B 352618 221023 13 F 1  44  27  51 1 1 338  4  0  44  25 100  51   0   0
LAVA B 352618 221024 13 F 2  47  44  90 1 1 225  8  0  47  24  90  49   0   0
LAVA B 352618 221025 13 F 2  46  36  69 1 1 248  8  0  47  30 100  69   0   0
LAVA B 352618 221026 13 F 2  41  32  71 1 1 270  7  0  46  27 100  67  13   0
LAVA B 352618 221027 13 F 1  46  31  57 1 1 225  5  0  46  24 100  57   0   0
LAVA B 352618 221028 13 F 2  51  33  51 1 1 225  5  0  51  27  84  51   0   0
TUMALO 352621 221022 13 F 2  45  30  56 1 1 293  9  0  59  34 100  56  12   7
TUMALO 352621 221023 13 F 1  46  29  53 1 1 338  4  0  46  26  99  53   0   0
TUMALO 352621 221024 13 F 2  49  45  86 1 1 225  7  0  49  27  88  51   0   0
TUMALO 352621 221025 13 F 2  48  37  68 1 1 248  6  0  49  33 100  68   0   0
TUMALO 352621 221026 13 F 2  43  34  71 1 1 293  7  0  48  30 100  67  12   0
TUMALO 352621 221027 13 F 1  49  34  56 1 1 225  4  0  49  25 100  56   0   0
TUMALO 352621 221028 13 F 2  53  36  53 1 1 203  5  0  53  30  84  53   0   0
TEPEE  352622 221022 13 F 2  42  25  52 1 1 293 12  0  59  31  87  46  12   6
TEPEE  352622 221023 13 F 1  42  24  49 1 1 338  7  0  42  25  87  49   0   0
TEPEE  352622 221024 13 F 2  49  40  73 1 1 225  8  0  49  24  81  43   0   0
TEPEE  352622 221025 13 F 2  47  32  57 1 1 248 10  0  49  31  89  57   0   0
TEPEE  352622 221026 13 F 2  42  29  60 1 1 293 10  0  47  29  87  56  10   0
TEPEE  352622 221027 13 F 1  46  27  48 1 1 225  6  0  46  25  91  48   0   0
TEPEE  352622 221028 13 F 2  51  28  41 1 1 203  7  0  51  30  74  41   0   0
BLACK  353342 221022 13 F 8  37  29  75 1 1 270  8  0  54  30  98  60  14   8
BLACK  353342 221023 13 F 2  42  24  50 1 1 293  4  0  42  27  97  50  12   0
BLACK  353342 221024 13 F 2  45  35  70 1 1 225  6  0  45  25  90  49   0   0
BLACK  353342 221025 13 F 2  44  34  69 1 1 248  7  0  45  32 100  69   0   0
BLACK  353342 221026 13 F 2  38  30  73 1 1 270  7  0  44  31 100  69  13   6
BLACK  353342 221027 13 F 1  47  32  56 1 1 225  3  0  47  28 100  56   0   0
BLACK  353342 221028 13 F 2  49  31  51 1 1 203  4  0  49  27  88  51   0   0
CABIN  353402 221022 13 F 2  43  26  52 1 1 293 14  0  61  27  96  38  13   0
CABIN  353402 221023 13 F 1  49  23  37 1 1 315  5  0  49  27  94  37   0   0
CABIN  353402 221024 13 F 2  52  37  58 1 1 248  9  0  52  19  94  32   0   0
CABIN  353402 221025 13 F 2  47  31  54 1 1 270 10  0  53  27 100  54   0   0
CABIN  353402 221026 13 F 2  44  27  53 1 1 293 11  0  47  30  97  50  10   0
CABIN  353402 221027 13 F 1  52  29  41 1 1 248  6  0  52  25  99  41   0   0
CABIN  353402 221028 13 F 2  52  25  36 1 1 203  5  0  53  23  87  36   0   0
Count:    42  Zone Average:  45  31  61          7  0  48  28  94  55   4   1
Zone: 639
MIDDLE 350812 221022 13 F 2  46  40  80 1 1 270  8  0  52  42 100  75  16   7
MIDDLE 350812 221023 13 F 1  50  38  64 1 1 270  7  0  50  36 100  64   0   0
MIDDLE 350812 221024 13 F 6  52  51  97 1 1 248  4  0  52  40 100  63   0   7
MIDDLE 350812 221025 13 F 2  49  42  79 1 1 248  6  0  52  38  98  79   9   0
MIDDLE 350812 221026 13 F 2  49  43  80 1 1 270  7  0  49  41  95  79  15   0
MIDDLE 350812 221027 13 F 1  51  46  86 1 1 248  5  0  51  39 100  79   0   0
MIDDLE 350812 221028 13 F 2  51  45  82 1 1 248  4  0  51  35 100  80   0   0
POLLYW 350912 221022 13 F 2  45  33  63 1 1 270 12  0  52  38 100  63  16   4
POLLYW 350912 221023 13 F 1  49  33  55 1 1 293  4  0  49  35  94  55   0   0
POLLYW 350912 221024 13 F 6  46  42  89 1 1 248  5  0  49  32  89  54   0   7
POLLYW 350912 221025 13 F 2  49  38  68 1 1 248  6  0  49  40  89  68   9   0
POLLYW 350912 221026 13 F 2  45  36  72 1 1 270  6  0  49  37  84  68  14   0
POLLYW 350912 221027 13 F 1  49  37  65 1 1 248  4  0  49  36  84  65   0   0
POLLYW 350912 221028 13 F 2  53  39  59 1 1 225  2  0  53  35  73  59   0   0
WAMIC  350913 221022 13 F 2  48  33  58 1 1 270 11  0  54  39  90  58  16   6
WAMIC  350913 221023 13 F 1  49  32  52 1 1 293  3  0  49  35  81  52   0   0
WAMIC  350913 221024 13 F 6  51  42  72 1 1 248  5  0  51  37  73  50   0   7
WAMIC  350913 221025 13 F 2  50  37  63 1 1 248  8  0  51  41  78  63   9   0
WAMIC  350913 221026 13 F 2  47  36  66 1 1 270  7  0  50  40  79  63  14   0
WAMIC  350913 221027 13 F 1  52  37  58 1 1 225  5  0  52  39  79  58   0   0
WAMIC  350913 221028 13 F 2  55  37  51 1 1 203  4  0  55  41  69  51   0   0
WASCO  350919 221022 13 F 2  49  37  65 1 1 293 16  0  49  42 100  65  16   4
WASCO  350919 221023 13 F 1  50  36  59 1 1 270  8  0  50  38  89  59   0   0
WASCO  350919 221024 13 F 6  45  41  86 1 1 270  8  0  51  39  86  58   0   7
WASCO  350919 221025 13 F 2  50  43  77 1 1 270  8  0  50  42  88  77   6   0
WASCO  350919 221026 13 F 2  47  41  80 1 1 270 10  0  50  41  92  75  14   0
WASCO  350919 221027 13 F 1  52  41  68 1 1 270  6  0  52  40  90  68   0   0
WASCO  350919 221028 13 F 2  53  42  67 1 1 225  5  0  53  41  82  66   0   0
Count:    28  Zone Average:  49  39  70          7  0  51  39  89  65   6   2
Zone: 640
HAYSTA 352107 221022 13 F 2  47  30  53 1 1 293 13  0  60  40  82  53   9   6
HAYSTA 352107 221023 13 F 1  47  28  48 1 1 315  6  0  47  33  79  48   0   0
HAYSTA 352107 221024 13 F 2  51  37  59 1 1 203  9  0  51  33  73  46   0   0
HAYSTA 352107 221025 13 F 2  50  36  60 1 1 225  9  0  51  38  78  59   0   0
HAYSTA 352107 221026 13 F 2  46  33  62 1 1 270  9  0  50  37  80  57  12   0
HAYSTA 352107 221027 13 F 1  51  34  52 1 1 203  6  0  51  34  81  52   0   0
HAYSTA 352107 221028 13 F 2  55  33  44 1 1 180  7  0  55  38  68  44   0   0
BOARD  352109 221022 13 F 2  42  29  60 1 1 293 14  0  56  37  89  52  14   6
BOARD  352109 221023 13 F 1  42  27  57 1 1 315  8  0  42  31  85  57   0   0
BOARD  352109 221024 13 F 2  48  38  69 1 1 225 11  0  48  32  72  51   0   0
BOARD  352109 221025 13 F 2  47  35  64 1 1 225 10  0  48  37  78  64   0   0
BOARD  352109 221026 13 F 2  42  32  68 1 1 270 10  0  47  36  77  61  12   0
BOARD  352109 221027 13 F 1  46  32  58 1 1 203  7  0  46  34  80  58   0   0
BOARD  352109 221028 13 F 2  52  33  49 1 1 180  7  0  52  38  64  49   0   0
SLIDE  352207 221022 13 F 2  36  26  68 1 1 293 15  0  53  31 100  61  14   7
SLIDE  352207 221023 13 F 1  37  27  69 1 1 315  6  0  37  26  99  64   0   0
SLIDE  352207 221024 13 F 2  44  39  84 1 1 225  8  0  44  25  87  57   0   0
SLIDE  352207 221025 13 F 2  40  31  72 1 1 225  7  0  44  33  88  72   0   0
SLIDE  352207 221026 13 F 2  37  30  77 1 1 293  9  0  42  30  88  66  13   0
SLIDE  352207 221027 13 F 1  40  30  69 1 1 203  6  0  40  26  89  69   0   0
SLIDE  352207 221028 13 F 2  45  30  56 1 1 180  7  0  45  28  71  56   0   0
BRER R 352208 221022 13 F 2  36  25  66 1 1 293 14  0  51  32  96  58  15   7
BRER R 352208 221023 13 F 1  35  24  64 1 1 338  8  0  36  27  87  62   0   0
BRER R 352208 221024 13 F 2  41  31  68 1 1 203  8  0  41  27  78  55   0   0
BRER R 352208 221025 13 F 2  40  29  65 1 1 225  8  0  42  35  76  65   0   0
BRER R 352208 221026 13 F 7  36  27  71 1 1 293 10  0  41  33  76  61  12   0
BRER R 352208 221027 13 F 1  38  27  65 1 1 225  7  0  38  29  78  65   0   0
BRER R 352208 221028 13 F 2  43  26  52 1 1 180  8  0  43  32  65  52   0   0
COLD S 352701 221022 13 F 2  42  27  56 1 1 293 13  0  57  31  96  53  14   6
COLD S 352701 221023 13 F 1  43  26  51 1 1 338  7  0  43  26  88  51   0   0
COLD S 352701 221024 13 F 2  48  34  59 1 1 225  6  0  48  22  81  46   0   0
COLD S 352701 221025 13 F 2  46  32  59 1 1 225  7  0  48  29  89  59   0   0
COLD S 352701 221026 13 F 2  42  29  61 1 1 293  8  0  48  29  91  52  12   0
COLD S 352701 221027 13 F 1  46  31  56 1 1 203  6  0  46  24  90  56   0   0
COLD S 352701 221028 13 F 2  50  30  46 1 1 180  5  0  50  28  76  46   0   0
BADGER 352711 221022 13 F 2  39  26  61 1 1 293 18  0  57  32  99  50  12   6
BADGER 352711 221023 13 F 1  39  27  64 1 1 315  8  0  39  27  97  57   0   0
BADGER 352711 221024 13 F 2  47  36  67 1 1 225  8  0  47  27  80  50   0   0
BADGER 352711 221025 13 F 2  44  32  64 1 1 248  7  0  47  35  87  64   0   0
BADGER 352711 221026 13 F 2  38  27  65 1 1 293 10  0  45  31  83  56  10   0
BADGER 352711 221027 13 F 1  42  29  60 1 1 225  6  0  42  28  87  60   0   0
BADGER 352711 221028 13 F 2  47  27  46 1 1 180  7  0  47  30  68  46   0   0
SALT C 352712 221022 13 F 2  44  27  51 1 1 293 15  0  61  35  84  48  11   6
SALT C 352712 221023 13 F 1  44  26  50 1 1 315  8  0  44  29  83  50   0   0
SALT C 352712 221024 13 F 2  52  38  61 1 1 225  8  0  52  29  71  43   0   0
SALT C 352712 221025 13 F 2  49  32  53 1 1 248  8  0  52  35  80  53   0   0
SALT C 352712 221026 13 F 2  43  28  57 1 1 293 10  0  49  33  78  47  10   0
SALT C 352712 221027 13 F 1  48  28  46 1 1 225  6  0  48  29  81  46   0   0
SALT C 352712 221028 13 F 2  53  28  38 1 1 180  7  0  53  34  65  38   0   0
BROWNS 353428 221022 13 F 8  42  22  45 1 1 293 19  0  60  32  88  34  13   6
BROWNS 353428 221023 13 F 1  43  22  43 1 1 315  9  0  43  29  90  43   5   0
BROWNS 353428 221024 13 F 2  48  33  56 1 1 248 13  0  48  19  96  40   0   0
BROWNS 353428 221025 13 F 2  48  30  50 1 1 248 11  0  50  30  98  50   0   0
BROWNS 353428 221026 13 F 2  42  25  51 1 1 315 14  0  48  32  92  47   0   0
BROWNS 353428 221027 13 F 1  47  25  43 1 1 248  8  0  47  26  99  43   0   0
BROWNS 353428 221028 13 F 2  51  23  34 1 1 180  8  0  51  25  84  34   0   0
Count:    56  Zone Average:  44  30  58          9  0  48  31  83  53   3   1
Zone: 641
NORTH  350915 221022 13 F 2  44  31  62 1 1 270 17  0  54  39  98  60  14   4
NORTH  350915 221023 13 F 1  43  29  59 1 1 293  7  0  44  35  88  59   0   0
NORTH  350915 221024 13 F 2  48  38  69 1 1 225 12  0  48  37  75  53   0   0
NORTH  350915 221025 13 F 2  46  35  67 1 1 225 12  0  48  40  84  67   0   0
NORTH  350915 221026 13 F 2  44  34  68 1 1 270 11  0  47  38  83  64  11   0
NORTH  350915 221027 13 F 1  46  34  63 1 1 225 10  0  46  37  84  63   0   0
NORTH  350915 221028 13 F 2  50  33  52 1 1 203  8  0  50  39  70  52   0   0
PATJEN 351001 221022 13 F 2  52  34  51 1 1 270 12  0  55  44  84  51  14   0
PATJEN 351001 221023 13 F 0  52  32  47 1 1 293  4  0  52  36  78  47   0   0
PATJEN 351001 221024 13 F 6  53  39  60 1 1 248  7  0  54  39  68  46   0   6
PATJEN 351001 221025 13 F 2  53  38  57 1 1 248 10  0  54  43  74  57   5   0
PATJEN 351001 221026 13 F 2  51  37  59 1 1 270  9  0  54  42  76  55  11   0
PATJEN 351001 221027 13 F 1  55  38  53 1 1 225  6  0  55  41  77  53   0   0
PATJEN 351001 221028 13 F 2  56  36  48 1 1 225  5  0  56  42  72  48   0   0
UMATIL 351316 221022 13 F 2  56  45  69 1 1 248 11  0  57  45 100  57  14   0
UMATIL 351316 221023 13 F 0  54  40  59 1 1 248  4  0  56  38 100  59   0   0
UMATIL 351316 221024 13 F 2  54  46  76 1 1 225 11  0  56  35 100  58   0   0
UMATIL 351316 221025 13 F 2  55  45  71 1 1 248 10  0  56  40  99  71   0   0
UMATIL 351316 221026 13 F 2  53  44  73 1 1 248  9  0  56  40 100  71   0   0
UMATIL 351316 221027 13 F 1  57  46  68 1 1 225 10  0  57  39  99  68   0   0
UMATIL 351316 221028 13 F 2  58  46  65 1 1 203  5  0  58  39 100  65   0   0
Count:    21  Zone Average:  52  38  62          9  0  53  40  86  58   3   1
Zone: 642
YELLOW 352124 221022 13 F 8  40  31  70 1 1 293 13  0  55  36  98  49  15   7
YELLOW 352124 221023 13 F 1  41  27  59 1 1 315 10  0  41  29  96  59   9   0
YELLOW 352124 221024 13 F 2  45  30  56 1 1 225  3  0  45  25  98  56   0   0
YELLOW 352124 221025 13 F 2  45  33  63 1 1 203  4  0  45  34  91  56   0   0
YELLOW 352124 221026 13 F 2  42  30  63 1 1 293  7  0  46  31  93  60  10   0
YELLOW 352124 221027 13 F 1  46  30  54 1 1 270  3  0  46  27  93  54   0   0
YELLOW 352124 221028 13 F 2  47  31  54 1 1 135  4  0  47  28  87  54   0   0
CRANE  352305 221022 13 F 8  39  27  63 1 1 293 12  0  58  32  93  45  13   0
CRANE  352305 221023 13 F 1  39  25  58 1 1 338 10  0  39  27  90  58   0   0
CRANE  352305 221024 13 F 2  45  30  56 1 1 225  6  0  45  25  85  49   0   0
CRANE  352305 221025 13 F 2  44  32  63 1 1 225  7  0  45  32  85  56   0   0
CRANE  352305 221026 13 F 2  40  28  63 1 1 293  9  0  45  29  87  61   0   0
CRANE  352305 221027 13 F 1  43  29  59 1 1 248  6  0  43  24  86  59   0   0
CRANE  352305 221028 13 F 2  46  28  50 1 1 180  5  0  46  26  75  50   0   0
FALL M 352327 221022 13 F 2  36  30  79 1 1 293 13  0  54  31 100  57  14   7
FALL M 352327 221023 13 F 2  35  27  75 1 1 338  8  0  36  27  97  75   0   0
FALL M 352327 221024 13 F 2  41  34  76 1 1 203  5  0  41  24  86  69   0   0
FALL M 352327 221025 13 F 2  40  31  70 1 1 225  6  0  42  32  86  70   0   0
FALL M 352327 221026 13 F 2  35  29  79 1 1 293  8  0  42  28  90  67  10   0
FALL M 352327 221027 13 F 1  40  30  68 1 1 248  4  0  40  25  89  68   0   0
FALL M 352327 221028 13 F 2  45  30  56 1 1 180  5  0  45  28  76  56   0   0
ALLISO 353501 221022 13 F 2  35  23  62 1 1 293 14  0  54  30  85  49  14   6
ALLISO 353501 221023 13 F 2  38  23  56 1 1 338 10  0  38  26  88  56   0   0
ALLISO 353501 221024 13 F 2  41  26  57 1 1 225  7  0  41  24  95  53   0   0
ALLISO 353501 221025 13 F 2  42  28  58 1 1 225  8  0  44  31  88  57   0   0
ALLISO 353501 221026 13 F 2  36  25  66 1 1 293 10  0  43  28  85  52  10   0
ALLISO 353501 221027 13 F 1  41  26  55 1 1 225  6  0  41  26  84  55   0   0
ALLISO 353501 221028 13 F 2  45  26  47 1 1 180  6  0  45  29  68  47   0   0
CROW F 353515 221022 13 F 2  38  25  60 1 1 293 13  0  57  31  95  41  13   4
CROW F 353515 221023 13 F 1  39  22  51 1 1 338 10  0  39  26  88  51   0   0
CROW F 353515 221024 13 F 2  44  26  49 1 1 225  5  0  44  21  99  49   0   0
CROW F 353515 221025 13 F 2  44  28  55 1 1 225  6  0  45  30  98  49   0   0
CROW F 353515 221026 13 F 2  39  25  57 1 1 293 10  0  45  27  93  52   0   0
CROW F 353515 221027 13 F 1  43  25  49 1 1 248  6  0  43  23  94  49   0   0
CROW F 353515 221028 13 F 1  47  23  40 1 1 180  5  0  47  26  79  40   0   0
ANTELO 353524 221022 13 F 2  34  24  68 1 1 293 16  0  51  31  96  53  13   0
ANTELO 353524 221023 13 F 1  35  20  55 1 1 315 11  0  35  26  90  55   0   0
ANTELO 353524 221024 13 F 2  38  24  59 1 1 225  8  0  38  26  85  55   0   0
ANTELO 353524 221025 13 F 2  38  28  67 1 1 225  7  0  40  34  78  59   0   0
ANTELO 353524 221026 13 F 2  34  23  66 1 1 293 10  0  38  31  78  65   0   0
ANTELO 353524 221027 13 F 1  36  23  60 1 1 248  7  0  36  27  78  60   0   0
ANTELO 353524 221028 13 F 2  38  23  55 1 1 180  6  0  38  29  69  55   0   0
Count:    42  Zone Average:  41  27  60          8  0  44  28  88  56   3   1
Zone: 643
BLACK  351319 221022 13 F 8  34  31  91 1 1 270 11  0  39  31 100  65  16   7
BLACK  351319 221023 13 F 2  34  30  88 1 1 293  6  0  34  30 100  88   0   0
BLACK  351319 221024 13 F 2  40  35  83 1 1 180  8  0  40  30  88  66   0   0
BLACK  351319 221025 13 F 2  38  31  78 1 1 225  7  0  40  36  90  78   0   0
BLACK  351319 221026 13 F 2  34  32  96 1 1 270  7  0  39  32  96  78  10   0
BLACK  351319 221027 13 F 1  39  31  74 1 1 203  6  0  39  32  96  74   0   0
BLACK  351319 221028 13 F 2  42  30  63 1 1 158  8  0  42  35  74  63   0   0
EDEN   351518 221022 13 F 2  41  32  71 1 1 270  8  0  46  35  98  58  16   6
EDEN   351518 221023 13 F 1  41  29  63 1 1 315  5  0  41  32  87  63   0   0
EDEN   351518 221024 13 F 2  41  33  74 1 1 225  8  0  41  30  79  63   0   0
EDEN   351518 221025 13 F 2  42  32  68 1 1 225  7  0  42  36  86  68   0   0
EDEN   351518 221026 13 F 2  38  31  78 1 1 248  6  0  42  34  91  68  12   0
EDEN   351518 221027 13 F 1  42  31  65 1 1 225  5  0  42  34  86  65   0   0
EDEN   351518 221028 13 F 2  47  32  57 1 1 203  5  0  47  34  75  57   0   0
Count:    14  Zone Average:  40  32  75          7  0  41  33  89  68   4   1
Zone: 644
TUPPER 351202 221022 13 F 8  39  35  88 1 1 293 13  0  52  34  99  59  16   8
TUPPER 351202 221023 13 F 1  43  32  66 1 1 315  6  0  43  31  96  66   5   0
TUPPER 351202 221024 13 F 2  42  35  79 1 1 180  7  0  44  30  79  60   0   0
TUPPER 351202 221025 13 F 2  45  36  72 1 1 225  8  0  45  35  87  72   0   0
TUPPER 351202 221026 13 F 2  40  33  76 1 1 270  8  0  47  34  84  66  10   0
TUPPER 351202 221027 13 F 1  44  33  66 1 1 203  6  0  44  32  81  66   0   0
TUPPER 351202 221028 13 F 2  48  32  55 1 1 180  6  0  48  35  68  55   0   0
J-RIDG 351414 221022 13 F 8  39  30  71 1 1 293  8  0  52  33  95  49  16   8
J-RIDG 351414 221023 13 F 2  39  29  68 1 1 315  6  0  39  29  91  68   9   0
J-RIDG 351414 221024 13 F 2  44  36  74 1 1 203  4  0  44  26  82  58   0   0
J-RIDG 351414 221025 13 F 2  44  29  57 1 1 203  4  0  44  33  81  57   0   0
J-RIDG 351414 221026 13 F 2  39  32  76 1 1 270  6  0  44  32  82  57  12   0
J-RIDG 351414 221027 13 F 1  45  31  58 1 1 225  3  0  45  29  81  58   0   0
J-RIDG 351414 221028 13 F 2  48  31  52 1 1 180  5  0  48  33  72  52   0   0
ELK CR 352126 221022 13 F 8  33  26  77 1 1 293  8  0  47  32  93  59  15   6
ELK CR 352126 221023 13 F 1  34  23  65 1 1 338 11  0  34  25  92  59   0   0
ELK CR 352126 221024 13 F 2  35  25  68 1 1 180  4  0  35  26  97  60   0   0
ELK CR 352126 221025 13 F 2  36  28  74 1 1 203  3  0  37  32  85  68   0   0
ELK CR 352126 221026 13 F 2  33  25  75 1 1 293  6  0  36  30  78  74  12   0
ELK CR 352126 221027 13 F 1  36  26  68 1 1 203  4  0  36  25  75  68   0   0
ELK CR 352126 221028 13 F 2  37  25  63 1 1 158  5  0  37  27  71  63   0   0
CASE   352329 221022 13 F 8  41  33  74 1 1 270 10  0  56  34 100  53  16   8
CASE   352329 221023 13 F 2  43  29  59 1 1 315  6  0  43  30 100  59   9   0
CASE   352329 221024 13 F 2  43  33  69 1 1 203  5  0  45  24  97  53   0   0
CASE   352329 221025 13 F 2  45  32  61 1 1 203  6  0  46  31  98  61   0   0
CASE   352329 221026 13 F 2  39  32  78 1 1 270  7  0  47  29  99  54  10   0
CASE   352329 221027 13 F 1  46  30  54 1 1 225  5  0  46  27  98  54   0   0
CASE   352329 221028 13 F 2  52  31  45 1 1 180  5  0  52  28  89  45   0   0
BOARD  352330 221022 13 F 8  39  30  71 1 1 293 12  0  56  33 100  47  15   7
BOARD  352330 221023 13 F 2  39  28  65 1 1 315  7  0  40  29  99  64  11   0
BOARD  352330 221024 13 F 2  43  32  66 1 1 180  5  0  43  25  86  53   0   0
BOARD  352330 221025 13 F 2  44  32  63 1 1 225  5  0  46  33  87  63   0   0
BOARD  352330 221026 13 F 2  40  32  73 1 1 293  7  0  46  31  88  55  12   0
BOARD  352330 221027 13 F 1  43  31  63 1 1 225  4  0  43  27  92  63   0   0
BOARD  352330 221028 13 F 2  49  32  52 1 1 180  5  0  49  31  79  52   0   0
KEENEY 352332 221022 13 F 8  38  29  71 1 1 293 11  0  56  35  88  50  15   8
KEENEY 352332 221023 13 F 2  39  28  67 1 1 315  8  0  39  31  88  67   9   0
KEENEY 352332 221024 13 F 2  42  30  63 1 1 203  5  0  42  29  76  57   0   0
KEENEY 352332 221025 13 F 2  44  30  59 1 1 225  6  0  44  37  71  59   0   0
KEENEY 352332 221026 13 F 2  38  28  69 1 1 293  8  0  45  34  73  55  12   0
KEENEY 352332 221027 13 F 1  43  28  57 1 1 225  5  0  43  32  73  57   0   0
KEENEY 352332 221028 13 F 2  48  30  51 1 1 180  5  0  48  34  64  51   0   0
Count:    42  Zone Average:  42  30  66          6  0  45  31  86  59   5   1
Zone: 645
POINT  351419 221022 13 F 8  31  28  89 1 1 293 11  0  41  29 100  67  16   7
POINT  351419 221023 13 F 2  32  28  88 1 1 315  8  0  32  25 100  85   8   0
POINT  351419 221024 13 F 2  36  30  81 1 1 180 10  0  36  26  88  60   0   0
POINT  351419 221025 13 F 2  35  26  70 1 1 203  6  0  36  32  88  70   0   0
POINT  351419 221026 13 F 7  33  27  79 1 1 270  7  0  36  30  80  70  12   6
POINT  351419 221027 13 F 1  34  25  70 1 1 203  6  0  34  27  79  70   3   0
POINT  351419 221028 13 F 2  39  25  58 1 1 180  9  0  39  29  70  58   0   0
HARL B 351502 221022 13 F 8  34  29  84 1 1 315 11  0  45  32  99  58  16   7
HARL B 351502 221023 13 F 2  32  26  79 1 1 338  9  0  34  29  91  79   0   0
HARL B 351502 221024 13 F 2  36  26  69 1 1 180 11  0  36  28  84  69   0   0
HARL B 351502 221025 13 F 2  36  28  73 1 1 180  6  0  36  32  84  69   8   0
HARL B 351502 221026 13 F 7  33  26  76 1 1 293  6  0  36  30  86  72  12   6
HARL B 351502 221027 13 F 1  35  25  69 1 1 180  6  0  35  29  79  69   4   0
HARL B 351502 221028 13 F 2  38  24  58 1 1 180  9  0  38  29  70  58   0   0
ROBERT 351520 221022 13 F 2  41  30  67 1 1 293  6  0  47  34 100  53  16   7
ROBERT 351520 221023 13 F 2  41  29  64 1 1 338  4  0  41  31  97  64   0   0
ROBERT 351520 221024 13 F 2  45  31  58 1 1 203  4  0  45  25  87  57   0   0
ROBERT 351520 221025 13 F 2  44  30  59 1 1 225  6  0  45  32  95  58   8   0
ROBERT 351520 221026 13 F 2  42  32  68 1 1 270  5  0  45  30 100  57  12   0
ROBERT 351520 221027 13 F 1  45  31  58 1 1 203  4  0  45  28  94  58   0   0
ROBERT 351520 221028 13 F 2  49  30  48 1 1 180  5  0  49  29  84  48   0   0
SPARTA 352418 221022 13 F 2  42  30  63 1 1 293 13  0  52  37  99  56  15   0
SPARTA 352418 221023 13 F 1  43  24  48 1 1 315 11  0  43  31  98  48   0   0
SPARTA 352418 221024 13 F 2  40  27  60 1 1 180  6  0  43  29  96  48   0   0
SPARTA 352418 221025 13 F 2  42  32  69 1 1 180  5  0  42  34  87  60   0   0
SPARTA 352418 221026 13 F 2  40  29  67 1 1 293  6  0  42  33  86  67  10   0
SPARTA 352418 221027 13 F 1  41  29  63 1 1 180  4  0  41  30  83  63   0   0
SPARTA 352418 221028 13 F 2  42  28  59 1 1 158  5  0  42  32  78  59   0   0
Count:    28  Zone Average:  39  28  68          7  0  41  30  89  63   5   1
Zone: 691
GOLDEN 452408 221022 13 F 2  48  34  59 1 1 270 13  0  49  38  93  59  10   0
GOLDEN 452408 221023 13 F 0  51  30  46 1 1 248  8  0  51  34  81  46   0   0
GOLDEN 452408 221024 13 F 2  42  36  81 1 1 248 11  0  52  34  82  46   0   0
GOLDEN 452408 221025 13 F 2  48  37  67 1 1 248 11  0  48  37  87  67   0   0
GOLDEN 452408 221026 13 F 2  47  35  64 1 1 270 11  0  49  37  89  64   0   0
GOLDEN 452408 221027 13 F 1  49  38  66 1 1 248 10  0  49  36  84  63   0   0
GOLDEN 452408 221028 13 F 2  52  36  56 1 1 225  8  0  52  37  78  56   0   0
SADDLE 452701 221022 13 F 2  53  33  47 1 1 270  7  0  57  38  96  47  14   0
SADDLE 452701 221023 13 F 0  55  32  42 1 1 270  3  0  55  36  87  42   0   0
SADDLE 452701 221024 13 F 2  54  42  66 1 1 203  9  0  56  42  96  39   0   0
SADDLE 452701 221025 13 F 2  54  40  59 1 1 203  7  0  54  41  89  59   0   0
SADDLE 452701 221026 13 F 1  55  39  56 1 1 270  6  0  55  39  98  56   0   0
SADDLE 452701 221027 13 F 1  54  40  60 1 1 203  7  0  57  36  99  56   0   0
SADDLE 452701 221028 13 F 2  55  40  59 1 1 180  6  0  55  42  89  59   0   0
JUNIPE 453201 221022 13 F 2  52  40  65 1 1 248 10  0  55  42 100  58  14   0
JUNIPE 453201 221023 13 F 0  52  38  60 1 1 248  6  0  54  37  99  60   0   0
JUNIPE 453201 221024 13 F 2  50  41  73 1 1 203 11  0  54  37  93  58   0   0
JUNIPE 453201 221025 13 F 2  54  45  73 1 1 225 11  0  54  40  98  71   0   0
JUNIPE 453201 221026 13 F 2  52  44  76 1 1 248  8  0  55  39 100  71   0   0
JUNIPE 453201 221027 13 F 1  55  44  67 1 1 203 10  0  55  40  99  67   0   0
JUNIPE 453201 221028 13 F 2  57  43  60 1 1 203  7  0  57  41  87  60   0   0
Count:    21  Zone Average:  52  39  62          9  0  54  38  92  57   2   0
Zone: 692
ALDER  453803 221022 13 F 2  38  32  80 1 1 270 10  0  43  35  92  63  16   0
ALDER  453803 221023 13 F 1  40  31  71 1 1 293  6  0  40  33  90  63   0   0
ALDER  453803 221024 13 F 2  40  34  80 1 1 203 13  0  42  34  81  54   0   0
ALDER  453803 221025 13 F 2  44  35  71 1 1 225  8  0  44  40  83  66   0   0
ALDER  453803 221026 13 F 2  39  34  85 1 1 248  7  0  44  38  85  66  12   0
ALDER  453803 221027 13 F 1  42  32  70 1 1 225  6  0  42  34  85  66   0   0
ALDER  453803 221028 13 F 2  46  32  59 1 1 203  6  0  46  37  70  56   0   0
Count:     7  Zone Average:  41  33  74          8  0  43  36  84  62   4   0
Zone: 694
MILL C 452304 221022 13 F 2  49  32  52 1 1 270  9  0  50  37  98  52   9   0
MILL C 452304 221023 13 F 1  51  28  41 1 1 225  4  0  51  32  80  41   0   0
MILL C 452304 221024 13 F 6  48  38  70 1 1 248 10  0  52  34  78  41   0   0
MILL C 452304 221025 13 F 2  48  36  63 1 1 225 10  0  48  36  79  63   0   0
MILL C 452304 221026 13 F 2  47  33  60 1 1 270  8  0  48  36  87  60   7   0
MILL C 452304 221027 13 F 1  49  36  62 1 1 225  8  0  49  35  82  59   0   0
MILL C 452304 221028 13 F 2  52  37  57 1 1 225  7  0  52  39  78  57   0   0
SIGNAL 452307 221022 13 F 2  39  29  68 1 1 293 14  0  41  32 100  68  14   0
SIGNAL 452307 221023 13 F 1  42  25  52 1 1 248  5  0  42  30  98  52   0   0
SIGNAL 452307 221024 13 F 6  38  33  85 1 1 248 11  0  42  30  90  52   1   7
SIGNAL 452307 221025 13 F 2  37  32  84 1 1 248 10  0  38  35  98  72   6   0
SIGNAL 452307 221026 13 F 2  36  29  77 1 1 270  8  0  37  32  91  77   8   0
SIGNAL 452307 221027 13 F 1  39  33  81 1 1 225  9  0  39  31  88  77   0   0
SIGNAL 452307 221028 13 F 2  43  33  70 1 1 225  8  0  43  33  84  70   0   0
TEEPEE 452317 221022 13 F 2  49  33  55 1 1 293  8  0  49  31 100  55  11   0
TEEPEE 452317 221023 13 F 1  50  28  43 1 1 248  4  0  50  28 100  43   0   0
TEEPEE 452317 221024 13 F 6  45  43  93 1 1 248  9  0  51  27 100  43   0   6
TEEPEE 452317 221025 13 F 2  47  38  72 1 1 248  9  0  47  29  99  72   5   0
TEEPEE 452317 221026 13 F 2  46  35  67 1 1 270  7  0  47  28  99  67   8   0
TEEPEE 452317 221027 13 F 1  49  40  71 1 1 225  7  0  49  28 100  67   0   0
TEEPEE 452317 221028 13 F 2  52  39  63 1 1 225  6  0  52  31  99  63   0   0
HIGH B 452318 221022 13 F 2  52  34  51 1 1 293 11  0  53  39  91  51  10   0
HIGH B 452318 221023 13 F 0  52  28  40 1 1 270  5  0  52  33  75  40   0   0
HIGH B 452318 221024 13 F 2  51  40  67 1 1 225 11  0  53  37  74  40   0   0
HIGH B 452318 221025 13 F 2  50  37  61 1 1 225 11  0  51  38  78  61   0   0
HIGH B 452318 221026 13 F 2  50  34  55 1 1 270  9  0  50  38  81  55   0   0
HIGH B 452318 221027 13 F 1  53  39  60 1 1 225 10  0  53  37  78  54   0   0
HIGH B 452318 221028 13 F 2  55  37  51 1 1 203  8  0  55  41  72  51   0   0
GRAYBA 452404 221022 13 F 2  45  33  63 1 1 270 11  0  45  37 100  63  14   0
GRAYBA 452404 221023 13 F 1  48  32  54 1 1 248  5  0  48  32  88  54   0   0
GRAYBA 452404 221024 13 F 6  40  39  98 1 1 248  8  0  49  34  98  54   1   6
GRAYBA 452404 221025 13 F 2  44  39  83 1 1 248  9  0  44  35  98  83   5   0
GRAYBA 452404 221026 13 F 2  43  36  77 1 1 270  8  0  45  34  95  77  11   0
GRAYBA 452404 221027 13 F 1  46  39  77 1 1 248  7  0  46  34  91  74   0   0
GRAYBA 452404 221028 13 F 2  49  39  70 1 1 225  6  0  49  37  86  70   0   0
Count:    35  Zone Average:  47  35  66          8  0  48  34  90  59   3   1
Zone: 695
PEOH P 452206 221022 13 F 2  40  31  72 1 1 293 10  0  41  34  92  72   9   0
Count:     1  Zone Average:  40  31  72         10  0  41  34  92  72   9   0
Zone: 690
PEOH P 452206 221022 13 F 2  40  31  72 1 1 293 10  0  41  34  92  72   9   0
Count:     1  Zone Average:  40  31  72         10  0  41  34  92  72   9   0
Zone: 695
PEOH P 452206 221023 13 F 1  44  29  56 1 1 293  4  0  44  32  85  56   0   0
Count:     1  Zone Average:  44  29  56          4  0  44  32  85  56   0   0
Zone: 690
PEOH P 452206 221023 13 F 1  44  29  56 1 1 293  4  0  44  32  85  56   0   0
PEOH P 452206 221024 13 F 6  41  33  74 1 1 270  6  0  44  36  88  56   2   8
Count:     2  Zone Average:  43  31  65          5  0  44  34  87  56   1   4
Zone: 695
PEOH P 452206 221024 13 F 6  41  33  74 1 1 270  6  0  44  36  88  56   2   8
Count:     1  Zone Average:  41  33  74          6  0  44  36  88  56   2   8
Zone: 690
PEOH P 452206 221025 13 F 2  40  34  80 1 1 225  4  0  41  36  96  72   9   0
Count:     1  Zone Average:  40  34  80          4  0  41  36  96  72   9   0
Zone: 695
PEOH P 452206 221025 13 F 2  40  34  80 1 1 225  4  0  41  36  96  72   9   0
Count:     1  Zone Average:  40  34  80          4  0  41  36  96  72   9   0
Zone: 690
PEOH P 452206 221026 13 F 2  39  31  74 1 1 293  7  0  40  34  84  74   8   0
Count:     1  Zone Average:  39  31  74          7  0  40  34  84  74   8   0
Zone: 695
PEOH P 452206 221026 13 F 2  39  31  74 1 1 293  7  0  40  34  84  74   8   0
Count:     1  Zone Average:  39  31  74          7  0  40  34  84  74   8   0
Zone: 690
PEOH P 452206 221027 13 F 2  43  34  71 1 1 270  4  0  43  35  83  71   0   0
Count:     1  Zone Average:  43  34  71          4  0  43  35  83  71   0   0
Zone: 695
PEOH P 452206 221027 13 F 2  43  34  71 1 1 270  4  0  43  35  83  71   0   0
Count:     1  Zone Average:  43  34  71          4  0  43  35  83  71   0   0
Zone: 690
PEOH P 452206 221028 13 F 2  44  35  72 1 1 180  3  0  44  37  80  71   0   0
Count:     1  Zone Average:  44  35  72          3  0  44  37  80  71   0   0
Zone: 695
PEOH P 452206 221028 13 F 2  44  35  72 1 1 180  3  0  44  37  80  71   0   0
SWAUK  452219 221022 13 F 2  46  29  52 1 1 270  6  0  47  34  81  52   0   0
SWAUK  452219 221023 13 F 1  50  25  38 1 1 270  2  0  50  32  72  38   0   0
SWAUK  452219 221024 13 F 6  46  36  68 1 1 248  3  0  50  37  71  38   1   7
SWAUK  452219 221025 13 F 2  45  32  61 1 1 225  4  0  46  38  72  61   6   0
SWAUK  452219 221026 13 F 1  46  32  58 1 1 293  6  0  46  37  76  58   0   0
SWAUK  452219 221027 13 F 2  49  32  53 1 1 248  4  0  49  35  71  53   0   0
SWAUK  452219 221028 13 F 2  49  34  56 1 1 203  3  0  49  39  69  53   0   0
SAWMIL 452221 221022 13 F 2  47  28  49 1 1 315  8  0  50  31 100  49   9   0
SAWMIL 452221 221023 13 F 1  51  26  38 1 1 293  4  0  51  27 100  38   0   0
SAWMIL 452221 221024 13 F 6  51  43  76 1 1 248  6  0  52  27 100  38   2   8
SAWMIL 452221 221025 13 F 2  48  32  54 1 1 225  5  0  51  27  98  54   6   0
SAWMIL 452221 221026 13 F 2  47  30  53 1 1 293  6  0  48  27 100  53  11   0
SAWMIL 452221 221027 13 F 2  53  34  49 1 1 248  4  0  53  26  98  49   0   0
SAWMIL 452221 221028 13 F 2  54  34  48 1 1 180  4  0  54  28 100  48   0   0
SEDGE  452306 221022 13 F 2  45  29  55 1 1 293 13  0  47  36  96  55   9   0
SEDGE  452306 221023 13 F 1  47  26  44 1 1 225  7  0  47  33  84  44   0   0
SEDGE  452306 221024 13 F 6  44  33  65 1 1 248 11  0  47  37  77  44   1   6
SEDGE  452306 221025 13 F 2  43  32  67 1 1 225 10  0  44  37  79  65   5   0
SEDGE  452306 221026 13 F 2  43  30  62 1 1 270 10  0  43  36  74  62   8   0
SEDGE  452306 221027 13 F 1  46  33  62 1 1 225 10  0  46  36  73  62   0   0
SEDGE  452306 221028 13 F 2  47  35  63 1 1 203  9  0  47  39  70  61   0   0
Count:    22  Zone Average:  47  32  57          6  0  48  34  84  52   3   1
 
 
 
End of WIMS Bulletin @ 21-OCT-22 23:13:43 GMT

