FNUS84 KJAN 231850
FWMJAN

FCST,223701,221024,13,2,79,51,1,1,SSE,08,,80,52,100,34,0,0,N
FCST,223701,221025,13,2,74,76,1,3,SSW,12,,80,64,100,50,0,6,N
FCST,223701,221026,13,0,66,49,3,1,NNW,05,,74,47,100,48,0,0,N
FCST,223701,221027,13,0,70,50,1,1,NE,02,,70,43,100,47,0,0,N
FCST,223701,221028,13,2,71,56,1,1,ESE,03,,72,46,100,46,0,0,N
FCST,223701,221029,13,2,67,72,1,1,E,08,,73,53,100,51,0,0,N
FCST,223701,221030,13,2,66,69,1,1,SW,05,,68,51,100,65,0,0,N
FCST,226102,221024,13,2,83,50,1,1,S,09,,83,58,100,41,0,0,N
FCST,226102,221025,13,1,75,63,1,3,WSW,10,,84,68,100,48,0,5,N
FCST,226102,221026,13,0,71,41,2,1,N,06,,76,48,96,41,0,0,N
FCST,226102,221027,13,0,76,40,1,1,E,02,,76,44,100,38,0,0,N
FCST,226102,221028,13,2,73,57,1,1,SE,04,,77,49,100,37,0,0,N
FCST,226102,221029,13,1,72,61,1,1,WSW,05,,74,55,100,55,0,0,N
FCST,226102,221030,13,1,70,60,1,1,WNW,03,,73,51,100,57,0,0,N
FCST,225502,221024,13,2,81,53,1,1,SSE,09,,82,56,100,39,0,0,N
FCST,225502,221025,13,1,74,70,1,3,SW,11,,82,67,100,51,0,6,N
FCST,225502,221026,13,0,68,48,3,1,NNW,06,,75,47,100,45,0,0,N
FCST,225502,221027,13,0,73,47,1,1,ENE,02,,74,44,100,42,0,0,N
FCST,225502,221028,13,2,72,58,1,1,ESE,04,,75,48,100,43,0,0,N
FCST,225502,221029,13,2,70,67,1,1,SE,06,,74,55,100,55,0,0,N
FCST,225502,221030,13,2,67,69,1,1,W,03,,72,52,100,61,0,0,N
FCST,227202,221024,13,2,83,47,1,1,SSE,08,,84,56,100,37,0,0,N
FCST,227202,221025,13,2,78,66,1,3,SW,11,,84,67,100,46,0,6,N
FCST,227202,221026,13,0,71,41,3,1,NNW,06,,79,49,100,39,0,0,N
FCST,227202,221027,13,0,75,40,1,1,ENE,02,,76,45,100,37,0,0,N
FCST,227202,221028,13,2,75,48,1,1,ESE,03,,77,49,100,36,0,0,N
FCST,227202,221029,13,1,72,61,1,1,SSW,05,,77,56,100,45,0,0,N
FCST,227202,221030,13,1,70,57,1,1,W,03,,74,53,100,55,0,0,N
FCST,225101,221024,13,2,80,52,1,1,SSE,09,,81,53,100,35,0,0,N
FCST,225101,221025,13,2,76,69,1,3,SSW,12,,81,66,100,49,0,6,N
FCST,225101,221026,13,0,69,44,3,1,NNW,06,,76,47,100,42,0,0,N
FCST,225101,221027,13,0,73,44,1,1,NE,02,,74,44,100,39,0,0,N
FCST,225101,221028,13,2,73,50,1,1,ESE,03,,75,46,100,40,0,0,N
FCST,225101,221029,13,2,69,67,1,1,ESE,05,,74,54,100,48,0,0,N
FCST,225101,221030,13,2,68,61,1,1,WSW,04,,71,51,100,59,0,0,N
FCST,224101,221024,13,2,78,52,1,1,SSE,08,,80,50,100,33,0,0,N
FCST,224101,221025,13,2,74,77,1,3,S,13,,80,65,100,50,0,7,N
FCST,224101,221026,13,0,67,51,3,1,NNW,06,,75,48,100,49,0,0,N
FCST,224101,221027,13,0,70,49,1,1,NE,02,,71,43,100,47,0,0,N
FCST,224101,221028,13,2,72,54,1,1,ESE,04,,73,46,100,44,0,0,N
FCST,224101,221029,13,2,67,73,1,1,E,09,,74,53,100,50,0,0,N
FCST,224101,221030,13,2,67,69,1,1,SSW,05,,68,51,100,65,0,0,N
FCST,226502,221024,13,2,79,58,1,1,SSE,09,,80,54,100,38,0,0,N
FCST,226502,221025,13,2,78,69,1,3,SSW,12,,80,66,100,56,0,7,N
FCST,226502,221026,13,0,70,45,3,1,NNW,06,,78,49,100,45,0,0,N
FCST,226502,221027,13,0,74,44,1,1,NE,02,,74,45,100,41,0,0,N
FCST,226502,221028,13,2,74,51,1,1,ESE,04,,75,48,100,40,0,0,N
FCST,226502,221029,13,2,71,67,1,1,SE,05,,75,56,100,50,0,0,N
FCST,226502,221030,13,2,69,62,1,1,WSW,04,,72,53,100,59,0,0,N
FCST,223501,221024,13,2,83,49,1,1,S,10,,83,57,100,36,0,0,N
FCST,223501,221025,13,1,72,70,1,3,SW,13,,83,67,100,46,0,6,N
FCST,223501,221026,13,0,68,45,2,1,NNW,06,,72,46,100,45,0,0,N
FCST,223501,221027,13,0,73,46,1,1,ENE,02,,73,44,100,42,0,0,N
FCST,223501,221028,13,2,73,55,1,1,ESE,03,,74,48,100,43,0,0,N
FCST,223501,221029,13,2,69,68,1,1,E,07,,74,53,100,51,0,0,N
FCST,223501,221030,13,2,67,70,1,1,WSW,06,,70,51,100,61,0,0,N
FCST,225301,221024,13,2,77,56,1,1,SSE,08,,78,49,100,31,0,0,N
FCST,225301,221025,13,8,76,76,1,3,S,12,,78,64,100,56,0,6,Y
FCST,225301,221026,13,0,67,50,3,1,NNW,06,,76,49,100,50,0,0,N
FCST,225301,221027,13,0,71,49,1,1,NNE,03,,71,44,100,47,0,0,N
FCST,225301,221028,13,1,73,53,1,1,ESE,04,,73,46,100,46,0,0,N
FCST,225301,221029,13,2,67,73,1,1,SE,07,,74,54,100,51,0,0,N
FCST,225301,221030,13,2,67,68,1,1,SSW,05,,68,52,100,68,0,0,N
FCST,224601,221024,13,2,80,51,1,1,SSE,10,,81,50,100,33,0,0,N
FCST,224601,221025,13,2,75,74,1,3,SSW,13,,81,65,100,51,0,7,N
FCST,224601,221026,13,0,68,45,3,1,NNW,06,,76,47,100,45,0,0,N
FCST,224601,221027,13,0,72,46,1,1,NE,03,,72,42,100,42,0,0,N
FCST,224601,221028,13,2,73,52,1,1,ESE,05,,73,46,100,41,0,0,N
FCST,224601,221029,13,2,69,68,1,1,ESE,06,,74,53,100,48,0,0,N
FCST,224601,221030,13,2,67,64,1,1,SW,05,,70,50,100,63,0,0,N
FCST,227401,221024,13,2,81,60,1,1,SSE,09,,81,55,100,35,0,0,N
FCST,227401,221025,13,2,79,73,1,3,SSW,12,,81,67,100,58,0,5,N
FCST,227401,221026,13,0,72,47,3,1,NNW,06,,79,50,100,46,0,0,N
FCST,227401,221027,13,0,75,45,1,1,NE,02,,75,46,100,41,0,0,N
FCST,227401,221028,13,2,76,51,1,1,ESE,04,,76,49,100,42,0,0,N
FCST,227401,221029,13,2,72,70,1,1,SSE,05,,77,56,100,47,0,0,N
FCST,227401,221030,13,1,70,63,1,1,W,03,,73,53,100,61,0,0,N

$$

...STATION LOCATIONS...
223701 - TOMBIGBEE RAWS NEAR ACKERMAN/CHOCTAW CO
226102 - BUDE RAWS/FRANKLIN CO
225502 - COPIAH RAWS NEAR CRYSTAL SPRINGS/COPIAH CO
227202 - MARION RAWS NEAR FOXWORTH/MARION CO
225101 - BIENVILLE NF RAWS NEAR FOREST/SCOTT CO
224101 - NOXUBEE RAWS NEAR BLUFF LAKE/NOXUBEE CO
226502 - COVINGTON RAWS NEAR HOT COFFEE/COVINGTON CO
223501 - HOLMES RAWS NEAR TCHULA/HOLMES CO
225301 - LAUDERDALE RAWS NEAR ALAMUCHA/LAUDERDALE CO
224601 - NESHOBA RAWS IN PHILADEPHIA/NESHOBA CO
227401 - RAGLAND HILLS RAWS NEAR HATTIESBURG/FORREST CO
