FNUS81 KRNK 231728
FWMRNK

FCST,465401,221024,13,1,67,42,1,1,NE,01,,67,39,94,37,0,0,N
FCST,465401,221025,13,2,65,52,1,1,SSE,02,,69,42,97,40,0,0,N
FCST,465401,221026,13,2,60,69,1,1,WSW,04,,66,51,97,49,0,0,N
FCST,465401,221027,13,1,56,65,1,1,NNE,02,,60,45,100,65,0,0,N
FCST,465401,221028,13,2,60,57,1,1,SE,02,,60,41,99,57,0,0,N
FCST,465401,221029,13,2,57,69,1,1,SE,03,,61,44,98,54,0,0,N
FCST,465401,221030,13,2,54,78,1,1,SE,04,,58,46,100,66,0,0,N
FCST,441801,221024,13,0,71,44,1,1,SE,01,,71,44,85,38,0,0,N
FCST,441801,221025,13,1,67,58,1,1,SSE,02,,72,48,92,42,0,0,N
FCST,441801,221026,13,2,64,73,1,1,SW,03,,68,53,95,57,0,0,N
FCST,441801,221027,13,1,63,54,1,1,NE,02,,65,49,90,54,0,0,N
FCST,441801,221028,13,2,61,59,1,1,ESE,02,,64,44,90,52,0,0,N
FCST,441801,221029,13,2,59,74,1,1,ESE,02,,62,46,94,58,0,0,N
FCST,441801,221030,13,2,57,82,1,1,E,03,,59,48,98,72,0,0,N
FCST,441631,221024,13,0,73,45,1,1,E,00,,73,40,100,45,0,0,N
FCST,441631,221025,13,1,71,57,1,1,S,01,,75,45,100,43,0,0,N
FCST,441631,221026,13,1,68,66,1,1,SW,02,,72,52,100,54,0,0,N
FCST,441631,221027,13,1,68,50,1,1,NNE,01,,70,47,98,50,0,0,N
FCST,441631,221028,13,1,65,55,1,1,E,01,,69,43,95,48,0,0,N
FCST,441631,221029,13,2,62,69,1,1,E,02,,66,44,100,53,0,0,N
FCST,441631,221030,13,2,61,74,1,1,E,02,,64,48,99,66,0,0,N
FCST,444002,221024,13,0,72,43,1,1,E,00,,72,43,88,41,0,0,N
FCST,444002,221025,13,1,69,57,1,1,SSE,01,,74,47,87,41,0,0,N
FCST,444002,221026,13,2,66,68,1,1,WSW,02,,69,52,90,56,0,0,N
FCST,444002,221027,13,1,64,56,1,1,NNE,01,,66,49,88,56,0,0,N
FCST,444002,221028,13,2,63,58,1,1,ESE,01,,64,45,86,55,0,0,N
FCST,444002,221029,13,2,60,75,1,1,ESE,02,,64,46,87,56,0,0,N
FCST,444002,221030,13,2,58,80,1,1,ESE,02,,61,48,96,71,0,0,N
FCST,447502,221024,13,1,69,44,1,1,NE,01,,69,36,94,33,0,0,N
FCST,447502,221025,13,1,66,53,1,1,SSE,04,,71,41,95,41,0,0,N
FCST,447502,221026,13,2,60,75,1,1,WSW,05,,67,50,94,51,0,0,N
FCST,447502,221027,13,1,58,66,1,1,NE,02,,60,45,96,66,0,0,N
FCST,447502,221028,13,1,61,62,1,1,SE,03,,61,42,97,62,0,0,N
FCST,447502,221029,13,2,58,77,1,1,ESE,04,,62,42,100,58,0,0,N
FCST,447502,221030,13,2,55,84,1,1,ESE,04,,59,46,99,73,0,0,N
FCST,312001,221024,13,1,69,44,1,1,SSE,01,,69,44,82,36,0,0,N
FCST,312001,221025,13,1,66,56,1,1,S,03,,71,47,83,42,0,0,N
FCST,312001,221026,13,1,64,69,1,1,WSW,03,,67,52,90,55,0,0,N
FCST,312001,221027,13,1,63,56,1,1,E,02,,64,48,88,56,0,0,N
FCST,312001,221028,13,1,61,64,1,1,ESE,02,,64,47,86,56,0,0,N
FCST,312001,221029,13,2,59,79,1,1,E,03,,62,48,89,63,0,0,N
FCST,312001,221030,13,2,57,85,1,1,E,04,,59,49,95,78,0,0,N
FCST,310301,221024,13,0,72,45,1,1,SE,00,,72,43,92,35,0,0,N
FCST,310301,221025,13,1,68,57,1,1,S,02,,74,48,88,42,0,0,N
FCST,310301,221026,13,1,67,66,1,1,SW,02,,69,53,92,55,0,0,N
FCST,310301,221027,13,1,66,55,1,1,NE,02,,68,50,86,55,0,0,N
FCST,310301,221028,13,1,63,61,1,1,ESE,02,,67,48,84,54,0,0,N
FCST,310301,221029,13,2,61,77,1,1,E,02,,64,49,90,59,0,0,N
FCST,310301,221030,13,2,59,78,1,1,E,03,,62,50,96,75,0,0,N
FCST,310302,221024,13,0,70,50,1,1,S,01,,70,43,97,39,0,0,N
FCST,310302,221025,13,1,67,60,1,1,S,02,,72,46,99,47,0,0,N
FCST,310302,221026,13,1,67,68,1,1,SW,03,,69,53,95,57,0,0,N
FCST,310302,221027,13,1,65,56,1,1,NE,03,,69,50,89,56,0,0,N
FCST,310302,221028,13,1,63,61,1,1,ENE,03,,66,48,87,55,0,0,N
FCST,310302,221029,13,2,60,79,1,1,ENE,03,,64,48,97,59,0,0,N
FCST,310302,221030,13,2,59,82,1,1,ENE,04,,61,50,100,75,0,0,N
FCST,310801,221024,13,0,71,57,1,1,N,01,,71,46,97,45,0,0,N
FCST,310801,221025,13,1,71,62,1,1,S,01,,72,47,100,54,0,0,N
FCST,310801,221026,13,1,71,68,1,1,SSW,03,,72,53,100,59,0,0,N
FCST,310801,221027,13,1,68,56,1,1,NE,04,,72,50,93,56,0,0,N
FCST,310801,221028,13,1,66,60,1,1,NNE,03,,69,47,91,55,0,0,N
FCST,310801,221029,13,2,64,75,1,1,NE,04,,67,48,100,58,0,0,N
FCST,310801,221030,13,2,64,75,1,1,ENE,04,,64,51,100,73,0,0,N
FCST,310141,221024,13,1,66,43,1,1,SE,01,,66,36,94,32,0,0,N
FCST,310141,221025,13,1,62,57,1,1,SSE,04,,67,41,96,40,0,0,N
FCST,310141,221026,13,1,60,69,1,1,WSW,04,,62,47,99,57,0,0,N
FCST,310141,221027,13,1,59,58,1,1,ENE,03,,60,43,96,58,0,0,N
FCST,310141,221028,13,1,58,63,1,1,SE,04,,60,41,96,57,0,0,N
FCST,310141,221029,13,2,54,81,1,1,ESE,04,,58,43,97,62,0,0,N
FCST,310141,221030,13,2,52,86,1,1,ESE,04,,55,44,100,79,0,0,N
FCST,310142,221024,13,1,63,41,1,1,E,02,,63,40,76,33,0,0,N
FCST,310142,221025,13,1,58,57,1,1,SSE,05,,64,44,80,39,0,0,N
FCST,310142,221026,13,1,54,76,1,1,W,06,,58,48,94,57,0,0,N
FCST,310142,221027,13,1,55,63,1,1,E,04,,55,42,93,63,0,0,N
FCST,310142,221028,13,1,53,68,1,1,SE,05,,55,43,91,62,0,0,N
FCST,310142,221029,13,2,50,85,1,1,SE,06,,54,44,92,68,0,0,N
FCST,310142,221030,13,2,47,94,1,1,ESE,07,,50,45,97,85,0,0,N
FCST,310540,221024,13,0,71,53,1,1,NNW,01,,71,45,93,39,0,0,N
FCST,310540,221025,13,1,70,60,1,1,S,02,,72,46,100,51,0,0,N
FCST,310540,221026,13,1,70,65,1,1,SW,04,,71,53,100,56,0,0,N
FCST,310540,221027,13,1,67,56,1,1,NE,04,,71,50,93,56,0,0,N
FCST,310540,221028,13,1,64,59,1,1,NE,03,,68,47,92,54,0,0,N
FCST,310540,221029,13,2,62,75,1,1,NE,04,,65,48,99,58,0,0,N
FCST,310540,221030,13,2,62,74,1,1,ENE,04,,63,51,100,72,0,0,N
FCST,311941,221024,13,1,67,38,1,1,SE,03,,68,38,84,29,0,0,N
FCST,311941,221025,13,1,62,53,1,1,SSE,05,,69,42,89,36,0,0,N
FCST,311941,221026,13,1,59,67,1,1,W,05,,63,47,100,53,0,0,N
FCST,311941,221027,13,1,60,55,1,1,E,04,,60,42,98,55,0,0,N
FCST,311941,221028,13,1,58,62,1,1,SE,04,,60,42,95,54,0,0,N
FCST,311941,221029,13,2,54,76,1,1,ESE,04,,58,43,98,61,0,0,N
FCST,311941,221030,13,2,52,82,1,1,ESE,06,,54,44,100,76,0,0,N
