FNUS84 KMOB 232100
FWMMOB

FCST,015201,221024,13,1,79,52,1,1,SSE,05,,79,52,93,33,0,0,N
FCST,015201,221025,13,2,79,69,1,4,S,12,,79,62,100,52,0,0,N
FCST,015201,221026,13,0,68,51,4,2,NNW,06,,79,51,100,51,0,0,N
FCST,015201,221027,13,0,71,49,1,1,N,03,,71,46,100,49,0,0,N
FCST,015201,221028,13,1,76,49,1,1,SE,06,,76,50,100,46,0,0,N
FCST,015201,221029,13,1,69,76,1,1,ESE,09,,76,57,99,49,0,0,N
FCST,015201,221030,13,1,69,66,1,1,SW,07,,70,55,100,66,0,0,N
FCST,015902,221024,13,1,84,37,1,1,SSE,04,,84,48,96,20,0,0,N
FCST,015902,221025,13,2,82,58,1,3,S,11,,84,58,100,37,0,0,N
FCST,015902,221026,13,0,74,43,3,3,NNW,06,,82,54,100,43,0,0,N
FCST,015902,221027,13,0,78,39,1,1,N,02,,78,48,100,39,0,0,N
FCST,015902,221028,13,1,81,41,1,1,ESE,05,,81,51,100,37,0,0,N
FCST,015902,221029,13,1,76,58,1,1,ESE,09,,81,58,100,41,0,0,N
FCST,015902,221030,13,1,75,54,1,1,SSW,05,,76,56,100,54,0,0,N
FCST,016301,221024,13,1,83,38,1,1,SSE,04,,83,49,96,23,0,0,N
FCST,016301,221025,13,2,82,61,1,3,S,11,,84,59,100,37,0,0,N
FCST,016301,221026,13,0,74,43,3,3,NNW,05,,82,53,100,43,0,0,N
FCST,016301,221027,13,0,77,40,1,1,N,02,,77,47,100,40,0,0,N
FCST,016301,221028,13,1,80,42,1,1,ESE,05,,80,50,100,38,0,0,N
FCST,016301,221029,13,2,75,60,1,1,SE,08,,81,58,100,41,0,0,N
FCST,016301,221030,13,1,75,54,1,1,SSW,05,,75,55,100,54,0,0,N
FCST,016302,221024,13,1,82,44,1,1,SSE,05,,82,51,100,24,0,0,N
FCST,016302,221025,13,2,81,65,1,3,S,11,,82,61,100,44,0,0,N
FCST,016302,221026,13,0,72,46,3,3,NNW,08,,81,53,100,46,0,0,N
FCST,016302,221027,13,0,77,40,1,1,N,03,,77,47,100,40,0,0,N
FCST,016302,221028,13,1,79,45,1,1,SE,05,,79,50,100,40,0,0,N
FCST,016302,221029,13,1,75,62,1,1,SE,10,,79,58,100,45,0,0,N
FCST,016302,221030,13,1,74,55,1,1,SSW,07,,75,55,100,55,0,0,N
FCST,016703,221024,13,1,77,72,1,1,SE,12,,78,66,100,54,0,0,N
FCST,016703,221025,13,2,77,83,1,3,S,16,,78,70,100,67,0,0,N
FCST,016703,221026,13,0,70,55,3,2,NNW,10,,78,58,93,53,0,0,N
FCST,016703,221027,13,0,70,57,1,1,N,05,,72,57,90,51,0,0,N
FCST,016703,221028,13,1,73,66,1,1,ESE,09,,74,61,90,53,0,0,N
FCST,016703,221029,13,1,72,78,1,1,SSE,15,,75,65,93,64,0,0,N
FCST,016703,221030,13,1,70,68,1,1,WSW,11,,74,62,93,66,0,0,N
FCST,080202,221024,13,1,78,67,1,1,ESE,11,,78,66,87,47,0,0,N
FCST,080202,221025,13,2,78,79,1,3,S,16,,78,71,92,67,0,0,N
FCST,080202,221026,13,0,73,49,3,3,NNW,10,,78,61,90,49,0,0,N
FCST,080202,221027,13,0,73,51,1,1,E,04,,74,58,83,48,0,0,N
FCST,080202,221028,13,1,76,60,1,1,SE,10,,76,62,84,50,0,0,N
FCST,080202,221029,13,1,74,74,1,1,SE,14,,76,66,90,60,0,0,N
FCST,080202,221030,13,1,73,64,1,1,SW,10,,75,63,89,64,0,0,N
FCST,089908,221024,13,1,81,54,1,1,SE,09,,81,55,100,34,0,0,N
FCST,089908,221025,13,2,80,74,1,3,S,14,,81,65,100,54,0,0,N
FCST,089908,221026,13,0,74,44,3,2,NNW,09,,80,54,100,44,0,0,N
FCST,089908,221027,13,0,77,42,1,1,N,03,,77,49,100,42,0,0,N
FCST,089908,221028,13,1,79,49,1,1,SE,08,,79,51,100,42,0,0,N
FCST,089908,221029,13,1,74,71,1,1,SE,11,,79,59,100,49,0,0,N
FCST,089908,221030,13,1,74,58,1,1,SW,09,,74,56,100,58,0,0,N
FCST,089912,221024,13,1,82,47,1,1,SSE,08,,82,50,100,29,0,0,N
FCST,089912,221025,13,2,80,67,1,3,S,13,,82,60,100,47,0,0,N
FCST,089912,221026,13,0,75,43,3,3,NNW,08,,80,55,100,43,0,0,N
FCST,089912,221027,13,0,77,40,1,1,N,03,,77,48,98,40,0,0,N
FCST,089912,221028,13,1,80,45,1,1,SSE,07,,80,51,100,40,0,0,N
FCST,089912,221029,13,1,76,62,1,1,SE,11,,80,58,100,45,0,0,N
FCST,089912,221030,13,1,75,55,1,1,SSW,09,,76,56,100,55,0,0,N
FCST,089913,221024,13,1,81,51,1,1,SSE,09,,81,53,100,29,0,0,N
FCST,089913,221025,13,2,80,72,1,3,S,13,,81,62,100,51,0,0,N
FCST,089913,221026,13,0,75,43,3,3,NNW,09,,80,54,100,43,0,0,N
FCST,089913,221027,13,0,77,42,1,1,N,03,,77,48,98,42,0,0,N
FCST,089913,221028,13,1,79,47,1,1,SE,08,,79,51,100,42,0,0,N
FCST,089913,221029,13,1,75,64,1,1,SE,12,,79,58,100,47,0,0,N
FCST,089913,221030,13,1,75,56,1,1,SSW,09,,75,56,100,56,0,0,N
FCST,226702,221024,13,1,79,58,1,1,SSE,08,,79,54,100,30,0,0,N
FCST,226702,221025,13,8,80,69,1,5,SSW,13,,80,64,100,56,0,6,Y
FCST,226702,221026,13,0,69,45,5,1,NNW,06,,80,49,96,45,5,0,N
FCST,226702,221027,13,0,73,44,1,1,NNE,03,,73,46,100,44,0,0,N
FCST,226702,221028,13,1,76,48,1,1,ESE,06,,76,49,100,43,0,0,N
FCST,226702,221029,13,1,70,73,1,1,ESE,07,,76,56,100,48,0,0,N
FCST,226702,221030,13,1,69,63,1,1,W,06,,71,53,100,63,0,0,N
FCST,227601,221024,13,2,81,58,1,1,SE,09,,81,55,100,36,0,0,N
FCST,227601,221025,13,8,81,70,1,4,S,12,,81,64,100,58,0,2,N
FCST,227601,221026,13,0,71,46,4,1,NNW,06,,81,49,99,46,4,0,N
FCST,227601,221027,13,0,74,44,1,1,NNE,04,,74,46,100,44,0,0,N
FCST,227601,221028,13,1,78,47,1,1,SE,06,,78,49,100,43,0,0,N
FCST,227601,221029,13,1,71,76,1,1,SE,08,,78,56,100,47,0,0,N
FCST,227601,221030,13,1,72,60,1,1,W,07,,73,53,100,59,0,0,N
FCST,227802,221024,13,2,80,65,1,1,SSE,09,,81,58,100,41,0,0,N
FCST,227802,221025,13,8,82,68,1,4,SSW,12,,82,67,100,60,0,0,N
FCST,227802,221026,13,0,72,42,4,1,NNW,06,,82,51,93,42,0,0,N
FCST,227802,221027,13,0,75,43,1,1,NE,03,,75,47,100,41,0,0,N
FCST,227802,221028,13,1,77,50,1,1,SE,05,,77,50,100,42,0,0,N
FCST,227802,221029,13,1,72,73,1,1,S,07,,77,58,100,50,0,0,N
FCST,227802,221030,13,1,72,59,1,1,W,05,,73,55,100,59,0,0,N
