FNUS81 KBUF 232047
FWMBUF

National Fire Danger Rating Forecast
National Weather Service Buffalo NY
446 PM EDT Sun Oct 23 2022

FCST,301101,221024,13,0,68,57,1,1,E,04,,71,48,85,37,0,0,N
FCST,301101,221025,13,2,74,52,1,1,S,06,,74,49,100,52,0,0,N
FCST,301101,221026,13,2,71,61,1,1,S,10,,75,54,100,52,0,0,N
FCST,301101,221027,13,1,53,62,1,1,NNW,07,,71,44,94,61,0,0,N
FCST,301101,221028,13,2,55,58,1,1,ENE,07,,55,40,94,58,0,0,N
FCST,301101,221029,13,1,57,65,1,1,E,01,,57,42,95,58,0,0,N
FCST,301101,221030,13,2,60,61,1,1,ESE,05,,60,42,100,61,0,0,N
FCST,300491,221024,13,1,65,68,1,1,E,02,,69,49,83,28,0,0,N
FCST,300491,221025,13,2,72,65,1,1,SSE,08,,72,49,100,65,0,0,N
FCST,300491,221026,13,2,71,68,1,1,SSE,10,,72,55,100,63,0,0,N
FCST,300491,221027,13,2,55,60,1,1,NNW,08,,71,45,100,60,0,0,N
FCST,300491,221028,13,1,57,47,1,1,NE,04,,57,36,93,47,0,0,N
FCST,300491,221029,13,2,57,53,1,1,S,04,,57,38,88,47,0,0,N
FCST,300491,221030,13,2,59,55,1,1,S,03,,59,41,93,53,0,0,N

$$
