FNUS84 KMEG 232045
FWMMEG

FCST,032801,221024,13,2,76,52,1,1,S,13,,80,63,84,41,0,0,N
FCST,032801,221025,13,2,64,77,1,2,SW,13,,79,64,100,45,6,7,N
FCST,032801,221026,13,0,61,49,2,1,N,06,,64,45,86,48,0,0,N
FCST,032801,221027,13,0,62,55,1,1,E,05,,63,43,93,44,0,0,N
FCST,032801,221028,13,1,64,64,1,1,ENE,05,,65,47,96,48,0,0,N
FCST,032801,221029,13,1,62,75,1,1,NE,08,,66,52,96,58,0,0,N
FCST,032801,221030,13,1,60,75,1,1,N,06,,63,50,100,70,0,0,N
FCST,034503,221024,13,2,79,49,1,1,S,10,,81,61,90,41,0,0,N
FCST,034503,221025,13,2,66,75,1,3,SW,11,,81,65,100,44,4,7,N
FCST,034503,221026,13,0,64,44,2,1,N,04,,66,46,93,44,0,0,N
FCST,034503,221027,13,0,66,48,1,1,ENE,02,,66,43,100,41,0,0,N
FCST,034503,221028,13,1,67,61,1,1,ENE,02,,68,47,100,45,0,0,N
FCST,034503,221029,13,1,64,75,1,1,NE,05,,69,52,100,57,0,0,N
FCST,034503,221030,13,1,63,72,1,1,NNW,03,,65,51,100,70,0,0,N
FCST,220202,221024,13,1,76,50,1,1,S,09,,78,54,86,40,0,0,N
FCST,220202,221025,13,2,66,84,1,3,SSW,11,,78,62,100,47,0,6,N
FCST,220202,221026,13,0,63,50,2,1,NNW,06,,67,43,100,50,0,0,N
FCST,220202,221027,13,0,66,50,1,1,ENE,04,,66,41,100,48,0,0,N
FCST,220202,221028,13,1,69,57,1,1,ESE,04,,69,46,100,47,0,0,N
FCST,220202,221029,13,1,64,76,1,1,E,05,,70,52,100,55,0,0,N
FCST,220202,221030,13,1,64,71,1,1,SW,05,,65,49,100,71,0,0,N
FCST,220601,221024,13,1,75,45,1,1,S,09,,76,53,80,34,0,0,N
FCST,220601,221025,13,8,68,88,1,3,S,12,,77,62,100,45,0,7,N
FCST,220601,221026,13,1,62,59,3,1,NNW,06,,68,45,100,58,5,0,N
FCST,220601,221027,13,0,66,55,1,1,NE,04,,66,44,100,54,0,0,N
FCST,220601,221028,13,1,70,60,1,1,SE,04,,70,48,100,50,0,0,N
FCST,220601,221029,13,1,64,80,1,1,E,05,,71,54,100,55,0,0,N
FCST,220601,221030,13,1,64,73,1,1,S,06,,65,51,100,72,0,0,N
FCST,221502,221024,13,1,77,52,1,1,S,09,,79,51,93,36,0,0,N
FCST,221502,221025,13,2,71,82,1,3,SSW,10,,79,64,100,50,0,7,N
FCST,221502,221026,13,0,65,52,3,1,NNW,04,,71,46,96,52,4,0,N
FCST,221502,221027,13,0,68,52,1,1,NE,02,,68,44,100,49,0,0,N
FCST,221502,221028,13,1,71,58,1,1,ESE,03,,71,47,100,49,0,0,N
FCST,221502,221029,13,1,66,75,1,1,E,05,,72,55,100,57,0,0,N
FCST,221502,221030,13,1,66,69,1,1,SSW,04,,68,52,100,69,0,0,N
FCST,222101,221024,13,1,78,52,1,1,S,08,,80,56,96,42,0,0,N
FCST,222101,221025,13,2,68,78,1,3,SSW,09,,79,63,100,49,0,6,N
FCST,222101,221026,13,0,64,49,2,1,NNW,03,,68,44,100,49,0,0,N
FCST,222101,221027,13,0,68,48,1,1,ENE,02,,68,43,100,45,0,0,N
FCST,222101,221028,13,1,69,60,1,1,E,03,,70,47,100,44,0,0,N
FCST,222101,221029,13,1,65,76,1,1,ENE,04,,71,53,100,57,0,0,N
FCST,222101,221030,13,1,64,73,1,1,W,03,,66,51,100,73,0,0,N
FCST,222401,221024,13,1,77,52,1,1,S,09,,79,50,89,29,0,0,N
FCST,222401,221025,13,8,72,81,1,3,S,13,,79,63,100,49,0,7,N
FCST,222401,221026,13,0,65,54,3,1,NNW,06,,72,45,100,54,4,0,N
FCST,222401,221027,13,0,69,51,1,1,NE,03,,69,43,100,50,0,0,N
FCST,222401,221028,13,1,72,56,1,1,ESE,05,,72,47,100,47,0,0,N
FCST,222401,221029,13,1,66,77,1,1,E,06,,73,54,100,55,0,0,N
FCST,222401,221030,13,1,67,70,1,1,S,06,,68,52,100,70,0,0,N
FCST,401801,221024,13,1,78,41,1,1,S,11,,80,58,72,38,0,0,N
FCST,401801,221025,13,8,67,91,1,3,S,12,,79,63,100,36,0,7,N
FCST,401801,221026,13,1,62,56,3,1,NNW,08,,67,45,100,55,4,0,N
FCST,401801,221027,13,0,65,50,1,1,ENE,05,,65,41,100,50,0,0,N
FCST,401801,221028,13,1,68,60,1,1,E,04,,68,44,100,47,0,0,N
FCST,401801,221029,13,1,64,71,1,1,E,05,,70,51,100,55,0,0,N
FCST,401801,221030,13,1,63,72,1,1,SE,06,,65,49,100,68,0,0,N
FCST,403801,221024,13,1,78,43,1,1,S,11,,80,59,75,42,0,0,N
FCST,403801,221025,13,2,67,86,1,2,S,12,,80,64,97,39,1,7,N
FCST,403801,221026,13,0,62,52,2,1,NNW,08,,67,45,96,52,4,0,N
FCST,403801,221027,13,0,64,51,1,1,ENE,05,,64,42,100,50,0,0,N
FCST,403801,221028,13,1,67,61,1,1,E,04,,67,45,100,47,0,0,N
FCST,403801,221029,13,1,65,68,1,1,ENE,06,,69,52,96,57,0,0,N
FCST,403801,221030,13,1,63,71,1,1,ENE,06,,65,50,100,68,0,0,N
FCST,404001,221024,13,1,77,36,1,1,S,08,,78,56,72,33,0,0,N
FCST,404001,221025,13,8,69,79,1,3,S,10,,78,62,93,33,0,7,N
FCST,404001,221026,13,1,62,54,3,1,NNW,05,,69,45,100,54,6,0,N
FCST,404001,221027,13,0,65,48,1,1,ENE,03,,65,41,100,48,0,0,N
FCST,404001,221028,13,1,69,56,1,1,ESE,03,,69,44,100,45,0,0,N
FCST,404001,221029,13,1,65,66,1,1,E,04,,71,51,96,51,0,0,N
FCST,404001,221030,13,1,63,68,1,1,SSE,04,,66,49,100,63,0,0,N
FCST,408001,221024,13,1,75,45,1,1,S,08,,77,56,80,39,0,0,N
FCST,408001,221025,13,2,66,90,1,3,S,10,,77,63,100,43,0,7,N
FCST,408001,221026,13,0,60,57,3,1,NNW,06,,67,44,100,57,4,0,N
FCST,408001,221027,13,0,65,52,1,1,ENE,03,,65,41,100,51,0,0,N
FCST,408001,221028,13,1,68,59,1,1,ESE,04,,69,45,100,50,0,0,N
FCST,408001,221029,13,1,62,80,1,1,E,05,,70,52,100,57,0,0,N
FCST,408001,221030,13,1,63,72,1,1,SSW,04,,64,49,100,71,0,0,N
FCST,405801,221024,13,1,77,50,1,1,S,11,,80,59,84,45,0,0,N
FCST,405801,221025,13,2,66,93,1,2,SSW,11,,79,63,100,45,1,6,N
FCST,405801,221026,13,0,61,58,2,1,NNW,06,,66,44,100,58,1,0,N
FCST,405801,221027,13,0,64,57,1,1,ENE,04,,64,41,100,54,0,0,N
FCST,405801,221028,13,1,67,65,1,1,E,04,,67,45,100,52,0,0,N
FCST,405801,221029,13,1,63,82,1,1,E,05,,69,51,100,61,0,0,N
FCST,405801,221030,13,1,62,79,1,1,N,05,,64,49,100,78,0,0,N

&&

...RAWS STATION LOCATIONS...
032801 - POINSETT/POINSETT CO - HARRISBURG, AR
034503 - MARIANNA/LEE CO - ST FRANCIS NATIONAL FOREST
220202 - WINBORN/MARSHALL CO - HOLLY SPRINGS NATIONAL FOREST
220601 - TISHOMINGO/TISHOMINGO CO - MFC FIRE SUBSTATION
221502 - HIGHWAY 41/PONTOTOC CO - HIGHWAY 41
222101 - YALOBUSHA RAWS/YALOBUSHA CO - HOLLY SPRINGS NATIONAL FOREST
222401 - MONROE/MONROE CO - MONROE CO AIRPORT RAWS
401801 - GREENFIELD/WEAKLEY CO - GREENFIELD RAWS
403801 - DYERSBURG/DYER CO - DYERSBURG REG AIRPORT
404001 - CAMDEN/BENTON CO - CAMDEN FIRE TOWER
408001 - CHICKASAW RAWS/CHESTER COUNTY - CHICKASAW STATE FOREST
405801 - COVINGTON/TIPTON CO - COVINGTON REG AIRPORT
