FNUS84 KMRX 232028
FWMMRX

FCST,403604,221024,13,1,69,37,1,1,340,02,M,69,45,79,34,0,0,N
FCST,403604,221025,13,1,70,42,1,1,160,04,M,70,48,77,36,0,0,N
FCST,403604,221026,13,2,58,77,1,1,270,06,M,70,52,96,42,1,1,N
FCST,403604,221027,13,1,60,64,1,1,30,04,M,60,47,93,64,0,0,N
FCST,403604,221028,13,1,63,60,1,1,140,04,M,63,46,93,58,0,0,N
FCST,403604,221029,13,2,60,72,1,1,140,05,M,64,48,93,56,1,1,N
FCST,403604,221030,13,2,57,86,1,1,140,08,M,61,50,96,67,2,1,N
FCST,407502,221024,13,1,74,33,1,1,280,02,M,74,44,76,24,0,0,N
FCST,407502,221025,13,2,74,44,1,1,170,06,M,75,50,80,32,0,0,N
FCST,407502,221026,13,1,62,65,1,1,280,04,M,74,51,93,44,2,1,N
FCST,407502,221027,13,0,69,51,1,1,350,03,M,69,44,100,51,0,0,N
FCST,407502,221028,13,1,71,51,1,1,180,03,M,71,46,96,51,0,0,N
FCST,407502,221029,13,2,67,61,1,1,140,04,M,71,50,89,51,1,1,N
FCST,407502,221030,13,2,64,73,1,1,160,06,M,67,50,96,61,2,1,N
FCST,407603,221024,13,1,74,30,1,1,330,02,M,74,49,61,26,0,0,N
FCST,407603,221025,13,2,74,43,1,1,170,06,M,75,53,62,29,0,0,N
FCST,407603,221026,13,2,60,69,1,1,280,06,M,74,54,83,43,2,1,N
FCST,407603,221027,13,0,66,54,1,1,10,05,M,66,48,83,54,0,0,N
FCST,407603,221028,13,1,68,52,1,1,230,05,M,68,49,83,51,0,0,N
FCST,407603,221029,13,2,64,65,1,1,140,05,M,70,52,77,49,1,1,N
FCST,407603,221030,13,2,62,72,1,1,150,06,M,66,52,86,61,2,1,N
FCST,315602,221024,13,1,72,38,1,1,180,02,M,74,38,100,20,0,0,N
FCST,315602,221025,13,2,72,53,1,1,160,06,M,74,46,96,34,0,0,N
FCST,315602,221026,13,1,63,67,1,1,300,05,M,72,50,100,53,2,0,N
FCST,315602,221027,13,0,68,54,1,1,210,02,M,68,41,100,54,0,0,N
FCST,315602,221028,13,1,68,59,1,1,140,05,M,70,46,100,51,0,0,N
FCST,315602,221029,13,2,65,70,1,1,140,05,M,69,48,100,55,1,1,N
FCST,315602,221030,13,2,62,81,1,1,140,06,M,65,49,100,67,2,1,N
FCST,448502,221024,13,1,68,36,1,1,140,02,M,69,46,73,30,0,0,N
FCST,448502,221025,13,1,67,42,1,1,170,04,M,69,47,80,35,0,0,N
FCST,448502,221026,13,2,56,74,1,1,240,06,M,69,51,93,40,2,1,N
FCST,448502,221027,13,1,56,64,1,1,40,06,M,57,46,96,64,0,0,N
FCST,448502,221028,13,1,62,54,1,1,160,04,M,62,44,93,54,0,0,N
FCST,448502,221029,13,2,59,64,1,1,150,05,M,64,46,96,48,1,1,N
FCST,448502,221030,13,2,56,77,1,1,150,10,M,61,48,96,60,2,1,N
FCST,400902,221024,13,1,71,36,1,1,180,04,M,73,44,86,25,0,0,N
FCST,400902,221025,13,2,71,53,1,1,170,09,M,72,52,80,35,0,0,N
FCST,400902,221026,13,2,56,74,1,1,270,06,M,72,47,100,51,3,1,N
FCST,400902,221027,13,1,62,58,1,1,60,04,M,62,42,100,58,0,0,N
FCST,400902,221028,13,1,67,54,1,1,170,04,M,67,42,100,52,0,0,N
FCST,400902,221029,13,2,65,60,1,1,120,04,M,68,46,100,51,1,1,N
FCST,400902,221030,13,1,62,72,1,1,150,05,M,65,47,100,60,2,1,N
FCST,403301,221024,13,1,73,35,1,1,0,01,M,73,42,96,31,0,0,N
FCST,403301,221025,13,1,74,40,1,1,140,03,M,74,46,93,32,0,0,N
FCST,403301,221026,13,2,62,65,1,1,260,06,M,76,53,96,39,2,1,N
FCST,403301,221027,13,1,65,54,1,1,50,05,M,65,48,96,54,0,0,N
FCST,403301,221028,13,1,69,51,1,1,100,02,M,69,46,100,49,0,0,N
FCST,403301,221029,13,2,66,61,1,1,90,05,M,71,50,93,44,1,1,N
FCST,403301,221030,13,1,64,67,1,1,100,06,M,68,51,100,52,2,1,N
FCST,401302,221024,13,1,72,34,1,1,30,02,M,72,44,93,31,0,0,N
FCST,401302,221025,13,1,73,41,1,1,150,03,M,73,47,89,31,0,0,N
FCST,401302,221026,13,2,61,62,1,1,260,06,M,75,53,93,38,2,1,N
FCST,401302,221027,13,1,64,54,1,1,50,06,M,64,48,96,54,0,0,N
FCST,401302,221028,13,1,69,49,1,1,50,03,M,69,46,100,45,0,0,N
FCST,401302,221029,13,2,66,58,1,1,70,05,M,70,50,93,44,1,1,N
FCST,401302,221030,13,2,64,65,1,1,80,08,M,67,51,100,52,2,1,N
FCST,403101,221024,13,1,72,35,1,1,200,02,M,72,40,100,29,0,0,N
FCST,403101,221025,13,2,72,46,1,1,170,05,M,73,47,93,34,0,0,N
FCST,403101,221026,13,2,60,64,1,1,270,04,M,74,52,96,44,2,1,N
FCST,403101,221027,13,1,64,54,1,1,50,03,M,64,46,100,54,0,0,N
FCST,403101,221028,13,1,68,52,1,1,130,02,M,68,45,100,50,0,0,N
FCST,403101,221029,13,2,65,60,1,1,110,03,M,70,48,100,47,1,1,N
FCST,403101,221030,13,1,62,72,1,1,110,04,M,67,50,100,56,2,1,N
FCST,405101,221024,13,1,73,35,1,1,210,03,M,73,43,93,26,0,0,N
FCST,405101,221025,13,2,74,48,1,1,170,06,M,74,48,93,34,0,0,N
FCST,405101,221026,13,2,61,65,1,1,270,06,M,76,52,96,45,2,1,N
FCST,405101,221027,13,0,66,54,1,1,50,06,M,66,47,100,54,0,0,N
FCST,405101,221028,13,1,69,53,1,1,110,04,M,69,46,100,45,0,0,N
FCST,405101,221029,13,2,65,65,1,1,70,04,M,71,50,96,47,1,1,N
FCST,405101,221030,13,2,64,70,1,1,120,05,M,67,51,100,59,2,1,N
FCST,407102,221024,13,1,71,36,1,1,170,06,M,71,44,80,30,0,0,N
FCST,407102,221025,13,2,69,57,1,1,160,11,M,71,50,93,36,0,0,N
FCST,407102,221026,13,2,57,67,1,1,290,06,M,70,46,100,55,2,0,N
FCST,407102,221027,13,0,64,54,1,1,70,05,M,64,43,100,54,0,0,N
FCST,407102,221028,13,1,67,56,1,1,150,06,M,67,44,100,50,0,0,N
FCST,407102,221029,13,2,63,65,1,1,130,06,M,69,48,100,51,1,1,N
FCST,407102,221030,13,2,61,75,1,1,150,08,M,64,48,100,60,2,1,N
FCST,407301,221024,13,1,74,37,1,1,200,05,M,74,43,93,26,0,0,N
FCST,407301,221025,13,2,74,51,1,1,170,08,M,75,49,96,36,0,0,N
FCST,407301,221026,13,1,62,67,1,1,290,06,M,76,50,100,48,2,0,N
FCST,407301,221027,13,0,68,54,1,1,50,06,M,68,46,100,54,0,0,N
FCST,407301,221028,13,1,71,57,1,1,140,05,M,71,46,100,49,0,0,N
FCST,407301,221029,13,2,67,68,1,1,100,05,M,73,51,100,49,1,1,N
FCST,407301,221030,13,2,64,78,1,1,160,06,M,69,51,100,59,2,1,N
FCST,409201,221024,13,1,70,41,1,1,150,04,M,70,48,68,28,0,0,N
FCST,409201,221025,13,2,68,63,1,1,160,11,M,71,52,86,39,0,0,N
FCST,409201,221026,13,1,57,72,1,1,300,05,M,70,49,96,61,2,0,N
FCST,409201,221027,13,0,64,60,1,1,70,04,M,64,46,96,60,0,0,N
FCST,409201,221028,13,1,66,63,1,1,140,05,M,66,48,93,54,0,0,N
FCST,409201,221029,13,2,62,75,1,1,120,05,M,68,53,89,59,1,1,N
FCST,409201,221030,13,2,59,87,1,1,140,09,M,64,51,100,70,2,1,N
FCST,403602,221024,13,1,71,34,1,1,350,01,M,71,41,92,31,0,0,N
FCST,403602,221025,13,1,71,41,1,1,150,04,M,72,45,86,34,0,0,N
FCST,403602,221026,13,2,59,69,1,1,290,03,M,73,51,96,39,2,1,N
FCST,403602,221027,13,1,63,54,1,1,20,02,M,63,44,100,54,0,0,N
FCST,403602,221028,13,1,66,50,1,1,140,02,M,66,44,100,50,0,0,N
FCST,403602,221029,13,2,62,62,1,1,150,04,M,68,47,93,47,1,1,N
FCST,403602,221030,13,2,59,75,1,1,140,06,M,64,48,100,56,2,1,N
FCST,409502,221024,13,1,74,35,1,1,210,04,M,74,45,82,24,0,0,N
FCST,409502,221025,13,2,74,48,1,1,160,09,M,75,52,83,33,0,0,N
FCST,409502,221026,13,1,62,62,1,1,300,06,M,75,51,96,46,2,0,N
FCST,409502,221027,13,0,68,52,1,1,20,04,M,68,46,100,52,0,0,N
FCST,409502,221028,13,1,71,53,1,1,150,05,M,71,47,100,49,0,0,N
FCST,409502,221029,13,2,67,63,1,1,130,05,M,73,52,93,46,1,1,N
FCST,409502,221030,13,2,64,75,1,1,150,06,M,69,52,100,55,2,1,N
