UFZS40 NSTU 220000
ABVPPG
91765 TTCC  72001 91765
70864 68571 26502 50070 61378 06016 30388 58380 25004
20646 53584 08014 10107 43190 23511
88999
77999
31313 44108 82310=


TTDD  7200/ 91765
11961 74762 22932 71965 33849 73364 44808 71967 55798
69369 66781 70368 77716 70169 88680 67972 99655 63577
11616 65774 22596 65375 33574 62378 44509 60979 55476
60379 66377 62777 77321 57981 88287 57181 99233 54184
11221 55982 22208 55382 33193 50586 44180 49387 55172
44990 66161 43390 77135 46189 88079 41791 99073 42590
11071 41191
21212 11965 22523 22954 24018 33943 26514 44933 29516
55900 31026 66851 28021 77825 24514 88815 24510 99787
33510 11770 34512 22750 01511 33693 32501 44673 06010
55656 08512 66618 04016 77595 03015 88551 06510 99542
04513 11513 06519 22495 06014 33470 09512 44422 12013
55387 12011 66375 10517 77365 12017 88339 06016 99327
04010 11318 04513 22311 01010 33288 09501 44247 13510
55220 09522 66216 08517 77210 09510 88196 06514 99185
00000 11178 13510 22176 09012 33175 08513 44174 07512
55172 07510 66163 19001 77158 30010 88156 31014 99152
31510 11145 31510 22122 21510 33117 17513 44115 18011
55112 22013 66110 21517 77105 19015 88102 19511 99099
23510 11086 00000 22078 16010 33071 10014
31313 44108 82310=

PPDD  72008 91765
95678 22523 31026 28021 959// 24514 96012 34512 01511
32501 96357 08512 04016 04513 9689/ 06519 06014 97034
09512 12013 12011 97578 12017 06016 04513 979// 01010
98046 09501 13510 09522 9879/ 08517 06514 99013 00000
08513 30010 99459 31014 31510 21510 10012 17513 22013
21517 10347 19511 23510 00000 109// 16010 111// 10014=

