FNUS84 KSHV 231937
FWMSHV

FCST,160401,221024,13,2,81,63,1,1,SSE,12,M,86,63,100,42,0,0,N
FCST,160401,221025,13,1,67,61,1,1,W,14,M,83,60,100,58,10,2,N
FCST,160401,221026,13,0,69,39,1,1,N,04,M,69,42,100,39,0,0,N
FCST,160401,221027,13,0,72,44,1,1,ESE,03,M,72,42,100,38,0,0,N
FCST,160401,221028,13,2,67,72,1,1,E,02,M,73,48,100,42,0,0,N
FCST,160401,221029,13,1,66,74,1,1,N,05,M,69,50,100,70,0,0,N
FCST,160401,221030,13,1,68,64,1,1,NNW,03,M,68,48,100,63,0,0,N
FCST,161803,221024,13,2,81,62,1,1,SSE,11,M,88,64,100,41,0,0,N
FCST,161803,221025,13,0,71,50,1,1,WNW,12,M,83,64,97,49,7,2,N
FCST,161803,221026,13,0,71,34,1,1,N,04,M,71,45,96,34,0,0,N
FCST,161803,221027,13,0,74,38,1,1,ESE,03,M,74,44,100,33,0,0,N
FCST,161803,221028,13,2,68,72,1,1,E,04,M,76,50,96,37,0,0,N
FCST,161803,221029,13,1,68,69,1,1,NNW,05,M,70,53,100,68,0,0,N
FCST,161803,221030,13,1,71,58,1,1,NNW,03,M,71,50,100,57,0,0,N
FCST,161902,221024,13,2,81,59,1,1,SSE,13,M,87,64,97,40,0,0,N
FCST,161902,221025,13,0,71,52,1,1,W,14,M,82,63,100,49,6,2,N
FCST,161902,221026,13,0,71,35,1,1,N,05,M,71,45,96,35,0,0,N
FCST,161902,221027,13,0,73,40,1,1,ESE,04,M,73,45,96,35,0,0,N
FCST,161902,221028,13,2,69,68,1,1,E,04,M,75,50,96,38,0,0,N
FCST,161902,221029,13,1,68,69,1,1,NNW,05,M,70,53,100,66,0,0,N
FCST,161902,221030,13,1,71,59,1,1,NNW,04,M,71,50,100,57,0,0,N
FCST,162502,221024,13,2,80,60,1,1,SSE,12,M,86,62,100,43,0,0,N
FCST,162502,221025,13,0,72,49,1,1,W,12,M,82,65,100,49,6,2,N
FCST,162502,221026,13,0,70,36,1,1,N,04,M,72,45,100,36,0,0,N
FCST,162502,221027,13,0,74,39,1,1,E,03,M,74,44,100,35,0,0,N
FCST,162502,221028,13,2,69,68,1,1,ESE,03,M,75,50,96,38,0,0,N
FCST,162502,221029,13,1,68,68,1,1,NW,05,M,70,53,100,68,0,0,N
FCST,162502,221030,13,1,69,61,1,1,NW,03,M,69,50,100,61,0,0,N
FCST,347701,221024,13,3,74,73,1,1,SSE,14,M,85,65,100,39,0,0,N
FCST,347701,221025,13,1,62,52,1,1,NW,14,M,76,54,100,50,14,2,N
FCST,347701,221026,13,0,68,36,1,1,ENE,04,M,68,40,96,36,0,0,N
FCST,347701,221027,13,1,68,44,1,1,SE,06,M,70,42,100,35,0,0,N
FCST,347701,221028,13,2,64,68,1,1,ENE,04,M,70,48,96,41,0,0,N
FCST,347701,221029,13,1,65,62,1,1,N,05,M,66,48,100,60,0,0,N
FCST,347701,221030,13,1,68,53,1,1,WNW,04,M,68,45,100,52,0,0,N
FCST,036502,221024,13,2,79,60,1,1,SSE,13,M,84,64,97,41,0,0,N
FCST,036502,221025,13,1,62,67,1,1,W,14,M,80,60,100,58,12,2,N
FCST,036502,221026,13,0,66,40,1,1,NNE,04,M,66,42,93,40,0,0,N
FCST,036502,221027,13,0,68,45,1,1,ESE,04,M,69,42,96,37,0,0,N
FCST,036502,221028,13,2,64,69,1,1,E,04,M,70,47,96,42,0,0,N
FCST,036502,221029,13,1,65,73,1,1,N,05,M,66,49,100,65,0,0,N
FCST,036502,221030,13,1,65,65,1,1,N,04,M,67,47,100,65,0,0,N
FCST,037302,221024,13,2,81,53,1,1,SSE,10,M,86,61,97,39,0,0,N
FCST,037302,221025,13,1,69,57,1,1,W,16,M,82,62,100,53,6,2,N
FCST,037302,221026,13,0,69,37,1,1,N,03,M,69,42,100,36,0,0,N
FCST,037302,221027,13,0,72,41,1,1,E,03,M,72,41,100,35,0,0,N
FCST,037302,221028,13,2,69,61,1,1,E,02,M,74,47,100,40,0,0,N
FCST,037302,221029,13,1,67,68,1,1,N,04,M,70,50,100,59,0,0,N
FCST,037302,221030,13,1,68,63,1,1,NNW,02,M,69,48,100,63,0,0,N
FCST,410401,221024,13,3,76,74,1,1,S,16,M,85,67,97,40,0,0,N
FCST,410401,221025,13,0,62,54,1,1,NW,18,M,76,53,100,54,14,0,N
FCST,410401,221026,13,0,68,37,1,1,ENE,05,M,68,42,96,36,0,0,N
FCST,410401,221027,13,1,68,45,1,1,SE,09,M,69,44,93,36,0,0,N
FCST,410401,221028,13,2,63,70,1,1,ENE,08,M,70,49,100,42,0,0,N
FCST,410401,221029,13,1,65,64,1,1,N,09,M,65,49,100,63,0,0,N
FCST,410401,221030,13,1,67,56,1,1,WNW,06,M,67,46,100,54,0,0,N
FCST,410501,221024,13,2,79,68,1,1,S,16,M,87,67,97,38,0,0,N
FCST,410501,221025,13,1,62,65,1,1,WNW,14,M,80,58,100,62,13,2,N
FCST,410501,221026,13,0,68,40,1,1,NNE,03,M,68,43,96,39,0,0,N
FCST,410501,221027,13,1,69,47,1,1,ESE,05,M,69,44,96,39,0,0,N
FCST,410501,221028,13,2,64,75,1,1,E,04,M,72,50,93,44,0,0,N
FCST,410501,221029,13,1,65,73,1,1,N,05,M,66,51,100,73,0,0,N
FCST,410501,221030,13,1,66,68,1,1,WNW,04,M,67,48,100,68,0,0,N
FCST,411102,221024,13,2,78,66,1,1,S,14,M,86,66,100,40,0,0,N
FCST,411102,221025,13,1,63,59,1,1,WNW,13,M,80,54,100,58,13,1,N
FCST,411102,221026,13,0,68,38,1,1,NNE,03,M,68,42,100,37,0,0,N
FCST,411102,221027,13,1,70,43,1,1,SE,05,M,70,43,100,37,0,0,N
FCST,411102,221028,13,2,64,75,1,1,E,04,M,72,49,96,41,0,0,N
FCST,411102,221029,13,1,65,72,1,1,N,05,M,66,49,100,70,0,0,N
FCST,411102,221030,13,1,67,61,1,1,NW,04,M,67,47,100,61,0,0,N
FCST,411401,221024,13,2,78,66,1,1,S,14,M,87,67,97,38,0,0,N
FCST,411401,221025,13,1,63,53,1,1,WNW,14,M,79,54,100,52,13,0,N
FCST,411401,221026,13,0,68,37,1,1,NNE,03,M,68,42,100,36,0,0,N
FCST,411401,221027,13,1,70,39,1,1,SE,05,M,70,44,96,36,0,0,N
FCST,411401,221028,13,2,63,72,1,1,E,05,M,72,51,93,38,0,0,N
FCST,411401,221029,13,1,65,63,1,1,N,06,M,65,49,100,63,0,0,N
FCST,411401,221030,13,1,67,57,1,1,NW,04,M,67,47,100,56,0,0,N
FCST,411901,221024,13,2,79,64,1,1,S,14,M,87,66,100,38,0,0,N
FCST,411901,221025,13,1,64,57,1,1,WNW,14,M,80,56,100,56,12,1,N
FCST,411901,221026,13,0,69,36,1,1,NNE,04,M,69,43,100,36,0,0,N
FCST,411901,221027,13,0,71,40,1,1,SE,04,M,71,44,96,35,0,0,N
FCST,411901,221028,13,2,64,73,1,1,E,04,M,73,49,100,39,0,0,N
FCST,411901,221029,13,1,66,70,1,1,NNW,05,M,66,50,100,70,0,0,N
FCST,411901,221030,13,1,68,59,1,1,NNW,03,M,68,47,100,59,0,0,N
FCST,412202,221024,13,2,79,63,1,1,S,17,M,87,68,93,38,0,0,N
FCST,412202,221025,13,1,63,54,1,1,WNW,16,M,80,57,97,54,12,0,N
FCST,412202,221026,13,0,68,37,1,1,NNE,04,M,68,43,96,37,0,0,N
FCST,412202,221027,13,1,71,39,1,1,SE,06,M,71,44,93,36,0,0,N
FCST,412202,221028,13,2,64,73,1,1,E,05,M,73,52,96,37,0,0,N
FCST,412202,221029,13,1,65,65,1,1,NNW,08,M,65,51,100,65,0,0,N
FCST,412202,221030,13,1,68,54,1,1,NW,04,M,68,48,100,54,0,0,N
FCST,412801,221024,13,2,80,65,1,1,S,16,M,87,66,100,40,0,0,N
FCST,412801,221025,13,1,65,53,1,1,NW,14,M,81,57,97,52,12,1,N
FCST,412801,221026,13,0,70,35,1,1,NNE,05,M,70,42,100,35,0,0,N
FCST,412801,221027,13,0,72,38,1,1,SE,06,M,72,44,96,34,0,0,N
FCST,412801,221028,13,2,66,73,1,1,E,08,M,75,52,96,34,0,0,N
FCST,412801,221029,13,1,66,68,1,1,NNW,08,M,67,50,100,68,0,0,N
FCST,412801,221030,13,1,69,57,1,1,NW,05,M,69,47,100,57,0,0,N
FCST,412901,221024,13,2,80,64,1,1,SSE,12,M,86,65,100,43,0,0,N
FCST,412901,221025,13,1,68,51,1,1,WNW,12,M,82,59,100,50,10,2,N
FCST,412901,221026,13,0,70,36,1,1,N,04,M,71,44,96,35,0,0,N
FCST,412901,221027,13,0,73,39,1,1,ESE,03,M,73,45,93,34,0,0,N
FCST,412901,221028,13,2,67,73,1,1,E,04,M,75,52,93,37,0,0,N
FCST,412901,221029,13,1,67,68,1,1,NNW,04,M,68,51,100,68,0,0,N
FCST,412901,221030,13,1,70,56,1,1,NNW,03,M,70,48,100,55,0,0,N
FCST,413503,221024,13,2,81,69,1,1,S,12,M,86,67,100,43,0,0,N
FCST,413503,221025,13,1,69,53,1,1,NW,11,M,82,61,93,52,10,1,N
FCST,413503,221026,13,0,71,39,1,1,NNE,04,M,72,45,96,36,0,0,N
FCST,413503,221027,13,0,74,42,1,1,SE,04,M,75,47,93,34,0,0,N
FCST,413503,221028,13,2,67,86,1,1,ENE,04,M,77,54,96,39,0,0,N
FCST,413503,221029,13,1,67,76,1,1,NNW,05,M,69,51,100,73,0,0,N
FCST,413503,221030,13,1,70,62,1,1,NW,04,M,71,49,100,59,0,0,N
FCST,413509,221024,13,2,82,64,1,1,S,14,M,86,68,100,42,0,0,N
FCST,413509,221025,13,1,69,49,1,1,NW,13,M,84,60,90,49,12,1,N
FCST,413509,221026,13,0,72,34,1,1,NNE,04,M,72,45,96,34,0,0,N
FCST,413509,221027,13,0,75,37,1,1,SE,05,M,75,46,93,32,0,0,N
FCST,413509,221028,13,2,67,78,1,1,E,06,M,77,54,96,36,0,0,N
FCST,413509,221029,13,1,68,65,1,1,NNW,08,M,69,51,100,65,0,0,N
FCST,413509,221030,13,1,71,54,1,1,NW,05,M,71,49,100,53,0,0,N
FCST,413701,221024,13,2,82,61,1,1,SSE,13,M,86,64,100,43,0,0,N
FCST,413701,221025,13,1,71,47,1,1,WNW,11,M,83,60,97,46,7,2,N
FCST,413701,221026,13,0,72,35,1,1,N,03,M,72,45,96,34,0,0,N
FCST,413701,221027,13,0,75,37,1,1,ESE,04,M,75,46,93,33,0,0,N
FCST,413701,221028,13,2,69,73,1,1,E,04,M,77,52,96,34,0,0,N
FCST,413701,221029,13,1,68,65,1,1,NNW,05,M,69,51,100,65,0,0,N
FCST,413701,221030,13,1,71,54,1,1,NNW,04,M,71,48,100,53,0,0,N
FCST,411701,221024,13,3,78,69,1,1,S,18,M,87,71,89,40,0,0,N
FCST,411701,221025,13,0,65,51,1,1,NW,17,M,79,55,100,48,10,0,N
FCST,411701,221026,13,0,70,38,1,1,NE,04,M,70,45,93,36,0,0,N
FCST,411701,221027,13,1,72,41,1,1,SE,08,M,73,46,89,34,0,0,N
FCST,411701,221028,13,2,65,73,1,1,E,06,M,75,54,93,37,0,0,N
FCST,411701,221029,13,1,66,62,1,1,NNW,09,M,67,51,100,56,0,0,N
FCST,411701,221030,13,1,69,56,1,1,NW,05,M,69,49,100,53,0,0,N
