SHUS66 KSGX 212247
FWOSGX
Weather Information Management System (WIMS)
USDA National Information Technology Center (KMWI)
21-OCT-22 22:45:53 GMT
 
Listing of Forecasted Observations (San Diego, CA)
 
ST NME STAT'N   DATE HR T W DBT DPT  RH Y M DIR WS 10 TMX TMN HMX HMN PD1 PD2
------ ------ ------ -- - - --- --- --- - - --- -- -- --- --- --- ---  --  --
Stations not in a Zone:
ALISO  045509 221022 13 F 2  64  60  88 1 1 203  6  0  72  60  94  65   0   0
ALISO  045509 221023 13 F 1  64  52  66 1 1 225  6  0  65  56  94  62   0   0
ALISO  045509 221024 13 F 0  68  37  33 1 1 315  5  0  69  52  79  31   0   0
ALISO  045509 221025 13 F 0  68  48  50 1 1 270  5  0  69  54  61  31   0   0
ALISO  045509 221026 13 F 1  65  55  71 1 1 203  5  0  68  55  88  48   0   0
ALISO  045509 221027 13 F 1  65  51  61 1 1 270  5  0  66  54  99  57   0   0
ALISO  045509 221028 13 F 1  67  47  49 1 1 225  4  0  68  53  71  45   0   0
WIRE M 045749 221022 13 F 3  67  60  80 1 1 225  6  0  74  62  94  65   0   0
WIRE M 045749 221023 13 F 2  64  52  66 1 1 225  5  0  67  58  88  65   0   0
WIRE M 045749 221024 13 F 0  70  38  31 1 1 248  6  0  70  53  81  31   0   0
WIRE M 045749 221025 13 F 1  70  47  45 1 1 270  8  0  70  54  61  31   0   0
WIRE M 045749 221026 13 F 1  67  54  65 1 1 225  5  0  70  55  82  45   0   0
WIRE M 045749 221027 13 F 1  66  51  59 1 1 248  5  0  67  56  95  59   0   0
WIRE M 045749 221028 13 F 1  70  45  42 1 1 270  5  0  70  54  74  42   0   0
NWS Office:  SGX/Zone: 508
CASE S 045731 221022 13 F 2  59  54  86 1 1 225  8  0  74  57  86  49   0   0
CASE S 045731 221023 13 F 2  59  47  65 1 1 248  6  0  60  55  87  63   0   0
CASE S 045731 221024 13 F 0  67  26  22 1 1 293  4  0  67  52  65  22   0   0
CASE S 045731 221025 13 F 0  68  37  32 1 1 270  6  0  68  54  37  22   0   0
CASE S 045731 221026 13 F 1  65  47  54 1 1 225  6  0  68  53  56  32   0   0
CASE S 045731 221027 13 F 1  65  42  44 1 1 248  4  0  65  54  76  44   0   0
CASE S 045731 221028 13 F 1  69  37  32 1 1 225  5  0  69  52  52  31   0   0
ROBLAR 045732 221022 13 F 2  65  57  76 1 1 225  8  0  77  60  93  49   0   0
ROBLAR 045732 221023 13 F 2  65  48  56 1 1 225  6  0  65  55  92  56   0   0
ROBLAR 045732 221024 13 F 0  72  31  22 1 1 248  6  0  72  51  80  22   0   0
ROBLAR 045732 221025 13 F 0  73  40  31 1 1 270  8  0  73  53  55  22   0   0
ROBLAR 045732 221026 13 F 1  68  50  53 1 1 225  5  0  73  52  82  31   0   0
ROBLAR 045732 221027 13 F 1  70  46  43 1 1 225  5  0  70  53 100  43   0   0
ROBLAR 045732 221028 13 F 1  71  40  33 1 1 248  5  0  71  52  71  32   0   0
LAS FL 045733 221022 13 F 2  67  60  79 1 1 225  6  0  73  62  92  67   0   0
LAS FL 045733 221023 13 F 2  67  52  60 1 1 225  5  0  68  59  86  60   0   0
LAS FL 045733 221024 13 F 0  71  42  35 1 1 248  6  0  71  53  76  33   0   0
LAS FL 045733 221025 13 F 1  70  50  50 1 1 270  6  0  71  55  59  35   0   0
LAS FL 045733 221026 13 F 1  67  55  66 1 1 225  4  0  70  55  82  50   0   0
LAS FL 045733 221027 13 F 1  67  52  60 1 1 248  4  0  68  57  88  58   0   0
LAS FL 045733 221028 13 F 1  68  48  50 1 1 270  5  0  69  55  68  46   0   0
TALEGA 045739 221022 13 F 2  66  58  77 1 1 203  8  0  77  60  91  50   0   0
TALEGA 045739 221023 13 F 2  65  50  59 1 1 225  6  0  66  55  92  59   0   0
TALEGA 045739 221024 13 F 0  72  32  23 1 1 248  3  0  72  51  81  23   0   0
TALEGA 045739 221025 13 F 0  73  42  33 1 1 270  6  0  73  53  54  23   0   0
TALEGA 045739 221026 13 F 1  68  51  56 1 1 225  6  0  73  53  75  33   0   0
TALEGA 045739 221027 13 F 1  70  47  44 1 1 248  4  0  70  53  98  44   0   0
TALEGA 045739 221028 13 F 1  71  42  35 1 1 225  5  0  72  52  70  33   0   0
CAMP E 045741 221022 13 F 2  68  60  76 1 1 225  8  0  79  60  98  50   0   0
CAMP E 045741 221023 13 F 2  66  51  60 1 1 225  5  0  68  58  92  59   0   0
CAMP E 045741 221024 13 F 0  72  35  26 1 1 270  8  0  73  51  81  26   0   0
CAMP E 045741 221025 13 F 1  73  43  34 1 1 293  8  0  73  53  57  26   0   0
CAMP E 045741 221026 13 F 1  70  54  57 1 1 225  5  0  73  55  78  34   0   0
CAMP E 045741 221027 13 F 1  70  51  52 1 1 270  5  0  70  55  96  52   0   0
CAMP E 045741 221028 13 F 1  72  43  36 1 1 270  5  0  73  53  75  35   0   0
MIRAMA 045743 221022 13 F 2  67  58  75 1 1 225  8  0  79  60  93  48   0   0
MIRAMA 045743 221023 13 F 2  65  50  60 1 1 225  5  0  67  56  94  59   0   0
MIRAMA 045743 221024 13 F 0  72  33  24 1 1 270  8  0  72  50  83  24   0   0
MIRAMA 045743 221025 13 F 1  73  42  33 1 1 293  8  0  73  51  59  24   0   0
MIRAMA 045743 221026 13 F 1  70  52  53 1 1 225  6  0  73  53  82  33   0   0
MIRAMA 045743 221027 13 F 1  69  50  51 1 1 270  5  0  70  55  95  51   0   0
MIRAMA 045743 221028 13 F 1  71  42  36 1 1 270  5  0  72  52  73  34   0   0
MISSIO 045747 221022 13 F 3  68  61  80 1 1 225  6  0  77  62  96  58   0   0
MISSIO 045747 221023 13 F 2  66  53  63 1 1 225  5  0  68  59  89  61   0   0
MISSIO 045747 221024 13 F 1  72  38  30 1 1 293  6  0  73  53  81  29   0   0
MISSIO 045747 221025 13 F 1  73  46  39 1 1 293  6  0  73  55  60  29   0   0
MISSIO 045747 221026 13 F 1  70  55  61 1 1 225  5  0  73  57  82  38   0   0
MISSIO 045747 221027 13 F 1  69  52  56 1 1 270  5  0  70  57  91  55   0   0
MISSIO 045747 221028 13 F 1  72  47  41 1 1 270  5  0  72  55  72  39   0   0
MATEO  045748 221022 13 F 2  66  59  79 1 1 203  6  0  75  60  93  55   0   0
MATEO  045748 221023 13 F 1  64  50  61 1 1 225  5  0  66  56  90  61   0   0
MATEO  045748 221024 13 F 0  71  35  27 1 1 225  5  0  71  51  80  27   0   0
MATEO  045748 221025 13 F 0  70  43  39 1 1 270  6  0  71  53  57  27   0   0
MATEO  045748 221026 13 F 1  66  52  61 1 1 225  5  0  70  53  83  39   0   0
MATEO  045748 221027 13 F 1  68  48  50 1 1 248  4  0  68  54  98  50   0   0
MATEO  045748 221028 13 F 1  70  43  39 1 1 248  5  0  71  52  75  37   0   0
Count:    56  Zone Average:  69  47  50          6  0  71  55  80  41   0   0
Zone: 509
LITTLE 045411 221022 13 F 1  65  56  74 1 1 180 10  0  80  54  96  34   0   0
LITTLE 045411 221023 13 F 0  65  34  32 1 1 338 10  0  66  48  96  31   0   0
LITTLE 045411 221024 13 F 0  68  22  18 1 1  23 11  0  69  47  47  17   0   0
LITTLE 045411 221025 13 F 0  72  32  23 1 1 180  5  0  72  49  35  16   0   0
LITTLE 045411 221026 13 F 1  69  44  42 1 1 180  9  0  73  50  66  22   0   0
LITTLE 045411 221027 13 F 0  67  35  31 1 1 360  9  0  70  47  81  30   0   0
LITTLE 045411 221028 13 F 1  69  31  25 1 1 180  5  0  70  47  49  25   0   0
TANBAR 045421 221022 13 F 1  65  49  57 1 1 225  5  0  79  53  74  30   0   0
TANBAR 045421 221023 13 F 1  64  36  36 1 1 225  4  0  65  47 100  36   0   0
TANBAR 045421 221024 13 F 0  67  17  15 1 1 225  5  0  67  45  59  15   0   0
TANBAR 045421 221025 13 F 0  70  24  18 1 1 248  5  0  71  50  32  15   0   0
TANBAR 045421 221026 13 F 1  66  39  37 1 1 225  5  0  71  50  48  18   0   0
TANBAR 045421 221027 13 F 0  66  31  27 1 1 203  3  0  67  47  83  27   0   0
TANBAR 045421 221028 13 F 0  70  25  19 1 1 180  5  0  70  47  48  19   0   0
ALISO  045509 221022 13 F 2  64  60  88 1 1 203  6  0  72  60  94  65   0   0
ALISO  045509 221023 13 F 1  64  52  66 1 1 225  6  0  65  56  94  62   0   0
ALISO  045509 221024 13 F 0  68  37  33 1 1 315  5  0  69  52  79  31   0   0
ALISO  045509 221025 13 F 0  68  48  50 1 1 270  5  0  69  54  61  31   0   0
ALISO  045509 221026 13 F 1  65  55  71 1 1 203  5  0  68  55  88  48   0   0
ALISO  045509 221027 13 F 1  65  51  61 1 1 270  5  0  66  54  99  57   0   0
ALISO  045509 221028 13 F 1  67  47  49 1 1 225  4  0  68  53  71  45   0   0
CHINO  045510 221022 13 F 2  64  58  81 1 1 225 10  0  79  57  96  45   0   0
CHINO  045510 221023 13 F 1  65  45  50 1 1 248  6  0  65  53  94  50   0   0
CHINO  045510 221024 13 F 0  69  26  20 1 1 315  4  0  69  48  73  20   0   0
CHINO  045510 221025 13 F 0  69  36  30 1 1 248  6  0  70  50  49  19   0   0
CHINO  045510 221026 13 F 1  66  48  53 1 1 225  8  0  69  51  79  30   0   0
CHINO  045510 221027 13 F 1  67  39  37 1 1 248  3  0  67  50 100  37   0   0
CHINO  045510 221028 13 F 1  70  35  28 1 1 225  5  0  70  50  64  28   0   0
EL CAR 045619 221022 13 F 1  62  50  67 1 1 225 10  0  76  56  81  37   0   0
EL CAR 045619 221023 13 F 1  59  43  57 1 1 270  5  0  63  51  96  57   0   0
EL CAR 045619 221024 13 F 0  66  21  18 1 1 360 11  0  66  49  72  18   0   0
EL CAR 045619 221025 13 F 0  70  28  21 1 1 270  4  0  70  51  42  18   0   0
EL CAR 045619 221026 13 F 1  65  41  43 1 1 225  8  0  70  50  61  21   0   0
EL CAR 045619 221027 13 F 1  65  34  32 1 1  45  2  0  65  50  94  32   0   0
EL CAR 045619 221028 13 F 1  70  30  23 1 1 225  4  0  70  50  55  23   0   0
CLARK  045624 221022 13 F 2  67  54  65 1 1 270  4  0  82  56  96  33   0   0
CLARK  045624 221023 13 F 1  62  44  53 1 1 293  5  0  68  51 100  52   0   0
CLARK  045624 221024 13 F 0  68  22  18 1 1 203  9  0  68  46  67  18   0   0
CLARK  045624 221025 13 F 0  72  29  21 1 1 293  5  0  72  47  52  16   0   0
CLARK  045624 221026 13 F 1  69  44  41 1 1 293  5  0  73  49  78  20   0   0
CLARK  045624 221027 13 F 1  67  36  32 1 1 315  3  0  69  48 100  31   0   0
CLARK  045624 221028 13 F 1  71  30  22 1 1 135  2  0  71  47  61  22   0   0
TEMESC 045635 221022 13 F 2  68  53  59 1 1 225  8  0  83  57  83  32   0   0
TEMESC 045635 221023 13 F 1  65  44  48 1 1 270  5  0  69  53  85  48   0   0
TEMESC 045635 221024 13 F 0  71  21  15 1 1 203 11  0  71  51  61  15   0   0
TEMESC 045635 221025 13 F 0  74  30  20 1 1 270  4  0  74  52  37  14   0   0
TEMESC 045635 221026 13 F 1  71  43  37 1 1 225  6  0  75  52  61  20   0   0
TEMESC 045635 221027 13 F 1  69  34  28 1 1 360  3  0  72  52  82  28   0   0
TEMESC 045635 221028 13 F 1  73  30  21 1 1 203  2  0  73  51  51  21   0   0
CORONA 045636 221022 13 F 2  69  57  66 1 1 203  9  0  84  57  99  36   0   0
CORONA 045636 221023 13 F 1  67  47  49 1 1 270  6  0  69  53  93  49   0   0
CORONA 045636 221024 13 F 0  71  25  18 1 1 203  9  0  71  50  68  18   0   0
CORONA 045636 221025 13 F 0  74  34  24 1 1 270  6  0  74  51  47  16   0   0
CORONA 045636 221026 13 F 1  71  48  44 1 1 225  8  0  76  52  73  24   0   0
CORONA 045636 221027 13 F 1  70  38  32 1 1 338  4  0  72  51  94  32   0   0
CORONA 045636 221028 13 F 1  74  34  24 1 1 315  3  0  74  50  59  24   0   0
VALLEY 045734 221022 13 F 2  69  57  67 1 1 225  8  0  80  56  96  40   0   0
VALLEY 045734 221023 13 F 2  63  50  63 1 1 225  5  0  69  52  99  62   0   0
VALLEY 045734 221024 13 F 0  71  29  21 1 1 270  5  0  71  46  90  21   0   0
VALLEY 045734 221025 13 F 0  72  36  27 1 1 270  6  0  73  49  55  21   0   0
VALLEY 045734 221026 13 F 1  69  48  48 1 1 225  6  0  73  50  68  26   0   0
VALLEY 045734 221027 13 F 1  68  45  45 1 1 270  5  0  70  50 100  44   0   0
VALLEY 045734 221028 13 F 1  72  38  30 1 1 293  4  0  72  49  69  29   0   0
BELL C 045735 221022 13 F 2  69  61  76 1 1 203  9  0  80  59  94  47   0   0
BELL C 045735 221023 13 F 1  67  51  57 1 1 225  8  0  69  55  92  56   0   0
BELL C 045735 221024 13 F 0  74  33  23 1 1 180  9  0  74  50  82  23   0   0
BELL C 045735 221025 13 F 0  74  43  33 1 1 270  9  0  74  52  52  22   0   0
BELL C 045735 221026 13 F 1  70  53  55 1 1 225  9  0  74  52  82  33   0   0
BELL C 045735 221027 13 F 1  72  48  43 1 1 225  5  0  72  52  99  43   0   0
BELL C 045735 221028 13 F 1  74  43  34 1 1 225  8  0  75  52  68  32   0   0
FREMON 045736 221022 13 F 2  65  58  79 1 1 203 18  0  77  59  82  47   0   0
FREMON 045736 221023 13 F 1  65  46  51 1 1 270 10  0  65  54  95  51   0   0
FREMON 045736 221024 13 F 0  69  25  19 1 1 203 12  0  69  51  72  19   0   0
FREMON 045736 221025 13 F 0  70  38  31 1 1 248 11  0  71  52  48  19   0   0
FREMON 045736 221026 13 F 1  66  49  55 1 1 225 14  0  71  52  69  31   0   0
FREMON 045736 221027 13 F 1  67  40  38 1 1 270  9  0  67  52  95  38   0   0
FREMON 045736 221028 13 F 1  71  37  29 1 1 248 10  0  71  52  60  29   0   0
SAN MI 045737 221022 13 F 2  67  58  74 1 1 225  8  0  77  60  93  53   0   0
SAN MI 045737 221023 13 F 2  64  51  63 1 1 248  5  0  67  57  93  61   0   0
SAN MI 045737 221024 13 F 0  71  34  26 1 1 293  8  0  71  51  83  26   0   0
SAN MI 045737 221025 13 F 0  72  40  32 1 1 293  6  0  72  52  55  26   0   0
SAN MI 045737 221026 13 F 1  68  52  58 1 1 248  6  0  72  54  77  32   0   0
SAN MI 045737 221027 13 F 1  68  50  53 1 1 270  6  0  68  55  95  53   0   0
SAN MI 045737 221028 13 F 1  71  42  35 1 1 270  6  0  71  53  74  34   0   0
SWEETW 045744 221022 13 F 2  65  50  60 1 1 248  9  0  77  53  80  37   0   0
SWEETW 045744 221023 13 F 2  56  46  71 1 1 270  6  0  65  49  98  60   0   0
SWEETW 045744 221024 13 F 0  63  22  21 1 1 203  6  0  63  46  89  21   0   0
SWEETW 045744 221025 13 F 0  68  26  21 1 1 293  6  0  69  48  43  18   0   0
SWEETW 045744 221026 13 F 1  64  42  45 1 1 248  8  0  69  49  54  21   0   0
SWEETW 045744 221027 13 F 1  62  39  43 1 1 293  6  0  64  48  98  43   0   0
SWEETW 045744 221028 13 F 0  67  31  27 1 1 135  3  0  67  49  59  27   0   0
BUD HI 045745 221022 13 F 2  67  55  66 1 1 225  8  0  79  55  93  39   0   0
BUD HI 045745 221023 13 F 2  61  48  64 1 1 248  5  0  67  50 100  64   0   0
BUD HI 045745 221024 13 F 0  69  27  21 1 1 293  4  0  69  45  90  21   0   0
BUD HI 045745 221025 13 F 0  71  32  24 1 1 270  6  0  72  48  51  21   0   0
BUD HI 045745 221026 13 F 1  67  45  46 1 1 225  6  0  72  48  69  24   0   0
BUD HI 045745 221027 13 F 1  67  43  43 1 1 270  5  0  68  49 100  43   0   0
BUD HI 045745 221028 13 F 0  71  37  29 1 1  90  4  0  71  48  66  29   0   0
SAN PA 045746 221022 13 F 2  72  60  68 1 1 225  8  0  81  59  97  43   0   0
SAN PA 045746 221023 13 F 2  67  53  62 1 1 248  5  0  72  55  99  62   0   0
SAN PA 045746 221024 13 F 0  74  33  23 1 1 270  5  0  74  48  89  23   0   0
SAN PA 045746 221025 13 F 0  74  40  30 1 1 270  6  0  75  51  56  23   0   0
SAN PA 045746 221026 13 F 1  71  51  51 1 1 225  6  0  75  52  74  30   0   0
SAN PA 045746 221027 13 F 1  71  49  46 1 1 270  5  0  72  53 100  46   0   0
SAN PA 045746 221028 13 F 1  74  43  33 1 1 270  4  0  74  51  71  33   0   0
Count:   105  Zone Average:  68  41  41          7  0  71  51  76  33   0   0
Zone: 510
LYTLE  045108 221022 13 F 2  66  53  63 1 1 180 12  0  81  49  92  28   0   0
LYTLE  045108 221023 13 F 1  63  38  41 1 1 203  3  0  66  43 100  41   0   0
LYTLE  045108 221024 13 F 0  66  21  18 1 1 158 11  0  66  40  57  18   0   0
LYTLE  045108 221025 13 F 0  73  28  19 1 1 180  6  0  73  43  34  16   0   0
LYTLE  045108 221026 13 F 1  69  41  37 1 1 180 10  0  73  44  58  19   0   0
LYTLE  045108 221027 13 F 0  65  32  29 1 1 360  6  0  70  42  96  29   0   0
LYTLE  045108 221028 13 F 0  70  28  21 1 1  90  4  0  70  42  51  21   0   0
MILL C 045109 221022 13 F 1  64  50  62 1 1 203  5  0  77  53  76  31   0   0
MILL C 045109 221023 13 F 1  57  41  55 1 1 270  5  0  64  47  94  55   0   0
MILL C 045109 221024 13 F 0  61  20  21 1 1 180  5  0  61  43  61  21   0   0
MILL C 045109 221025 13 F 0  68  26  21 1 1 270  4  0  68  48  37  20   0   0
MILL C 045109 221026 13 F 1  64  39  40 1 1 225  4  0  69  49  52  21   0   0
MILL C 045109 221027 13 F 1  61  32  34 1 1 270  8  0  65  46  86  34   0   0
MILL C 045109 221028 13 F 1  65  29  26 1 1 225  4  0  65  47  50  26   0   0
DEVORE 045113 221022 13 F 2  66  55  68 1 1 203  9  0  81  55  93  31   0   0
DEVORE 045113 221023 13 F 1  62  42  49 1 1 225  5  0  67  49  99  49   0   0
DEVORE 045113 221024 13 F 0  66  23  20 1 1 360 12  0  66  45  59  20   0   0
DEVORE 045113 221025 13 F 0  72  29  21 1 1 180  5  0  72  48  37  18   0   0
DEVORE 045113 221026 13 F 1  69  43  40 1 1 180  8  0  73  49  63  21   0   0
DEVORE 045113 221027 13 F 0  64  34  33 1 1 360  8  0  70  47  92  33   0   0
DEVORE 045113 221028 13 F 1  68  30  25 1 1 158  3  0  68  47  52  25   0   0
BANNIN 045601 221022 13 F 1  63  48  60 1 1 248 11  0  77  52  86  29   0   0
BANNIN 045601 221023 13 F 1  56  41  58 1 1 270  9  0  63  45 100  58   0   0
BANNIN 045601 221024 13 F 0  62  20  20 1 1 135 10  0  62  43  64  20   0   0
BANNIN 045601 221025 13 F 0  67  24  20 1 1 270  8  0  67  47  37  18   0   0
BANNIN 045601 221026 13 F 1  65  37  36 1 1 248  9  0  68  49  52  20   0   0
BANNIN 045601 221027 13 F 0  60  32  35 1 1 270  9  0  65  45  93  35   0   0
BANNIN 045601 221028 13 F 1  65  29  26 1 1 113  9  0  65  47  48  26   0   0
BEAUMO 045617 221022 13 F 2  65  50  60 1 1 225 10  0  79  53  98  29   0   0
BEAUMO 045617 221023 13 F 1  58  42  57 1 1 270  8  0  65  47 100  57   0   0
BEAUMO 045617 221024 13 F 0  64  22  20 1 1 113  8  0  64  43  65  20   0   0
BEAUMO 045617 221025 13 F 0  69  26  20 1 1 270  6  0  69  47  43  18   0   0
BEAUMO 045617 221026 13 F 1  66  38  36 1 1 248  8  0  70  48  63  19   0   0
BEAUMO 045617 221027 13 F 1  64  34  33 1 1 270  8  0  67  46  96  33   0   0
BEAUMO 045617 221028 13 F 1  67  30  25 1 1  90  8  0  67  46  56  25   0   0
Count:    35  Zone Average:  65  35  36          7  0  69  47  70  28   0   0
Zone: 511
FAWNSK 045101 221022 13 F 1  53  35  51 1 1 225 16  0  64  32 100  30   0   0
FAWNSK 045101 221023 13 F 1  47  23  39 1 1 293  9  0  53  23 100  39   0   0
FAWNSK 045101 221024 13 F 0  48   7  19 1 1  45  6  0  48  19  73  19   0   0
FAWNSK 045101 221025 13 F 0  55  14  20 1 1 270  4  0  56  26  47  17   0   0
FAWNSK 045101 221026 13 F 1  52  25  35 1 1 225 13  0  55  28  78  20   0   0
FAWNSK 045101 221027 13 F 1  48  18  30 1 1 360  5  0  52  23 100  30   0   0
FAWNSK 045101 221028 13 F 1  51  13  22 1 1 248  3  0  52  24  64  22   0   0
BIG PI 045102 221022 13 F 1  55  36  49 1 1 203 19  0  67  34  94  26   0   0
BIG PI 045102 221023 13 F 0  49  23  36 1 1 293  9  0  55  22 100  36   0   0
BIG PI 045102 221024 13 F 0  51   7  17 1 1  45  9  0  51  19  70  17   0   0
BIG PI 045102 221025 13 F 0  58  14  18 1 1 270  4  0  59  25  42  16   0   0
BIG PI 045102 221026 13 F 1  55  25  32 1 1 203 14  0  58  27  74  18   0   0
BIG PI 045102 221027 13 F 0  49  17  28 1 1 360  6  0  55  22 100  28   0   0
BIG PI 045102 221028 13 F 1  54  13  20 1 1  45  4  0  55  24  60  20   0   0
CONVER 045105 221022 13 F 1  58  41  54 1 1 225 13  0  70  44  72  29   0   0
CONVER 045105 221023 13 F 1  54  29  39 1 1 270  6  0  58  35 100  39   0   0
CONVER 045105 221024 13 F 0  56  14  19 1 1  45  8  0  56  31  63  18   0   0
CONVER 045105 221025 13 F 0  62  20  20 1 1 248  5  0  63  37  34  17   0   0
CONVER 045105 221026 13 F 1  59  30  34 1 1 225 11  0  62  39  54  20   0   0
CONVER 045105 221027 13 F 0  54  24  31 1 1 360  4  0  59  34  85  31   0   0
CONVER 045105 221028 13 F 1  60  21  22 1 1 248  5  0  60  36  50  21   0   0
ROCK C 045111 221022 13 F 1  56  46  70 1 1 180 18  0  70  50  74  30   0   0
ROCK C 045111 221023 13 F 1  52  30  44 1 1 315  8  0  56  42  97  44   0   0
ROCK C 045111 221024 13 F 0  56  15  20 1 1  23 10  0  56  38  45  20   0   0
ROCK C 045111 221025 13 F 0  62  20  20 1 1 203  6  0  62  43  31  19   0   0
ROCK C 045111 221026 13 F 1  58  33  39 1 1 180 12  0  62  45  51  20   0   0
ROCK C 045111 221027 13 F 0  54  26  34 1 1 360  6  0  58  41  75  34   0   0
ROCK C 045111 221028 13 F 1  59  22  24 1 1 360  5  0  59  42  44  24   0   0
MORMON 045114 221022 13 F 1  62  48  62 1 1 180 17  0  76  48  94  29   0   0
MORMON 045114 221023 13 F 1  59  32  36 1 1 338 10  0  63  42 100  35   0   0
MORMON 045114 221024 13 F 0  61  18  19 1 1 360  9  0  61  38  58  18   0   0
MORMON 045114 221025 13 F 0  68  25  20 1 1 158  8  0  68  42  34  17   0   0
MORMON 045114 221026 13 F 1  65  37  36 1 1 180 11  0  68  44  59  19   0   0
MORMON 045114 221027 13 F 0  60  28  30 1 1 338  9  0  65  40  98  30   0   0
MORMON 045114 221028 13 F 0  64  24  22 1 1  45  5  0  64  40  54  21   0   0
HEAPS  045133 221022 13 F 1  49  45  89 1 1 180 12  0  63  47  89  42   0   0
HEAPS  045133 221023 13 F 1  44  33  65 1 1 315  6  0  49  38 100  65   0   0
HEAPS  045133 221024 13 F 0  49  16  27 1 1  45 11  0  49  36  65  27   0   0
HEAPS  045133 221025 13 F 0  55  22  28 1 1 203  5  0  55  40  36  25   0   0
HEAPS  045133 221026 13 F 1  52  34  52 1 1 180  9  0  55  42  52  28   0   0
HEAPS  045133 221027 13 F 0  48  27  45 1 1 360  8  0  52  38  89  45   0   0
HEAPS  045133 221028 13 F 1  51  23  34 1 1 225  4  0  52  39  51  33   0   0
Count:    42  Zone Average:  55  25  35          9  0  59  35  70  27   0   0
Zone: 512
CRANST 045603 221022 13 F 1  68  50  53 1 1 225  8  0  83  50  97  27   0   0
CRANST 045603 221023 13 F 1  61  43  52 1 1 270  4  0  69  44 100  51   0   0
CRANST 045603 221024 13 F 0  66  21  18 1 1 248  4  0  67  41  73  17   0   0
CRANST 045603 221025 13 F 0  73  24  16 1 1 270  4  0  74  44  39  16   0   0
CRANST 045603 221026 13 F 1  69  37  32 1 1 225  6  0  75  46  59  16   0   0
CRANST 045603 221027 13 F 1  65  34  32 1 1 293  4  0  71  44  98  32   0   0
CRANST 045603 221028 13 F 1  69  28  22 1 1 293  4  0  70  44  53  21   0   0
Count:     7  Zone Average:  67  34  32          5  0  73  45  74  26   0   0
Zone: 513
KEENWI 045604 221022 13 F 1  57  44  62 1 1 270 11  0  70  49  76  33   0   0
KEENWI 045604 221023 13 F 1  52  38  59 1 1 270  8  0  57  41 100  58   0   0
KEENWI 045604 221024 13 F 0  57  16  20 1 1 203  3  0  57  38  75  20   0   0
KEENWI 045604 221025 13 F 0  62  19  19 1 1 270  6  0  62  42  35  17   0   0
KEENWI 045604 221026 13 F 1  59  33  38 1 1 270 10  0  62  44  48  19   0   0
KEENWI 045604 221027 13 F 0  57  28  34 1 1 293  6  0  59  41  88  34   0   0
KEENWI 045604 221028 13 F 1  60  24  25 1 1 135  4  0  60  41  48  24   0   0
KENWOR 045605 221022 13 F 1  64  43  47 1 1 270 16  0  75  40 100  28   0   0
KENWOR 045605 221023 13 F 1  57  37  48 1 1 270  8  0  64  33 100  47   0   0
KENWOR 045605 221024 13 F 0  61  14  16 1 1  23 10  0  61  30  79  16   0   0
KENWOR 045605 221025 13 F 0  66  18  16 1 1 270  6  0  67  33  44  14   0   0
KENWOR 045605 221026 13 F 1  64  33  32 1 1 270 11  0  66  35  67  16   0   0
KENWOR 045605 221027 13 F 0  60  27  29 1 1 315  5  0  64  33 100  29   0   0
KENWOR 045605 221028 13 F 1  63  22  21 1 1  90  5  0  64  32  63  20   0   0
VISTA  045612 221022 13 F 1  55  45  69 1 1 225 14  0  69  50  75  34   0   0
VISTA  045612 221023 13 F 1  50  38  64 1 1 203  8  0  55  43  94  64   0   0
VISTA  045612 221024 13 F 0  55  15  21 1 1  90  8  0  55  41  79  21   0   0
VISTA  045612 221025 13 F 0  60  18  20 1 1 248  6  0  61  44  37  19   0   0
VISTA  045612 221026 13 F 1  57  32  40 1 1 225 10  0  60  46  49  20   0   0
VISTA  045612 221027 13 F 0  53  28  39 1 1 270  6  0  57  43  97  39   0   0
VISTA  045612 221028 13 F 1  58  23  26 1 1  45  6  0  58  44  51  26   0   0
ANZA   045616 221022 13 F 1  66  44  46 1 1 270 14  0  77  44 100  26   0   0
ANZA   045616 221023 13 F 1  59  38  46 1 1 270  9  0  66  38 100  45   0   0
ANZA   045616 221024 13 F 0  63  13  14 1 1 315  9  0  63  35  77  14   0   0
ANZA   045616 221025 13 F 0  69  17  14 1 1 270  6  0  70  37  40  13   0   0
ANZA   045616 221026 13 F 1  66  32  29 1 1 270 11  0  70  40  57  14   0   0
ANZA   045616 221027 13 F 0  63  29  28 1 1 293  8  0  66  37 100  28   0   0
ANZA   045616 221028 13 F 1  67  23  19 1 1 135  5  0  67  37  54  18   0   0
SANTA  045623 221022 13 F 2  63  56  79 1 1 203 11  0  78  57  97  43   0   0
SANTA  045623 221023 13 F 1  61  48  64 1 1 203  6  0  63  52  99  64   0   0
SANTA  045623 221024 13 F 0  68  27  22 1 1 338  5  0  68  47  88  22   0   0
SANTA  045623 221025 13 F 0  69  34  28 1 1 248  4  0  70  49  52  21   0   0
SANTA  045623 221026 13 F 1  66  47  51 1 1 203  8  0  70  49  78  28   0   0
SANTA  045623 221027 13 F 1  67  43  42 1 1 180  4  0  67  50 100  42   0   0
SANTA  045623 221028 13 F 1  70  37  30 1 1 225  4  0  70  48  73  30   0   0
CAMERO 045704 221022 13 F 1  67  50  55 1 1 248 11  0  79  48 100  29   0   0
CAMERO 045704 221023 13 F 1  58  44  60 1 1 248  9  0  67  44 100  53   0   0
CAMERO 045704 221024 13 F 0  63  20  19 1 1  23  9  0  63  41  89  18   0   0
CAMERO 045704 221025 13 F 0  70  23  17 1 1 293  6  0  70  43  39  14   0   0
CAMERO 045704 221026 13 F 1  66  38  36 1 1 270 10  0  70  44  57  17   0   0
CAMERO 045704 221027 13 F 1  63  34  35 1 1 293  9  0  66  43 100  34   0   0
CAMERO 045704 221028 13 F 0  67  29  24 1 1  90  8  0  67  44  53  22   0   0
DESCAN 045707 221022 13 F 1  65  50  59 1 1 248 10  0  76  48  93  35   0   0
DESCAN 045707 221023 13 F 2  56  45  67 1 1 248  6  0  65  44 100  59   0   0
DESCAN 045707 221024 13 F 0  64  22  20 1 1  23  8  0  64  41  89  19   0   0
DESCAN 045707 221025 13 F 0  69  25  19 1 1 293  6  0  69  44  40  16   0   0
DESCAN 045707 221026 13 F 1  65  39  39 1 1 248  9  0  69  45  51  19   0   0
DESCAN 045707 221027 13 F 1  63  37  39 1 1 293  8  0  65  44  96  39   0   0
DESCAN 045707 221028 13 F 0  67  30  25 1 1  90  5  0  67  44  56  23   0   0
JULIAN 045708 221022 13 F 1  58  47  69 1 1 248 17  0  71  50  90  36   0   0
JULIAN 045708 221023 13 F 1  50  42  76 1 1 270 11  0  58  44 100  69   0   0
JULIAN 045708 221024 13 F 0  56  18  23 1 1  68  6  0  56  41  94  23   0   0
JULIAN 045708 221025 13 F 0  62  22  22 1 1 270  6  0  63  44  43  19   0   0
JULIAN 045708 221026 13 F 1  60  38  44 1 1 248 12  0  63  46  53  22   0   0
JULIAN 045708 221027 13 F 0  56  34  44 1 1 270  9  0  60  44 100  44   0   0
JULIAN 045708 221028 13 F 0  59  27  30 1 1  90  8  0  59  44  63  30   0   0
MT LAG 045709 221022 13 F 0  54  42  64 1 1 248 20  0  64  49  71  41   0   0
MT LAG 045709 221023 13 F 1  45  37  76 1 1 248 11  0  54  40 100  64   0   0
MT LAG 045709 221024 13 F 0  46  13  26 1 1  45  9  0  46  38  86  26   0   0
MT LAG 045709 221025 13 F 0  55  15  21 1 1  68  4  0  55  40  32  19   0   0
MT LAG 045709 221026 13 F 1  53  31  43 1 1 248 12  0  55  42  43  21   0   0
MT LAG 045709 221027 13 F 1  49  28  45 1 1 270  9  0  53  40  84  43   0   0
MT LAG 045709 221028 13 F 0  52  21  30 1 1  90  6  0  52  41  48  30   0   0
OAK GR 045710 221022 13 F 1  69  49  49 1 1 248  9  0  80  49 100  28   0   0
OAK GR 045710 221023 13 F 1  60  42  53 1 1 315  8  0  69  44 100  49   0   0
OAK GR 045710 221024 13 F 0  67  19  16 1 1 203  6  0  67  41  75  16   0   0
OAK GR 045710 221025 13 F 0  72  23  16 1 1 315  6  0  72  43  37  14   0   0
OAK GR 045710 221026 13 F 1  69  38  33 1 1 248  8  0  73  44  53  16   0   0
OAK GR 045710 221027 13 F 0  65  35  34 1 1 315  6  0  69  43  99  33   0   0
OAK GR 045710 221028 13 F 1  69  27  21 1 1 113  5  0  69  43  49  21   0   0
PINE H 045711 221022 13 F 1  62  50  66 1 1 248 12  0  75  52  82  36   0   0
PINE H 045711 221023 13 F 1  54  45  72 1 1 248  8  0  62  47 100  66   0   0
PINE H 045711 221024 13 F 0  60  21  22 1 1  45  6  0  60  44  91  22   0   0
PINE H 045711 221025 13 F 0  67  25  21 1 1 270  6  0  67  47  40  18   0   0
PINE H 045711 221026 13 F 1  64  40  42 1 1 248 10  0  67  48  53  21   0   0
PINE H 045711 221027 13 F 1  60  37  43 1 1 270  8  0  64  47  93  42   0   0
PINE H 045711 221028 13 F 0  64  30  28 1 1  90  8  0  64  48  56  27   0   0
RANCHI 045729 221022 13 F 0  61  45  57 1 1 270 21  0  74  52  75  31   0   0
RANCHI 045729 221023 13 F 1  53  40  63 1 1 270 13  0  61  45  99  57   0   0
RANCHI 045729 221024 13 F 0  56  16  21 1 1  45  6  0  56  42  79  21   0   0
RANCHI 045729 221025 13 F 0  64  19  18 1 1 135  3  0  64  45  31  17   0   0
RANCHI 045729 221026 13 F 0  62  34  35 1 1 270 14  0  65  47  43  18   0   0
RANCHI 045729 221027 13 F 0  57  30  36 1 1 270  8  0  63  45  82  35   0   0
RANCHI 045729 221028 13 F 0  59  24  26 1 1  90  6  0  59  44  50  26   0   0
POTRER 045730 221022 13 F 1  70  54  58 1 1 248 10  0  81  52 100  34   0   0
POTRER 045730 221023 13 F 2  61  49  65 1 1 248  8  0  70  50 100  58   0   0
POTRER 045730 221024 13 F 0  68  25  20 1 1  23  9  0  69  45  87  19   0   0
POTRER 045730 221025 13 F 0  73  30  21 1 1 293  8  0  74  47  42  17   0   0
POTRER 045730 221026 13 F 1  70  45  41 1 1 248  8  0  74  48  62  20   0   0
POTRER 045730 221027 13 F 1  66  41  40 1 1 293  8  0  71  48  97  39   0   0
POTRER 045730 221028 13 F 1  71  34  26 1 1  68  9  0  72  50  56  24   0   0
PALOMA 045740 221022 13 F 1  54  44  71 1 1 225 10  0  67  49  75  40   0   0
PALOMA 045740 221023 13 F 1  51  39  65 1 1 248  5  0  54  43  93  64   0   0
PALOMA 045740 221024 13 F 0  57  16  20 1 1 203  5  0  57  41  79  19   0   0
PALOMA 045740 221025 13 F 0  59  21  23 1 1 293  5  0  60  44  36  17   0   0
PALOMA 045740 221026 13 F 1  56  34  45 1 1 225  8  0  59  45  47  23   0   0
PALOMA 045740 221027 13 F 1  55  31  41 1 1 293  5  0  56  45  77  41   0   0
PALOMA 045740 221028 13 F 1  59  25  27 1 1 135  4  0  59  44  47  25   0   0
Count:    98  Zone Average:  61  32  38          8  0  65  44  73  30   0   0
Zone: 514
APPLE  045134 221022 13 F 1  68  42  40 1 1 203 23  0  81  54  70  18   0   0
APPLE  045134 221023 13 F 0  61  27  28 1 1 315  5  0  69  45  87  28   0   0
APPLE  045134 221024 13 F 0  63  13  14 1 1  23  6  0  63  39  46  14   0   0
APPLE  045134 221025 13 F 0  70  16  13 1 1 270  5  0  71  43  30  12   0   0
APPLE  045134 221026 13 F 0  70  30  23 1 1 225 14  0  71  47  52  13   0   0
APPLE  045134 221027 13 F 0  63  23  22 1 1 338  4  0  70  41  74  22   0   0
APPLE  045134 221028 13 F 1  67  17  15 1 1  23  6  0  67  41  51  15   0   0
VALYER 045423 221022 13 F 1  66  40  39 1 1 203 18  0  76  56  48  21   0   0
VALYER 045423 221023 13 F 0  57  23  27 1 1 315  8  0  66  44  70  26   0   0
VALYER 045423 221024 13 F 0  58  10  15 1 1  68  8  0  58  41  33  14   0   0
VALYER 045423 221025 13 F 0  67  17  15 1 1 315  6  0  67  47  22  12   0   0
VALYER 045423 221026 13 F 1  64  30  28 1 1 203 12  0  68  49  39  15   0   0
VALYER 045423 221027 13 F 0  58  20  23 1 1 360  5  0  65  43  53  23   0   0
VALYER 045423 221028 13 F 1  63  17  17 1 1  45  6  0  63  44  34  16   0   0
Count:    14  Zone Average:  64  23  23          9  0  68  45  51  18   0   0
Zone: 516
YUCCA  045112 221022 13 F 1  71  44  38 1 1 225 24  0  79  56  59  23   0   0
YUCCA  045112 221023 13 F 1  61  33  35 1 1 338  9  0  71  47  89  35   0   0
YUCCA  045112 221024 13 F 0  62  15  16 1 1 360 10  0  62  43  39  16   0   0
YUCCA  045112 221025 13 F 0  69  16  13 1 1 225  5  0  69  46  26  13   0   0
YUCCA  045112 221026 13 F 1  69  31  25 1 1 225 17  0  70  49  45  13   0   0
YUCCA  045112 221027 13 F 0  63  24  23 1 1 360  9  0  70  46  62  23   0   0
YUCCA  045112 221028 13 F 1  65  21  19 1 1  45  4  0  65  44  41  19   0   0
BURNS  045125 221022 13 F 1  63  34  34 1 1 248 13  0  68  52  42  26   0   0
BURNS  045125 221023 13 F 1  50  23  35 1 1 338 12  0  63  42  72  34   0   0
BURNS  045125 221024 13 F 0  53   8  16 1 1 338 11  0  53  37  41  16   0   0
BURNS  045125 221025 13 F 0  59  12  16 1 1 158  4  0  59  43  22  14   0   0
BURNS  045125 221026 13 F 1  60  24  25 1 1 248  9  0  60  45  36  16   0   0
BURNS  045125 221027 13 F 0  52  17  25 1 1 338  8  0  60  41  53  25   0   0
BURNS  045125 221028 13 F 1  54  14  21 1 1  90  5  0  55  40  33  20   0   0
Count:    14  Zone Average:  61  23  24         10  0  65  45  47  21   0   0
 
 
 
End of WIMS Bulletin @ 21-OCT-22 22:45:53 GMT
