UECA01 KWBC 220000 RRA
TTDD 7200/ 78526 11984 76159 22955 76959 33883 76559 44867 76160
55859 73962 66834 71964 77804 70966 88800 70766 99695 73365 11612
70768 22570 71169 33551 68971 44520 68571 55513 69372 66501 65175
77493 64176 88441 62377 99414 58980 11397 54582 22354 56780 33280
55981 44270 54182 55253 53982 66239 52183 77220 51983 88210 52783
99186 49585 11177 46586 22156 49185 33126 44188 44123 44388 55113
37392 66107 36193 77098 38591 88092 37792 99084 39591 21212 11864
29503 22807 00512 33786 04513 44758 05522 55722 07520 66691 11514
77669 12013 88649 16012 99643 16510 11628 11501 22607 07010 33594
07510 44541 05010 55517 05510 66495 04515 77470 06511 88450 06010
99440 03515 11415 08517 22401 15510 33369 23522 44339 24016 55323
25510 66316 29011 77304 31010 88295 31005 99289 25510 11282 26517
22273 29510 33256 30003 44239 17510 55193 30001 66179 25510 77169
29018 88163 29012 99149 05503 11134 04010 22125 01018 33122 02016
44118 05516 55114 05023 66110 07017 77104 04012 88100 12510 99098
13516 11089 09007 22086 05014 33084 05016 31313 44108 82303=
TTDD 7200/ 78583 11935 79159 22891 76759 33849 77958 44402 58179
55360 59180 66325 57780 77127 43985 88124 43575 21212 11645 33015
22582 02509 33513 25501 44504 09006 55406 27002 66384 03507 77370
29005 88337 16503 99268 30009 11210 20006 22198 28504 33190 18005
44133 31509 55124 04005 31313 41708 82309=
