UKCA01 KWBC 220000 RRA
TTBB 72008 78583 00013 27456 11980 25259 22767 10211 33753 09613
44745 09613 55641 04632 66603 02423 77566 00856 88526 03947 99490
07157 11467 09140 22338 23968 33268 37960 44223 47962 55117 75759
66110 77359 77100 77159 21212 00013 36005 11001 01011 22979 00515
33946 01515 44914 01514 55849 36013 66838 35516 77794 34010 88706
24506 99615 28508 11600 22509 22518 30021 33467 23517 44396 32018
55359 28014 66344 31023 77299 25524 88257 28520 99221 31027 11197
29526 22151 31540 33132 26530 44117 31517 55109 29025 66102 30515
77100 27013 31313 41708 82309 41414 68572 51515 10164 00003 10194
01014 32509=
