UKCA02 KWBC 220000 RRB
TTBB 72001 78954 51515 10142=
TTBB 72008 78988 00002 28242 11948 23623 22741 12861 33727 11858
44692 09862 55672 08060 66621 05268 77597 02863 88579 01465 99573
01670 11567 01671 22556 00264 33445 09378 44383 17765 55322 26770
66114 78760 77108 79960 88106 79960 99100 79160 21212 00002 08012
11975 07019 22942 07516 33911 07019 44792 08512 55671 05509 66616
09505 77606 11004 88597 06505 99562 12501 11512 00511 22505 36013
33491 00512 44483 35012 55434 01001 66427 14504 77370 00512 88364
35513 99308 36009 11254 35506 22242 29510 33222 33517 44135 29512
55115 26031 66100 32511 31313 41708 82322 41414 12400 51515 10164
00091 10194 07018 08011=
TTBB 72008 80001 00010 28642 11002 28447 22943 23621 33839 17634
44834 17636 55726 12061 66707 10856 77667 08664 88619 04258 99551
01170 11534 02960 22512 04170 33508 04765 44457 09176 55447 09565
66414 12578 77113 79758 88109 80958 99100 77759 21212 00010 06006
11977 04511 22945 04509 33913 05513 44794 05011 55617 08508 66545
05507 77513 15002 88468 02503 99458 34502 11409 12501 22384 34501
33375 01503 44370 35504 55305 16004 66263 33504 77256 15001 88249
22502 99209 01008 11194 36012 22191 36011 33188 36009 44183 36007
55177 35509 66109 23022 77100 19005 31313 41708 82321 41414 12406
51515 10164 00091 10194 05512 05511=
