UKCA03 KWBC 220000 RRA
TTBB 72008 78866 00010 28050 11003 27650 22915 21040 33908 21249
44814 14427 55653 06469 66596 01661 77573 00365 88563 01161 99538
03566 11497 08961 22457 13964 33432 16160 44388 22969 55384 22370
66275 35982 77191 56563 88186 57567 99184 57367 11108 73964 22100
74163 21212 00010 05010 11996 07511 22978 06514 33945 07018 44913
07017 55794 08010 66621 03509 77616 04509 88594 06512 99554 02503
11546 08004 22531 01505 33523 03005 44500 36007 55493 36006 66473
34508 77466 36008 88411 36023 99405 35522 11254 33056 22168 31535
33139 29040 44115 34510 55100 31008 31313 41708 82340 41414 31400
51515 10164 00052 10194 07015 07012=
