FNUS85 KPUB 232055
FWMPUB

FCST,054704,221024,13,1,38,34,3,1,WNW,12,,43,19,80,32,0,0,N
FCST,054704,221025,13,1,46,33,1,1,W,11,,46,14,84,31,0,0,N
FCST,054704,221026,13,2,47,40,1,1,W,10,,47,22,88,30,0,0,N
FCST,054704,221027,13,2,38,47,1,1,NW,07,,47,23,81,40,0,0,N
FCST,054704,221028,13,0,44,31,1,1,W,04,,44,16,73,29,0,0,N
FCST,054704,221029,13,1,47,28,1,1,W,05,,47,18,67,25,0,0,N
FCST,054704,221030,13,1,47,27,1,1,W,07,,49,21,68,24,0,0,N
FCST,055503,221024,13,1,41,24,1,1,WNW,07,,44,18,80,21,0,0,N
FCST,055503,221025,13,0,51,24,1,1,W,09,,52,18,67,19,0,0,N
FCST,055503,221026,13,1,52,27,1,1,SW,12,,53,25,74,23,0,0,N
FCST,055503,221027,13,2,43,36,1,1,SSE,11,,53,26,78,25,0,0,N
FCST,055503,221028,13,0,46,31,1,1,W,06,,47,20,81,30,0,0,N
FCST,055503,221029,13,1,49,26,1,1,WSW,08,,50,22,68,25,0,0,N
FCST,055503,221030,13,1,50,24,1,1,WSW,09,,51,24,68,23,0,0,N
FCST,054702,221024,13,1,28,47,2,1,WNW,14,,33,9,96,42,7,0,N
FCST,054702,221025,13,1,41,37,1,1,WNW,11,,42,12,87,34,0,0,N
FCST,054702,221026,13,2,40,44,1,1,W,10,,42,18,88,34,0,0,N
FCST,054702,221027,13,2,31,55,1,1,NW,08,,41,20,81,42,0,6,N
FCST,054702,221028,13,0,38,33,1,1,WNW,05,,40,12,80,31,0,0,N
FCST,054702,221029,13,1,40,31,1,1,WNW,06,,41,16,64,30,0,0,N
FCST,054702,221030,13,1,40,31,1,1,WNW,09,,43,18,65,28,0,0,N
FCST,055305,221024,13,1,32,35,2,1,NNW,11,,32,13,80,34,3,0,N
FCST,055305,221025,13,1,44,34,1,1,W,09,,44,10,91,33,0,0,N
FCST,055305,221026,13,2,39,44,1,1,SW,12,,44,15,100,33,0,0,N
FCST,055305,221027,13,2,33,49,1,1,W,08,,39,18,96,43,0,0,N
FCST,055305,221028,13,0,41,31,1,1,SSW,05,,41,10,80,31,0,0,N
FCST,055305,221029,13,1,43,30,1,1,WSW,06,,43,13,80,29,0,0,N
FCST,055305,221030,13,1,43,30,1,1,WSW,07,,44,16,77,28,0,0,N
FCST,056005,221024,13,1,38,28,3,1,N,11,,39,19,82,27,3,0,N
FCST,056005,221025,13,0,50,29,1,1,SSW,08,,50,13,76,25,0,0,N
FCST,056005,221026,13,1,47,36,1,1,WSW,17,,50,22,84,29,0,0,N
FCST,056005,221027,13,2,40,46,1,2,WSW,11,,48,25,81,35,0,0,N
FCST,056005,221028,13,0,45,35,2,1,NNE,07,,45,18,80,35,0,0,N
FCST,056005,221029,13,1,47,34,1,1,SW,08,,48,19,74,32,0,0,N
FCST,056005,221030,13,1,48,33,1,1,SW,08,,49,21,77,31,0,0,N
FCST,052902,221024,13,1,43,25,3,1,NNW,10,,44,17,73,24,5,0,N
FCST,052902,221025,13,1,49,33,1,1,W,11,,49,18,77,24,0,0,N
FCST,052902,221026,13,2,46,39,1,1,WSW,12,,49,24,84,33,0,0,N
FCST,052902,221027,13,2,38,46,1,1,NE,09,,46,23,84,37,0,0,N
FCST,052902,221028,13,0,47,26,1,1,SSW,06,,47,16,73,26,0,0,N
FCST,052902,221029,13,1,50,24,1,1,W,08,,50,20,62,23,0,0,N
FCST,052902,221030,13,1,49,24,1,1,W,09,,51,22,65,22,0,0,N
FCST,053603,221024,13,1,47,24,1,1,ESE,07,,59,30,55,24,0,0,N
FCST,053603,221025,13,1,61,19,1,1,S,09,,61,30,41,18,0,0,N
FCST,053603,221026,13,1,58,24,1,1,S,11,,61,33,54,18,0,0,N
FCST,053603,221027,13,2,46,42,1,1,NNE,11,,58,35,54,23,0,0,N
FCST,053603,221028,13,0,52,24,1,1,SSE,08,,53,29,60,23,0,0,N
FCST,053603,221029,13,1,56,21,1,1,S,07,,57,32,43,21,0,0,N
FCST,053603,221030,13,1,57,20,1,1,S,08,,58,34,42,19,0,0,N
FCST,053904,221024,13,1,45,17,1,1,NW,06,,47,12,96,17,0,0,N
FCST,053904,221025,13,0,56,22,1,1,W,10,,56,16,73,16,0,0,N
FCST,053904,221026,13,1,54,27,1,1,WSW,11,,56,20,92,22,0,0,N
FCST,053904,221027,13,2,42,44,1,1,ENE,10,,54,21,92,27,0,0,N
FCST,053904,221028,13,0,49,25,1,1,SSW,06,,49,15,92,25,0,0,N
FCST,053904,221029,13,1,53,23,1,1,WSW,08,,53,16,77,23,0,0,N
FCST,053904,221030,13,1,53,22,1,1,WSW,08,,54,18,80,22,0,0,N
FCST,054001,221024,13,1,51,19,1,1,NE,07,,62,33,47,18,0,0,N
FCST,054001,221025,13,1,65,17,1,1,ENE,10,,65,31,41,16,0,0,N
FCST,054001,221026,13,1,63,20,1,1,SSW,10,,65,34,58,16,0,0,N
FCST,054001,221027,13,2,51,34,1,1,ENE,11,,63,37,54,20,0,0,N
FCST,054001,221028,13,0,56,23,1,1,E,09,,56,31,59,23,0,0,N
FCST,054001,221029,13,1,60,20,1,1,ESE,08,,60,34,45,19,0,0,N
FCST,054001,221030,13,1,61,18,1,1,ESE,09,,61,36,45,18,0,0,N
FCST,053903,221024,13,1,46,19,1,1,SE,01,,56,29,51,19,0,0,N
FCST,053903,221025,13,1,60,17,1,1,WSW,09,,62,28,44,17,0,0,N
FCST,053903,221026,13,1,56,23,1,1,SSW,10,,62,31,58,17,0,0,N
FCST,053903,221027,13,2,46,35,1,1,ENE,11,,59,33,58,22,0,0,N
FCST,053903,221028,13,0,52,20,1,1,S,07,,54,28,60,20,0,0,N
FCST,053903,221029,13,1,57,18,1,1,SSW,08,,59,30,47,17,0,0,N
FCST,053903,221030,13,1,58,17,1,1,SW,09,,60,32,43,16,0,0,N
FCST,054801,221024,13,1,35,30,1,1,NNE,05,,39,20,78,30,0,0,N
FCST,054801,221025,13,1,50,28,1,1,WSW,08,,50,22,52,26,0,0,N
FCST,054801,221026,13,1,49,30,1,1,SW,10,,50,25,65,27,0,0,N
FCST,054801,221027,13,2,36,54,1,1,ENE,09,,49,28,63,30,0,0,N
FCST,054801,221028,13,1,41,36,1,1,ENE,07,,41,22,77,34,0,0,N
FCST,054801,221029,13,1,46,29,1,1,SSW,07,,46,24,60,29,0,0,N
FCST,054801,221030,13,1,47,27,1,1,SSW,07,,47,26,51,27,0,0,N
FCST,055601,221024,13,1,38,23,1,1,NNW,08,,44,24,78,23,0,0,N
FCST,055601,221025,13,0,51,24,1,1,W,11,,52,23,54,20,0,0,N
FCST,055601,221026,13,1,50,27,1,1,SW,13,,52,29,63,23,0,0,N
FCST,055601,221027,13,2,39,41,1,1,SE,11,,51,31,61,26,0,0,N
FCST,055601,221028,13,1,44,28,1,1,NE,08,,46,24,68,27,0,0,N
FCST,055601,221029,13,1,47,25,1,1,WSW,10,,49,27,53,24,0,0,N
FCST,055601,221030,13,1,49,24,1,1,WSW,10,,50,29,53,22,0,0,N
FCST,056203,221024,13,2,41,31,2,1,NNE,08,,46,27,58,31,0,0,N
FCST,056203,221025,13,0,60,20,1,1,W,06,,60,26,50,20,0,0,N
FCST,056203,221026,13,1,57,23,1,1,SW,12,,60,31,58,20,0,0,N
FCST,056203,221027,13,2,45,37,1,1,NE,08,,57,34,52,23,0,0,N
FCST,056203,221028,13,1,48,32,1,1,NE,06,,48,27,69,31,0,0,N
FCST,056203,221029,13,1,54,25,1,1,SW,07,,54,29,53,24,0,0,N
FCST,056203,221030,13,1,55,23,1,1,SSW,06,,55,31,51,23,0,0,N
FCST,056202,221024,13,2,46,35,1,1,NNE,07,,68,33,61,22,0,0,N
FCST,056202,221025,13,0,63,14,1,1,ENE,05,,63,29,56,14,0,0,N
FCST,056202,221026,13,1,66,17,1,1,S,09,,66,31,63,14,0,0,N
FCST,056202,221027,13,2,54,30,1,1,N,11,,66,36,56,17,0,0,N
FCST,056202,221028,13,1,52,29,1,1,N,09,,55,30,72,29,0,0,N
FCST,056202,221029,13,1,57,23,1,1,SSE,07,,57,28,66,22,0,0,N
FCST,056202,221030,13,1,58,22,1,1,NNE,06,,58,31,61,21,0,0,N
FCST,056301,221024,13,2,51,30,1,1,NNE,12,,77,41,55,20,0,0,N
FCST,056301,221025,13,0,65,12,1,1,SSE,07,,65,29,60,12,0,0,N
FCST,056301,221026,13,1,66,19,1,1,S,14,,66,33,61,12,0,0,N
FCST,056301,221027,13,2,62,24,1,1,N,11,,66,39,57,19,0,0,N
FCST,056301,221028,13,1,56,27,1,1,N,11,,63,34,78,23,0,0,N
FCST,056301,221029,13,1,61,24,1,1,S,10,,61,32,69,24,0,0,N
FCST,056301,221030,13,1,63,21,1,1,SW,09,,63,33,72,21,0,0,N
FCST,053501,221024,13,1,45,25,1,1,NNW,10,,62,27,72,23,0,0,N
FCST,053501,221025,13,1,58,21,1,1,ENE,09,,59,25,50,21,0,0,N
FCST,053501,221026,13,2,54,27,1,1,S,13,,59,28,66,21,0,0,N
FCST,053501,221027,13,2,42,48,1,1,N,16,,55,30,72,26,0,0,N
FCST,053501,221028,13,0,50,25,1,1,N,10,,51,26,75,24,0,0,N
FCST,053501,221029,13,1,54,24,1,1,S,11,,55,27,65,23,0,0,N
FCST,053501,221030,13,1,56,19,1,1,SW,09,,57,28,55,19,0,0,N
FCST,056501,221024,13,2,33,37,3,1,NW,11,,35,9,96,36,7,0,N
FCST,056501,221025,13,2,43,39,1,1,W,13,,43,8,100,35,0,0,N
FCST,056501,221026,13,2,41,41,1,1,WSW,12,,43,14,100,38,0,0,N
FCST,056501,221027,13,2,33,46,1,1,N,09,,41,16,100,41,0,0,N
FCST,056501,221028,13,0,43,27,1,1,WNW,06,,43,7,96,27,0,0,N
FCST,056501,221029,13,1,45,27,1,1,W,09,,45,12,80,25,0,0,N
FCST,056501,221030,13,1,44,27,1,1,W,10,,46,14,84,26,0,0,N
FCST,053605,221024,13,1,38,23,2,1,N,06,,44,21,62,23,0,0,N
FCST,053605,221025,13,1,50,26,1,1,W,10,,50,24,46,22,0,0,N
FCST,053605,221026,13,2,48,29,1,1,SW,12,,50,28,60,25,0,0,N
FCST,053605,221027,13,2,33,56,1,1,N,12,,49,28,63,29,0,0,N
FCST,053605,221028,13,0,42,27,1,1,E,09,,43,22,74,26,0,0,N
FCST,053605,221029,13,1,47,25,1,1,SSW,08,,48,25,48,24,0,0,N
FCST,053605,221030,13,1,46,23,1,1,SSW,09,,49,28,48,21,0,0,N
FCST,053905,221024,13,1,36,27,2,1,NW,10,,41,12,84,24,0,0,N
FCST,053905,221025,13,1,46,30,1,1,W,11,,49,16,64,23,0,0,N
FCST,053905,221026,13,2,44,38,1,1,WSW,12,,49,23,71,27,0,0,N
FCST,053905,221027,13,,34,53,1,1,E,08,,46,22,74,35,0,0,N
FCST,053905,221028,13,0,41,31,1,1,SW,06,,44,15,77,29,0,0,N
FCST,053905,221029,13,1,44,29,1,1,SW,08,,47,19,55,25,0,0,N
FCST,053905,221030,13,1,44,26,1,1,WSW,09,,49,21,57,23,0,0,N
