FNUS81 KRLX 220235
FWMRLX

FCST,461601,221022,13,1,68,42,1,1,S,03,,68,40,82,34,0,0,N
FCST,461601,221023,13,1,68,45,1,1,SE,02,,69,41,95,40,0,0,N
FCST,461601,221024,13,0,69,53,1,1,SSE,01,,69,45,100,43,0,0,N
FCST,461601,221025,13,1,71,55,1,1,S,03,,71,47,100,50,0,0,N
FCST,461601,221026,13,2,68,68,1,1,SSW,05,,72,54,93,53,0,0,N
FCST,461601,221027,13,1,63,65,1,1,NW,03,,68,50,100,65,0,0,N
FCST,461601,221028,13,2,65,65,1,1,SW,03,,65,47,100,61,0,0,N
FCST,463301,221022,13,0,68,39,1,1,SSW,02,,68,40,79,31,0,0,N
FCST,463301,221023,13,1,68,42,1,1,N,02,,69,40,87,39,0,0,N
FCST,463301,221024,13,0,70,49,1,1,W,01,,70,46,97,41,0,0,N
FCST,463301,221025,13,1,72,51,1,1,SSW,03,,72,48,96,47,0,0,N
FCST,463301,221026,13,2,69,66,1,1,SSW,05,,73,55,91,50,0,0,N
FCST,463301,221027,13,1,64,63,1,1,NNW,03,,69,50,100,63,0,0,N
FCST,463301,221028,13,1,65,65,1,1,WSW,03,,65,48,98,60,0,0,N
FCST,464203,221022,13,1,60,41,1,1,S,02,,60,37,73,35,0,0,N
FCST,464203,221023,13,1,61,42,1,1,ESE,02,,61,37,84,41,0,0,N
FCST,464203,221024,13,1,64,52,1,1,SE,01,,64,43,96,42,0,0,N
FCST,464203,221025,13,2,63,60,1,1,SSE,03,,65,45,93,49,0,0,N
FCST,464203,221026,13,2,60,75,1,1,S,04,,64,50,97,59,0,0,N
FCST,464203,221027,13,1,61,62,1,1,SSE,03,,61,47,98,62,0,0,N
FCST,464203,221028,13,2,60,67,1,1,SSW,04,,62,45,96,61,0,0,N
FCST,463001,221022,13,0,70,41,1,1,S,03,,70,40,82,31,0,0,N
FCST,463001,221023,13,1,71,41,1,1,SSE,02,,72,42,95,41,0,0,N
FCST,463001,221024,13,1,71,46,1,1,S,01,,73,44,100,37,0,0,N
FCST,463001,221025,13,1,73,49,1,1,S,03,,74,48,100,40,0,0,N
FCST,463001,221026,13,1,70,61,1,1,SSW,06,,74,55,93,46,0,0,N
FCST,463001,221027,13,1,65,56,1,1,NNW,02,,71,48,98,56,0,0,N
FCST,463001,221028,13,1,66,63,1,1,S,02,,67,48,100,51,0,0,N
FCST,463802,221022,13,1,70,42,1,1,S,02,,70,43,79,32,0,0,N
FCST,463802,221023,13,1,69,42,1,1,ESE,02,,71,44,85,42,0,0,N
FCST,463802,221024,13,1,71,47,1,1,S,01,,71,47,97,40,0,0,N
FCST,463802,221025,13,1,72,53,1,1,S,03,,72,50,97,45,0,0,N
FCST,463802,221026,13,1,70,63,1,1,SSW,06,,73,57,93,51,0,0,N
FCST,463802,221027,13,1,64,63,1,1,N,03,,70,51,100,62,0,0,N
FCST,463802,221028,13,1,66,65,1,1,SSW,03,,66,49,100,60,0,0,N
FCST,464901,221022,13,1,64,38,1,1,SSE,04,,64,38,79,34,0,0,N
FCST,464901,221023,13,1,64,40,1,1,ESE,04,,65,40,85,38,0,0,N
FCST,464901,221024,13,1,66,47,1,1,SE,04,,66,46,89,39,0,0,N
FCST,464901,221025,13,2,66,54,1,1,SSE,07,,68,49,91,45,0,0,N
FCST,464901,221026,13,2,65,63,1,1,S,08,,68,55,91,52,0,0,N
FCST,464901,221027,13,1,61,62,1,1,N,05,,66,49,94,60,0,0,N
FCST,464901,221028,13,2,62,62,1,1,S,06,,62,48,91,59,0,0,N
FCST,464601,221022,13,1,67,43,1,1,S,02,,67,43,76,32,0,0,N
FCST,464601,221023,13,0,68,42,1,1,SE,02,,69,44,84,42,0,0,N
FCST,464601,221024,13,1,69,47,1,1,SSE,01,,70,48,96,39,0,0,N
FCST,464601,221025,13,1,71,51,1,1,SSE,03,,71,50,99,43,0,0,N
FCST,464601,221026,13,1,69,61,1,1,SSW,06,,72,57,94,49,0,0,N
FCST,464601,221027,13,1,63,65,1,1,NNE,03,,69,51,100,59,0,0,N
FCST,464601,221028,13,1,65,65,1,1,S,03,,65,50,100,60,0,0,N
FCST,465201,221022,13,1,68,40,1,1,SE,02,,68,38,82,33,0,0,N
FCST,465201,221023,13,0,68,42,1,1,E,02,,69,40,87,39,0,0,N
FCST,465201,221024,13,0,69,49,1,1,E,01,,69,45,96,41,0,0,N
FCST,465201,221025,13,1,71,53,1,1,SSE,03,,71,47,100,47,0,0,N
FCST,465201,221026,13,1,69,66,1,1,SSW,06,,72,55,94,52,0,0,N
FCST,465201,221027,13,1,65,65,1,1,NNE,03,,70,48,100,64,0,0,N
FCST,465201,221028,13,1,67,65,1,1,SSW,03,,67,48,100,63,0,0,N
FCST,338401,221022,13,1,70,41,1,1,S,02,,70,42,79,30,0,0,N
FCST,338401,221023,13,1,72,39,1,1,SSE,01,,72,44,91,39,0,0,N
FCST,338401,221024,13,1,73,40,1,1,S,01,,74,46,93,37,0,0,N
FCST,338401,221025,13,1,73,46,1,1,S,02,,75,48,95,36,0,0,N
FCST,338401,221026,13,2,69,59,1,1,SW,04,,75,56,90,43,0,0,N
FCST,338401,221027,13,1,65,54,1,1,N,01,,69,48,97,54,0,0,N
FCST,338401,221028,13,1,66,58,1,1,S,01,,67,48,97,50,0,0,N
FCST,338403,221022,13,1,69,42,1,1,S,04,,69,39,82,30,0,0,N
FCST,338403,221023,13,1,72,39,1,1,SSE,02,,72,42,94,39,0,0,N
FCST,338403,221024,13,1,72,41,1,1,S,01,,74,43,97,37,0,0,N
FCST,338403,221025,13,1,72,46,1,1,S,03,,74,46,98,38,0,0,N
FCST,338403,221026,13,2,69,59,1,1,SSW,05,,73,54,93,44,0,0,N
FCST,338403,221027,13,1,63,58,1,1,NW,02,,69,47,97,56,0,0,N
FCST,338403,221028,13,2,65,58,1,1,S,02,,65,46,100,53,0,0,N
FCST,464302,221022,13,1,71,42,1,1,S,04,,71,42,79,31,0,0,N
FCST,464302,221023,13,1,72,41,1,1,SSE,02,,73,43,88,41,0,0,N
FCST,464302,221024,13,1,73,43,1,1,S,01,,74,45,96,38,0,0,N
FCST,464302,221025,13,1,74,48,1,1,S,03,,75,47,100,40,0,0,N
FCST,464302,221026,13,1,71,57,1,1,SW,06,,75,56,88,44,0,0,N
FCST,464302,221027,13,1,66,58,1,1,NNE,03,,71,48,100,56,0,0,N
FCST,464302,221028,13,1,68,59,1,1,S,03,,68,48,98,53,0,0,N
FCST,338201,221022,13,0,69,39,1,1,S,03,,69,40,82,27,0,0,N
FCST,338201,221023,13,1,71,38,1,1,SSE,02,,71,43,91,38,0,0,N
FCST,338201,221024,13,1,71,39,1,1,S,01,,73,44,93,35,0,0,N
FCST,338201,221025,13,1,71,44,1,1,S,03,,73,47,98,36,0,0,N
FCST,338201,221026,13,2,68,57,1,1,SSW,05,,73,54,91,41,0,0,N
FCST,338201,221027,13,1,63,54,1,1,NW,02,,69,47,97,52,0,0,N
FCST,338201,221028,13,2,65,56,1,1,S,02,,65,47,98,50,0,0,N
