UMUS72 KAWN 220000 RRX
TTAA 72001 72248 99002 28468 19008 00101 28067 18015 92784 21463
 20518 85507 14458 21016 70121 07899 26512 50581 09788 25022 40749
 22388 28029 30953 39368 30037 25075 47364 31563 20220 55566 31080
 15400 62771 30563 10644 70569 30032 88103 70569 30534 77200 31081
 41718 31313 45408 82303 51515 10164 00091 10194 20016 26510=
TTAA 72001 72274 99925 32074 30504 00049 ///// ///// 92750 31874
 31007 85497 23267 27509 70143 07439 25012 50583 08377 26039 40752
 20965 24541 30958 35144 26073 25083 45922 26087 20228 55562 25594
 15408 64367 25561 10649 70166 25536 88126 70563 26056 77230 25600
 41808 31313 44108 82305=
TTAA 72001 72364 99873 26871 26509 00043 ///// ///// 92745 /////
 ///// 85492 23067 25011 70136 07656 28019 50583 08369 27537 40752
 19772 25033 30959 35157 27561 25084 44556 27579 20229 55358 27085
 15408 65361 26559 10649 71560 28038 88121 71559 27559 77189 26589
 40824 31313 45408 82306 51515 10164 00003 10194 27011 28026=
TTAA 72001 72402 99020 14056 15504 00174 14859 15009 92826 09261
 19007 85520 06678 32505 70099 01070 22015 50572 15174 22513 40736
 28576 22013 30936 41176 27503 25059 47575 21510 20204 53577 20018
 15387 60179 21516 10639 63378 25030 88151 60179 22016 77999 31313
 45408 82300 51515 10164 00091 10194 17004 22009=
