UMUS14 KAWN 220000 RRH
TTBB 72008 72261 00975 27665 11891 20262 22879 20470 33862 19469
 44856 20272 55843 19882 66829 18684 77800 16072 88748 11068 99738
 11077 11732 10476 22693 10297 33641 06284 44611 05087 55578 02485
 66525 04174 77499 06378 88358 25972 99322 31167 11317 31771 22313
 31775 33287 36972 44281 37372 55278 38169 66267 40357 77260 41757
 88254 42761 99252 42960 11219 51358 22217 51758 33213 52362 44209
 53560 55206 53762 66203 54561 77199 55756 88197 56157 99193 56364
 11187 57564 22178 58968 33154 66761 44148 67960 55144 66165 66140
 66368 77127 69166 88120 71963 99118 71763 11109 74363 22100 74762
 21212 00975 17507 11968 14010 22908 16019 33885 17015 44854 21513
 55829 21513 66800 25013 77739 27018 88698 31014 99654 29518 11606
 31020 22579 28017 33530 28524 44489 27021 55457 29527 66398 28021
 77367 27529 88337 29042 99316 28552 11279 31064 22232 30077 33188
 29580 44110 28553 55100 29536 31313 42408 82305 41414 ///// 51515
 10164 00091 10194 16515 26014=
TTBB 72008 72476 00847 21274 11842 20074 22643 00264 33533 09386
 44434 20360 55406 23771 66356 32162 77287 43167 88250 49361 99233
 51966 11227 51569 22207 53574 33200 52778 44164 57978 55146 61577
 66113 64376 77110 63776 88100 65775 21212 00847 20003 11838 24501
 22815 27004 33797 29007 44787 28009 55759 26018 66618 22521 77609
 23521 88470 26537 99374 30021 11319 29016 22301 27521 33270 32517
 44255 31010 55247 32505 66196 28049 77174 27034 88158 27040 99146
 27034 11128 28043 22116 26038 33100 27541 31313 45408 82302 41414
 00908 51515 10164 00091 10194 24518 23519=
