UMUS72 KAWN 220000 RRR
TTBB 72008 72235 00004 23865 11002 25266 22904 17260 33831 10446
 44814 09050 55808 08656 66795 08258 77765 05856 88750 05058 99749
 05058 11747 05868 22746 06069 33722 04672 44712 06281 55707 06076
 66680 04886 77655 03282 88645 03286 99618 00684 11611 00490 22586
 01181 33580 01182 44548 04969 55532 06970 66524 07365 77480 13162
 88459 15961 99442 17564 11439 17566 22436 17572 33432 17773 44403
 21773 55353 30564 66328 34368 77289 41362 88284 42364 99259 47760
 11245 50159 22238 51956 33227 53758 44225 53959 55221 54758 66218
 55161 77211 56362 88202 57167 99201 57169 11196 56770 22186 57970
 33183 57371 44169 58771 55168 58572 66153 60971 77149 62170 88145
 62170 99138 64169 11136 63970 22131 64970 33130 64770 44113 69767
 55111 70166 66106 68168 77100 69167 21212 00004 18007 11996 19510
 22934 19014 33901 21016 44836 21516 55761 28522 66721 26510 77639
 32513 88527 34521 99490 33525 11425 32013 22411 30514 33401 31515
 44392 30519 55307 29012 66292 27010 77234 29011 88230 27514 99193
 30548 11159 30533 22140 28026 33137 29020 44120 28536 55100 30526
 31313 44108 82301 41414 00900 51515 10164 00006 10194 20014 25515=
TTBB 72008 72476 00847 21274 11842 20074 22643 00264 33533 09386
 44434 20360 55406 23771 66356 32162 77287 43167 88250 49361 99233
 51966 11227 51569 22207 53574 33200 52778 44164 57978 55146 61577
 66113 64376 77110 63776 88100 65775 21212 00847 20003 11838 24501
 22815 27004 33797 29007 44787 28009 55759 26018 66618 22521 77609
 23521 88470 26537 99374 30021 11319 29016 22301 27521 33270 32517
 44255 31010 55247 32505 66196 28049 77174 27034 88158 27040 99146
 27034 11128 28043 22116 26038 33100 27541 31313 45408 82302 41414
 00908 51515 10164 00091 10194 24518 23519=
