UMUS14 KAWN 220000 RRM
TTBB 72008 72249 00985 31476 11801 14465 22767 11467 33763 11269
 44752 11074 55751 11074 66704 06270 77676 06686 88609 01891 99515
 05784 11490 08576 22476 10184 33474 10375 44446 14568 55439 15571
 66435 15966 77428 17168 88389 23761 99369 26365 11364 27164 22339
 31561 33309 37348 44308 37547 55305 37950 66304 37958 77303 38157
 88300 38557 99299 38560 11296 38961 22295 38965 33291 39362 44285
 40362 55277 41763 66226 52358 77223 52561 88219 52763 99210 53765
 11164 63164 22155 64365 33154 64565 44137 65967 55132 67966 66120
 68766 77114 66769 88100 68768 21212 00985 17012 11870 21026 22860
 21525 33784 22024 44755 24526 55699 23520 66679 27023 77641 26515
 88599 29023 99490 28027 11428 29530 22389 28534 33350 30547 44178
 29579 55151 29072 66140 29570 77134 30561 88126 28551 99122 28058
 11118 28564 22110 31048 33102 30533 44100 30033 31313 44108 82305
 41414 00900 51515 10164 00091 10194 19522 23023=
TTBB 72008 72365 00835 23873 11830 22673 22823 21872 33641 01458
 44533 06780 55502 10350 66499 10550 77492 09960 88487 10559 99458
 14557 11441 16559 22431 17757 33116 69566 44108 67567 55100 69967
 21212 00835 26510 11818 26516 22789 25522 33762 26520 44719 28513
 55681 27514 66645 29517 77612 28528 88494 27550 99474 27545 11318
 26067 22239 28078 33176 27086 44154 26066 55115 28042 66100 30048
 31313 45408 82306 41414 00900 51515 10164 00004 10194 ///// 28522=
