UMUS72 KAWN 220000 RRX
TTBB 72008 72208 00018 17661 11004 17061 22996 16461 33963 13860
 44939 12462 55861 05858 66854 05861 77847 08281 88834 08099 99804
 07266 11730 03274 22702 01267 33692 00870 44639 03565 55195 51381
 66115 62378 77107 62978 88100 62378 21212 00018 08002 11007 10010
 22984 09009 33964 11506 44949 05504 55940 01007 66916 34508 77906
 35507 88893 00507 99883 35507 11859 33006 22839 33510 33829 31507
 44821 36007 55812 34001 66792 09003 77785 01003 88776 32005 99757
 26003 11689 32509 22653 29007 33639 32508 44633 31007 55609 31507
 66565 33005 77519 26504 88510 30506 99469 23509 11426 27508 22386
 24010 33373 28008 44354 25504 55345 27005 66329 25004 77315 30504
 88311 29506 99281 36022 11278 00522 22275 00521 33269 36015 44263
 00509 55239 35008 66236 00509 77233 36013 88228 00518 99223 36022
 11198 32003 22191 28008 33186 29008 44177 24003 55170 30007 66162
 26010 77160 27508 88153 23015 99136 26020 11125 24012 22121 25009
 33116 22514 44101 24027 55100 24525 31313 45408 82306 41414 00900
 51515 10164 00091 10194 03004 32003=
TTAA 72001 72786 99921 05206 22508 00049 ///// ///// 92/// /////
 ///// 85378 00617 26027 70908 08311 27021 50548 18524 28062 40711
 28929 25579 30910 44762 25572 25030 49362 25573 20176 49967 26567
 15363 52774 27064 10621 56378 27544 88239 49962 26076 77418 25582
 43112 31313 45408 82319 51515 10164 00011 10194 27527 27525=
