UMUS72 KAWN 220000 RRX
TTBB 72008 72712 00995 08858 11978 09861 22959 08862 33849 00156
 44841 00557 55812 02082 66798 01486 77763 00258 88717 01175 99693
 01969 11651 03399 22580 08168 33507 14969 44472 18963 55425 24183
 66304 43560 77285 45162 88258 49759 99225 53566 11223 53566 22210
 52968 33191 55172 44176 54177 55134 59579 66132 58980 77125 57780
 88107 59979 99100 59579 21212 00995 18502 11972 20019 22947 21022
 33913 21524 44880 22025 55843 23521 66800 27026 77786 26525 88748
 25522 99738 27018 11604 23541 22583 24035 33510 23538 44483 24542
 55379 29014 66315 30026 77290 29025 88276 31030 99265 31036 11239
 25521 22170 23552 33139 24038 44135 24544 55118 24529 66111 24037
 77107 25035 88104 24528 99100 24531 31313 45408 82303 41414 00900
 51515 10164 00091 10194 22023 26024=
TTBB 72008 72747 00959 12062 11953 12864 22923 11266 33765 03157
 44654 06773 55560 12546 66540 13756 77426 23533 88370 31338 99338
 36527 11254 53343 22234 58146 33200 49360 44171 51963 55165 51164
 66133 56368 77127 56770 88119 55971 99114 56772 11109 55973 22101
 58574 33100 58574 21212 00959 23503 11949 28010 22931 27513 33898
 27516 44866 27016 55807 27515 66775 27017 77707 29035 88650 28038
 99592 29045 11468 27572 22447 27061 33394 26075 44291 27089 55267
 27090 66223 26573 77214 26588 88200 27069 99182 25562 11170 26567
 22156 26047 33139 26556 44117 28537 55105 24535 66100 25544 31313
 45408 82302 41414 60911 51515 10164 00011 10194 27516 28027=
