UMUS14 KAWN 220000 RRO
TTBB 72008 72376 00783 16465 11780 15865 22771 14865 33650 01049
 44643 00250 55620 00676 66583 01779 77550 05558 88521 07375 99449
 16147 11436 17557 22351 30144 33125 66967 44112 64369 55104 67570
 66103 67570 77100 66969 21212 00783 24508 11763 25017 22736 24514
 33710 24513 44669 22012 55612 25030 66579 24535 77506 26042 88386
 25063 99249 26589 11197 26089 22170 25080 33111 27542 44100 26031
 31313 45408 82316 41414 21800 51515 10164 00091 10194 ///// 25029=
TTAA 72001 72376 99783 16465 24508 00047 ///// ///// 92/// /////
 ///// 85/// ///// ///// 70114 06058 24514 50579 10162 26044 40747
 22356 25063 30951 38158 25579 25074 45564 26589 20220 54365 26087
 15400 64165 25574 10646 66969 26031 88125 66967 26560 77249 26589
 41611 31313 45408 82316 51515 10164 00091 10194 ///// 25029=
TTAA 72001 72768 99921 09242 06507 00001 ///// ///// 92/// /////
 ///// 85346 03425 17503 70902 04132 29525 50549 16923 26547 40714
 25930 27065 30916 41533 26081 25036 52535 26590 20178 56356 26083
 15363 53564 27051 10620 57574 30022 88214 60338 26097 88119 57769
 26553 77213 26098 40838 31313 45408 82305 51515 10164 00009 10194
 30015 29527=
TTAA 72001 72776 99873 09656 23507 00509 ///// ///// 92651 /////
 ///// 85355 09060 25022 70923 04528 27043 50551 15321 25557 40717
 26122 26069 30918 41548 26082 25039 52734 26092 20180 56350 26585
 15364 53162 28056 10622 58570 27032 88213 59729 25086 77206 25593
 40429 31313 45408 82319 51515 10164 00009 10194 27034 26542=
