UMUS72 KAWN 220000 RRX
TTBB 72008 72215 00990 15860 11983 18465 22959 17068 33867 09063
 44829 08871 55757 04264 66705 02074 77699 03088 88635 00999 99448
 18358 11412 22960 22388 26557 33369 28560 44349 31158 55270 45160
 66221 55557 77217 56158 88208 54960 99193 56562 11188 56164 22148
 62768 33140 61769 44126 65170 55125 65170 66107 64372 77104 63572
 88100 63973 21212 00990 00000 11983 28502 22977 10001 33969 02002
 44949 13501 55916 23501 66884 23005 77793 33009 88744 34513 99727
 36013 11718 36013 22700 01005 33691 28501 44682 00504 55664 36009
 66632 00512 77611 35515 88571 36017 99564 36018 11528 36023 22520
 35523 33496 34531 44457 35531 55452 36033 66389 36036 77385 36037
 88294 02045 99242 00549 11212 36039 22201 34053 33180 36041 44177
 36041 55167 35532 66146 00525 77144 35023 88121 32037 99101 29517
 11100 30516 31313 45408 82310 41414 00900 51515 10164 00014 10194
 28002 34010=
TTAA 72001 72215 99990 15860 00000 00157 ///// ///// 92820 14066
 20001 85525 08666 32502 70110 02884 01005 50576 12362 34531 40742
 24759 35535 30945 39958 02045 25067 49359 01050 20210 55961 34052
 15391 62568 00531 10640 63973 30516 88126 65170 32036 77999 31313
 45408 82310 51515 10164 00014 10194 28002 34010=
TTAA 72001 72662 99882 20274 18005 00563 ///// ///// 92/// /////
 ///// 85349 19476 19015 70978 05667 27018 50563 11968 26541 40730
 24156 27034 30933 40363 29536 25054 51759 30041 20195 61956 28554
 15378 57762 28042 10629 62570 26531 88198 62156 29056 88115 63767
 27029 77192 29563 41529 31313 45408 82324 51515 10164 00091 10194
 26013 27023=
