UMUS72 KAWN 220000 RRX
TTBB 72008 72393 00000 14011 11998 15024 22984 12808 33950 10800
 44942 14635 55941 14256 66938 15860 77936 20066 88894 21075 99837
 18275 11651 00164 22645 00471 33616 00279 44563 05376 55551 06965
 66530 08574 77456 18365 88370 28776 99303 39172 11249 46773 22232
 47777 33143 62570 44123 65569 55100 66170 21212 00000 30004 11954
 24502 22854 31010 33813 34510 44486 04512 55460 06514 66439 03014
 77428 03511 88421 01512 99414 04014 11391 02009 22385 03010 33380
 05011 44341 04524 55325 06026 66311 05527 77287 03010 88270 17002
 99264 23010 11260 24510 22249 22010 33234 24017 44228 22519 55220
 25013 66203 24021 77191 25016 88171 21013 99156 24015 11147 23512
 22141 20513 33136 20509 44125 21024 55110 24013 66109 26012 77106
 22512 88100 22512 31313 44108 82321 41414 /////=
TTAA 72001 72393 99000 14011 30004 00099 ///// ///// 92757 20271
 27005 85485 19074 31509 70110 05065 03508 50577 12166 07508 40743
 25176 03515 30946 39373 04019 25069 46373 22009 20215 52975 24522
 15397 61171 23011 10645 66170 22511 88123 65569 21523 77999 31313
 44108 82321=
TTBB 72008 72489 00844 23479 11840 22680 22832 21879 33652 00864
 44634 00966 55624 00173 66619 00471 77591 01965 88565 03775 99414
 21314 11409 21728 22404 21158 33366 26374 44320 35156 55284 41163
 66260 46156 77185 62158 88183 62159 99175 58760 11140 63364 22134
 62565 33120 66566 44119 66566 55113 65568 66112 65568 77105 67768
 88100 66570 21212 00844 25518 11816 26023 22788 25523 33761 25527
 44657 25019 55623 27520 66610 26515 77582 25013 88570 27012 99508
 30022 11473 29515 22409 33033 33348 31017 44222 34551 55167 28516
 66162 27523 77138 30537 88134 31032 99125 28016 11121 27021 22114
 28525 33109 25526 44103 27531 55100 26525 31313 45408 82306 41414
 10952 51515 10164 00008 10194 25522 26018=
