UMUS72 KAWN 220000 RRX
TTBB 72008 72274 00925 32074 11920 30072 22775 15661 33689 06028
 44685 06050 55678 05243 66675 05057 77670 04657 88668 04457 99649
 03871 11632 02666 22621 02271 33614 01470 44601 00063 55588 01168
 66578 02163 77571 02965 88556 04762 99540 05566 11537 05567 22522
 06573 33503 08367 44499 08378 55496 08577 66485 09964 77475 11362
 88454 14163 99450 14958 11447 15357 22442 16156 33439 16557 44434
 16960 55419 18565 66417 18765 77387 22764 88354 27166 99348 27771
 11345 27764 22340 28560 33339 28763 44335 29360 55332 29956 66331
 29939 77329 30336 88328 30356 99327 30556 11312 33336 22307 33740
 33306 33950 44305 34340 55301 34941 66295 35757 77294 36156 88292
 36358 99285 37556 11276 39545 22271 40757 33267 41739 44263 42534
 55259 43931 66257 44124 77255 44539 88249 45921 99247 46356 11246
 46358 22244 46364 33243 46166 44231 48558 55228 48961 66225 49560
 77213 52166 88200 55562 99190 57166 11171 61763 22166 62365 33165
 62365 44164 62366 55157 63566 66155 63367 77127 70363 88126 70563
 99102 71565 11100 70166 21212 00925 30504 11897 29514 22834 27012
 33798 23510 44780 23005 55742 24010 66735 22510 77715 23011 88704
 25012 99682 21516 11669 24021 22641 24023 33612 26527 44543 24531
 55506 25541 66434 26035 77408 24538 88230 25600 99173 26093 11156
 25560 22131 26561 33123 26053 44117 25062 55113 25566 66108 26553
 77100 25536 31313 44108 82305 41414 21902 51515 10164 00091 10194
 29012 24509=
