UMUS72 KAWN 220000 RRP
TTBB 72008 72363 00883 27280 11871 26080 22870 26080 33729 11470
 44625 04695 55448 16157 66436 17758 77375 27150 88328 33360 99291
 40557 11157 63762 22150 62763 33133 66562 44105 68163 55101 68363
 66100 68163 21212 00883 25513 11843 24520 22815 25025 33786 24525
 44731 24525 55672 27023 66654 26021 77610 28024 88598 29026 99480
 27549 11449 28043 22379 28554 33322 27568 44190 28587 55140 29566
 66124 28050 77118 29041 88103 28030 99100 27034 31313 45408 82302
 41414 00900 51515 10164 00091 10194 24527 26024=
TTBB 72008 72451 00913 26480 11901 26881 22819 19275 33795 17679
 44793 17882 55747 14488 66615 00575 77606 01179 88603 00980 99510
 08585 11493 10769 22453 16573 33446 17371 44444 17565 55437 18763
 66425 20765 77416 22160 88410 23161 99404 23968 11397 24967 22394
 25360 33372 29150 44370 29556 55358 31923 66353 32919 77348 33514
 88346 33912 99344 34310 11341 34727 22330 36713 33326 37524 44323
 37920 55321 38308 66319 38721 77311 40112 88306 41130 99304 41525
 11302 42149 22295 43536 33292 44139 44291 44347 55290 44556 66288
 44948 77284 45557 88282 45757 99281 45963 11278 45769 22271 47165
 33257 48369 44255 47971 55231 50173 66219 51573 77201 54971 88192
 55372 99185 56971 11170 58372 22163 59372 33160 58774 44154 59174
 55150 60373 66149 60373 77148 59574 88143 60574 99140 60374 11130
 63171 22129 62772 33122 64171 44105 65172 55104 63373 66100 63773
 21212 00913 10502 11886 19010 22799 23011 33770 22514 44733 22011
 55667 25011 66643 23011 77627 24012 88582 26520 99515 26532 11442
 29027 22410 28027 33389 27033 44298 26048 55264 27554 66195 28075
 77148 28542 88108 28026 99100 27028 31313 44108 82303 41414 00900
 51515 10164 00091 10194 19010 22012=
