UMUS72 KAWN 220000 RRX
TTBB 72008 72206 00017 15258 11003 17464 22987 16465 33893 09863
 44884 09465 55818 08063 66733 04272 77639 04563 88593 07969 99558
 11962 11527 14767 22515 16364 33334 36785 44117 63178 55104 64378
 66100 63578 21212 00017 00000 11006 06010 22983 05509 33977 06509
 44949 04010 55933 35010 66916 34010 77901 33009 88878 35008 99868
 01507 11813 17001 22792 33003 33783 35004 44773 28503 55745 33505
 66725 15002 77715 31501 88697 28006 99686 30502 11679 28002 22670
 34504 33651 00506 44634 04006 55626 01506 66619 36009 77610 35004
 88603 08501 99596 01501 11588 33503 22575 36008 33563 35510 44557
 34009 55537 36008 66524 33008 77512 35010 88500 36007 99490 36005
 11467 33507 22431 35512 33416 34012 44367 36028 55363 36030 66345
 00521 77311 36032 88307 00533 99292 35522 11274 34020 22260 35024
 33215 34030 44200 31018 55195 32018 66190 30011 77177 31023 88137
 27537 99133 26028 11125 27017 22121 26023 33114 28034 44111 29523
 55107 26517 66100 24527 31313 45408 82313 41414 00901 51515 10164
 00091 10194 02008 34002=
TTAA 72001 72357 99966 29475 18008 00035 ///// ///// 92727 26676
 19027 85463 20072 20530 70093 07276 23536 50577 08981 27534 40746
 23158 27545 30949 39366 29555 25072 48557 29074 20216 55567 29088
 15396 62570 29562 10642 67369 29046 88124 66169 29041 77203 29089
 41712 31313 44108 82311=
