UMUS72 KAWN 220000 RRC
TTAA 72001 72265 99911 28074 26012 00044 ///// ///// 92/// /////
 ///// 85483 21670 25517 70121 10290 28030 50583 08172 28027 40752
 20170 28036 30958 36369 27549 25082 44366 29581 20228 55561 29084
 15407 65165 28072 10648 70764 28538 88124 70563 29059 77179 28594
 40824 31313 45408 82302 51515 10164 00091 10194 25016 28025=
TTAA 72001 72451 99913 26480 10502 00521 ///// ///// 92677 /////
 ///// 85417 22278 20014 70063 09483 23510 50574 09770 27028 40741
 24567 27530 30943 42542 26547 25064 48572 27563 20209 54971 28071
 15391 60373 29044 10640 63773 27028 88122 64171 28036 77195 28075
 40817 31313 44108 82303=
TTAA 7200/ 72469 51515 10159=
TTAA 72001 72476 99847 21274 20003 00015 ///// ///// 92/// /////
 ///// 85/// ///// ///// 70075 06669 24018 50573 11980 27032 40739
 24570 28024 30941 41364 27521 25063 49561 32006 20207 52779 27549
 15389 60777 26536 10638 65775 27541 88146 61577 27035 77999 31313
 45408 82302 51515 10164 00091 10194 24518 23519=
TTAA 7200/ 72518 51515 10159=
TTAA 72001 72572 99864 24680 18006 00506 ///// ///// 92/// /////
 ///// 85431 21882 28510 70063 06068 22008 50571 11558 27529 40739
 23165 31022 30942 39967 31018 25064 50161 35525 20207 55962 29523
 15387 58571 28032 10638 64176 27533 88173 59566 26530 77999 31313
 45408 82304 51515 10164 00091 10194 24008 21512=
TTAA 72001 72597 99963 21863 33004 00075 ///// ///// 92748 17861
 28508 85464 11249 25512 70056 03068 27530 50572 10318 29045 40741
 20956 28546 30946 37956 30056 25069 47956 30076 20212 60940 30072
 15390 63966 28556 10638 66570 28040 88193 62930 30070 88116 66768
 29558 77227 30579 40912 31313 44108 82301=
