UMUS72 KAWN 220000 RRX
TTBB 72008 72634 00951 15461 11945 15662 22920 15063 33863 11061
 44770 07466 55730 04662 66717 04064 77657 00156 88640 00759 99576
 07342 11543 10356 22484 15541 33407 24550 44366 30936 55347 33750
 66318 38932 77267 47762 88246 50760 99216 53962 11208 52166 22139
 62571 33123 59375 44101 61975 55100 62175 21212 00951 21008 11934
 21024 22901 21537 33869 23044 44847 24552 55780 26535 66620 26548
 77601 26543 88471 27033 99323 27543 11287 26049 22225 27058 33210
 26553 44184 26562 55164 26054 66148 27046 77140 26552 88128 27542
 99123 25541 11106 26535 22100 24028 31313 45408 82307 41414 20968
 51515 10164 00008 10194 24544 26539=
TTBB 72008 72768 00921 09242 11915 07850 22849 03425 33842 03826
 44746 01915 55631 07933 66504 16521 77214 60338 88184 52559 99182
 52359 11165 53561 22159 52963 33119 57769 44103 58573 55100 57574
 21212 00921 06507 11910 06008 22898 08508 33882 10508 44874 10007
 55865 13005 66846 18503 77834 25006 88774 30522 99748 31522 11593
 26538 22547 25037 33533 26532 44505 26047 55459 27566 66443 27061
 77213 26098 88181 26559 99168 27079 11153 27546 22146 27058 33138
 26538 44129 24049 55122 25557 66100 30022 31313 45408 82305 41414
 865// 51515 10164 00009 10194 30015 29527=
TTBB 72008 72786 00921 05206 11916 04619 22909 04016 33657 10510
 44635 09508 55630 09509 66477 20727 77419 26319 88384 31540 99336
 39518 11239 49962 22225 50564 33203 49767 44124 57177 55118 56178
 66113 57178 77109 55779 88105 55378 99100 56378 21212 00921 22508
 11902 24016 22869 26524 33837 26028 44776 28526 55751 29027 66709
 27520 77650 26529 88592 28037 99499 28562 11418 25582 22298 25571
 33280 25078 44175 27557 55159 26048 66149 27564 77138 29046 88125
 25530 99118 28038 11110 26554 22104 27543 33100 27544 31313 45408
 82319 41414 865// 51515 10164 00011 10194 27527 27525=
