UMUS72 KAWN 220000 RRS
TTBB 72008 72501 00019 08414 11004 13448 22954 11271 33862 06060
 44802 02661 55758 04666 66726 02872 77706 01468 88620 04792 99546
 11968 11451 20790 22384 30163 33178 57178 44160 57380 55108 62578
 66100 62578 21212 00019 00000 11007 22012 22985 20517 33951 21516
 44917 22016 55849 26512 66791 23518 77760 22025 88619 24017 99609
 23015 11585 23514 22519 25015 33482 23523 44440 33010 55434 31509
 66378 35514 77358 36012 88332 32510 99324 34008 11320 02004 22311
 00000 33304 26511 44277 22017 55268 26019 66228 22531 77217 24031
 88192 22534 99180 23538 11155 23024 22147 20535 33122 23035 44116
 21537 55109 24534 66100 22522 31313 45408 82301 41414 00900 51515
 10164 00091 10194 22014 23520=
TTBB 72008 72518 51515 10159=
TTBB 72008 74560 00986 22068 11973 22470 22954 21470 33882 16267
 44453 16987 55245 52356 66210 56560 77188 55763 88112 66173 99111
 66372 11108 66572 22102 65971 33100 66171 21212 00986 19509 11939
 20031 22919 20531 33907 21031 44875 22531 55849 23524 66787 25518
 77709 30519 88652 28015 99608 27021 11578 26524 22541 28526 33306
 24544 44284 26051 55225 24056 66204 26043 77188 23527 88180 24037
 99169 24526 11160 25533 22145 28027 33136 26015 44128 27029 55122
 28523 66110 24023 77105 26031 88100 27021 31313 45408 82302 41414
 00901 51515 10164 00091 10194 21528 28017=
