UMUS14 KAWN 220000 RRA
TTAA 72001 72265 99911 28074 26012 00044 ///// ///// 92/// /////
 ///// 85483 21670 25517 70121 10290 28030 50583 08172 28027 40752
 20170 28036 30958 36369 27549 25082 44366 29581 20228 55561 29084
 15407 65165 28072 10648 70764 28538 88124 70563 29059 77179 28594
 40824 31313 45408 82302 51515 10164 00091 10194 25016 28025=
TTAA 7200/ 72469 51515 10159=
TTAA 72001 72572 99864 24680 18006 00506 ///// ///// 92/// /////
 ///// 85431 21882 28510 70063 06068 22008 50571 11558 27529 40739
 23165 31022 30942 39967 31018 25064 50161 35525 20207 55962 29523
 15387 58571 28032 10638 64176 27533 88173 59566 26530 77999 31313
 45408 82304 51515 10164 00091 10194 24008 21512=
TTAA 72001 72597 99963 21863 33004 00075 ///// ///// 92748 17861
 28508 85464 11249 25512 70056 03068 27530 50572 10318 29045 40741
 20956 28546 30946 37956 30056 25069 47956 30076 20212 60940 30072
 15390 63966 28556 10638 66570 28040 88193 62930 30070 88116 66768
 29558 77227 30579 40912 31313 44108 82301=
TTAA 72001 72681 99906 18865 36005 00018 ///// ///// 92697 /////
 ///// 85417 14263 28518 70017 00824 25038 50567 12500 27054 40734
 22703 26050 30938 39325 28065 25060 50158 29069 20202 62139 27066
 15381 60363 26558 10632 63564 28038 88188 64743 28070 88102 63763
 28035 77191 27575 41324 31313 44108 82303=
TTAA 72001 72797 99001 09005 32003 00066 09005 31503 92707 04600
 29504 85391 00405 33510 70931 06102 28025 50549 22111 26540 40710
 32178 27556 30909 41975 28075 25030 47573 28076 20177 48981 28578
 15366 51182 26553 10626 56779 30539 88238 48575 28074 77268 27581
 41309 31313 42408 82305=
