UMUS72 KAWN 220000 RRI
TTBB 72008 72694 00001 10208 11941 07000 22907 06602 33888 07003
 44879 06601 55861 08201 66846 08602 77827 07600 88791 05400 99775
 04017 11771 04257 22756 03258 33739 01456 44735 01238 55715 00731
 66692 03105 77688 01900 88676 00900 99670 01100 11593 05500 22530
 11309 33527 11122 44504 13702 55500 14523 66488 15914 77483 15513
 88463 16310 99446 18106 11440 18708 22438 18921 33438 19112 44420
 21307 55412 22517 66401 23908 77381 26123 88359 29317 99351 30719
 11339 32706 22336 33128 33330 34321 44313 37335 55293 41336 66276
 44722 77267 46730 88265 47546 99255 49541 11249 50750 22246 51141
 33242 52150 44240 52745 55237 53160 66232 54158 77229 54759 88227
 54762 99210 56962 11163 54775 22128 61372 33116 59574 44100 61773
 21212 00001 12001 11944 22510 22925 20512 33866 26041 44858 26541
 55751 26544 66256 28594 77229 29110 88202 29108 99182 29077 11161
 29070 22152 29556 33147 29046 44138 26549 55124 28072 66113 30042
 77103 29035 88100 28037 31313 42408 82306 41414 ///// 51515 10164
 00091 10194 24518 26543=
