UMUS72 KAWN 220000 RRV
TTAA 72001 72632 99970 16664 18005 00065 ///// ///// 92731 15865
 21033 85442 12065 24541 70039 03269 28024 50568 13177 26533 40734
 23977 27545 30937 41161 26554 25058 50558 27561 20202 55568 27043
 15384 61371 28528 10633 63973 26530 88144 62372 26027 77251 27562
 41321 31313 42408 82303=
TTAA 72001 72712 99995 08858 18502 00147 ///// ///// 92791 06461
 21525 85476 00056 23021 70031 01570 26525 50565 15768 23539 40729
 27375 26026 30929 44360 29524 25049 50360 29526 20193 54570 24042
 15377 56780 24542 10632 59579 24531 88225 53566 25034 88134 59579
 24544 77999 31313 45408 82303 51515 10164 00091 10194 22023 26024=
TTBB 72008 74389 00005 10257 11990 10257 22973 10861 33880 04461
 44856 06096 55790 02899 66733 02275 77727 02472 88679 00967 99596
 07188 11547 12361 22522 13971 33506 15363 44496 15966 55473 18162
 66422 23968 77366 33960 88184 56574 99176 56576 11170 55978 22155
 57779 33104 61578 44100 61178 21212 00005 18004 11984 18517 22949
 21512 33915 23517 44860 24519 55837 24514 66790 24520 77741 26517
 88607 25535 99600 25536 11559 25023 22544 23527 33514 25032 44439
 28019 55350 25023 66316 29019 77302 26509 88290 25516 99269 30513
 11200 23029 22189 24527 33169 23042 44155 22535 55141 23548 66125
 24538 77110 22030 88100 23026 31313 45408 82306 41414 00900 51515
 10164 00091 10194 22516 25020=
TTAA 72001 74389 99005 10257 18004 00163 10057 17514 92808 07662
 23014 85500 05898 24016 70070 00471 25526 50568 15764 24524 40733
 27565 26519 30933 41370 26011 25055 48571 28020 20199 54372 23029
 15382 57979 22542 10635 61178 23026 88184 56574 24030 77999 31313
 45408 82306 51515 10164 00091 10194 22516 25020=
