UMUS72 KAWN 220000 RRG
TTBB 72008 72562 00905 24678 11899 23478 22886 22479 33653 01667
 44551 08178 55547 07780 66525 08982 77474 15372 88417 22377 99345
 32960 11323 36764 22297 41550 33279 44558 44258 49150 55227 53158
 66223 52360 77171 59368 88169 59369 99163 58770 11119 63177 22111
 63177 33103 63977 44100 63577 21212 00905 00000 11900 19005 22888
 17004 33870 19508 44840 20014 55811 23016 66782 25524 77655 27534
 88605 26524 99519 28537 11465 27024 22446 27031 33319 29019 44296
 30526 55237 28023 66228 29024 77216 27025 88181 29044 99174 30039
 11162 28527 22156 30029 33151 28525 44141 27032 55123 29527 66116
 27034 77110 28028 88100 28029 31313 45408 82303 41414 00900 51515
 10164 00091 10194 25021 27031=
TTBB 72008 72649 00969 16065 11963 17266 22947 16267 33893 11663
 44849 08869 55829 09478 66822 10071 77647 02356 88622 03559 99581
 06943 11552 08970 22519 11927 33500 13735 44475 16723 55434 20550
 66407 24736 77325 36967 88237 53960 99228 54561 11218 52563 22172
 59166 33162 59168 44150 58170 55133 60973 66123 58974 77111 62776
 88110 62976 99105 62575 11104 62375 22100 62376 21212 00969 00000
 11958 31006 22940 28005 33934 28005 44928 28506 55916 25504 66901
 25505 77869 26506 88830 32016 99780 28526 11720 26031 22637 28050
 33600 26552 44555 26540 55491 25543 66429 27049 77326 28534 88224
 27064 99191 25561 11178 25568 22156 27053 33134 25548 44116 27532
 55107 27039 66100 27027 31313 45408 82302 41414 00900 51515 10164
 00014 10194 29509 27530=
