UMUS72 KAWN 220000 RRO
TTBB 72008 72317 00987 15064 11971 15266 22939 13468 33825 03461
 44818 03061 55802 04463 66756 02470 77749 02066 88706 02099 99527
 12972 11510 13982 22489 15764 33458 18969 44377 29958 55354 32763
 66324 37561 77305 39763 88248 50556 99229 54357 11224 54357 22214
 53559 33142 60367 44116 61971 55112 61371 66100 63173 21212 00987
 00000 11975 08504 22966 04004 33956 35001 44950 35501 55944 00000
 66933 32001 77916 25503 88911 27504 99901 14505 11884 17504 22855
 16502 33831 22506 44819 23506 55807 15001 66792 01002 77784 36003
 88773 05005 99751 21008 11699 31005 22689 02003 33680 00507 44671
 33010 55662 34009 66643 03002 77624 00506 88609 36006 99605 35005
 11596 00507 22567 36009 33524 00511 44500 03521 55476 01531 66453
 03030 77334 01560 88259 02565 99224 03554 11189 01532 22173 03022
 33163 00522 44140 08503 55138 29003 66133 27005 77131 28506 88122
 24013 99117 28506 11113 23009 22109 24020 33104 20513 44100 24513
 31313 45408 82301 41414 10960 51515 10164 00091 10194 20003 26002=
TTBB 72008 72672 00816 21675 11812 20276 22597 03361 33587 04561
 44577 04168 55539 06980 66503 10164 77486 12371 88403 23757 99381
 26361 11354 31359 22330 34962 33213 58546 44202 60950 55200 60950
 66182 54558 77131 63363 88122 61564 99114 62765 11108 61566 22107
 61366 33100 62567 21212 00816 27514 11808 27524 22784 27028 33779
 27027 44752 26518 55725 26016 66632 25030 77603 25528 88569 27542
 99498 28039 11413 25526 22366 29031 33347 28542 44285 28532 55234
 30543 66194 29061 77184 27036 88177 25537 99166 26549 11153 27537
 22129 28049 33113 25046 44107 27538 55100 27028 31313 45408 82306
 41414 00902 51515 10164 00006 10194 ///// 26028=
