UMUS14 KAWN 220000 RRE
TTBB 72008 72597 00963 21863 11951 19862 22882 14058 33830 09432
 44780 05401 55763 04401 66745 03818 77741 04033 88733 03414 99731
 03621 11730 03850 22725 04263 33724 04265 44709 03669 55700 03068
 66687 02270 77674 03279 88668 03077 99663 02864 11651 01667 22638
 00057 33637 00059 44633 00357 55622 01162 66614 01763 77613 01762
 88609 01764 99607 01959 11596 02950 22585 03900 33553 06502 44550
 05723 55547 05931 66535 06736 77518 08335 88501 10317 99486 11327
 11465 14307 22463 14318 33448 15131 44447 15331 55437 16920 66431
 17526 77428 17356 88418 18347 99414 18756 11409 19356 22400 20956
 33396 21357 44383 23358 55362 27140 66353 28550 77335 31934 88332
 32343 99327 33126 11324 33535 22323 33926 33314 35528 44311 36156
 55308 36757 66304 37346 77300 37956 88294 38943 99291 39556 11290
 39558 22279 41747 33269 43557 44255 46950 55241 50358 66222 55156
 77215 56957 88208 59145 99204 59750 11194 62725 22193 62930 33190
 61960 44189 61763 55180 60965 66170 62565 77168 59970 88164 59570
 99150 63966 11141 61371 22120 66368 33116 66768 44107 64372 55100
 66570 21212 00963 33004 11890 26010 22870 24514 33773 28021 44608
 27551 55546 28542 66346 29545 77277 30073 88227 30579 99189 29566
 11182 30574 22174 31068 33163 29047 44150 28555 55145 30064 66142
 30556 77135 28542 88133 27544 99117 29559 11105 28535 22100 28040
 31313 44108 82301 41414 45776 51515 10164 00007 10194 26509 27521=
