UMUS14 KAWN 220000 RRL
TTAA 72001 72249 99985 31476 17012 00066 ///// ///// 92758 26073
 19024 85492 19469 21525 70118 06474 23520 50581 07383 29026 40750
 21962 29032 30955 38557 30557 25078 47160 29565 20223 55365 30075
 15402 64766 29072 10646 68768 30033 88132 67966 30056 77178 29579
 40510 31313 44108 82305=
TTAA 72001 72251 99013 26260 16512 00126 24060 15518 92799 17650
 16516 85519 14659 24513 70140 08688 28509 50585 05995 31022 40755
 19773 31530 30962 34775 30043 25087 43970 32074 20234 53963 31081
 15412 66563 29571 10652 76362 29540 88101 76562 30042 77192 30583
 40920 31313 45408 82302 51515 10164 00091 10194 18013 27505=
TTAA 72001 72274 99925 32074 30504 00049 ///// ///// 92750 31874
 31007 85497 23267 27509 70143 07439 25012 50583 08377 26039 40752
 20965 24541 30958 35144 26073 25083 45922 26087 20228 55562 25594
 15408 64367 25561 10649 70166 25536 88126 70563 26056 77230 25600
 41808 31313 44108 82305=
TTAA 72001 72364 99873 26871 26509 00043 ///// ///// 92745 /////
 ///// 85492 23067 25011 70136 07656 28019 50583 08369 27537 40752
 19772 25033 30959 35157 27561 25084 44556 27579 20229 55358 27085
 15408 65361 26559 10649 71560 28038 88121 71559 27559 77189 26589
 40824 31313 45408 82306 51515 10164 00003 10194 27011 28026=
