UMUS72 KAWN 220000 RRX
TTBB 71238 74794 00016 20458 11004 21059 22922 14239 33870 12835
 44799 07223 55764 04656 66753 05470 77741 05076 88588 05574 99459
 20562 11448 21763 22446 21972 33387 31160 44364 33575 55328 38570
 66252 42580 77181 53177 88171 52578 99111 68767 11104 62774 22100
 64572 21212 00016 30004 11011 34510 22991 35523 33919 01512 44882
 08510 55857 16502 66822 21510 77804 20510 88787 23010 99756 22014
 11740 24011 22690 25510 33678 28511 44661 24513 55620 23016 66590
 25018 77544 24020 88525 26020 99508 24520 11484 25525 22434 22536
 33396 23541 44334 23533 55292 23048 66263 25048 77208 24040 88195
 23547 99180 24556 11147 26547 22141 25540 33106 25531 44100 23526
 31313 44108 82315 41414 /////=
