UMUS14 KAWN 220000 RRK
TTBB 72008 72250 00014 25659 11948 19446 22900 15214 33882 14213
 44867 13416 55859 13020 66851 13448 77849 13247 88840 12650 99834
 15074 11828 15683 22820 15484 33799 14485 44789 14890 55743 11081
 66738 11083 77733 11487 88649 05694 99630 05096 11625 05097 22563
 01290 33524 02584 44482 07980 55459 09784 66418 16177 77382 21170
 88376 21375 99347 26374 11313 32564 22312 32765 33310 32379 44309
 32178 55281 35975 66257 41767 77235 45766 88232 46360 99229 46764
 11224 48161 22222 48366 33210 51364 44197 54565 55195 54766 66193
 54371 77149 68359 88142 70158 99136 69164 11130 69765 22117 74360
 33110 75560 44106 76960 55100 76961 21212 00014 14013 11956 15020
 22928 15515 33872 20010 44833 00000 55639 33005 66627 31511 77606
 30011 88585 33515 99558 34523 11546 32524 22518 30019 33488 31516
 44460 30021 55436 32022 66424 30522 77334 31052 88306 31046 99281
 32562 11222 31075 22177 29566 33157 30559 44137 28562 55128 30548
 66111 29543 77106 30545 88103 31535 99100 30528 31313 44108 82303
 41414 21600 51515 10164 00091 10194 16013 01002=
TTAA 72001 72250 99014 25659 14013 00127 24058 14019 92802 17431
 16015 85519 13247 28507 70147 09492 30004 50586 05579 31015 40757
 18574 30534 30965 33180 31549 25091 42968 31563 20238 53566 30569
 15417 67959 30560 10655 76961 30528 88106 76960 30545 77222 31075
 41713 31313 44108 82303=
TTAA 72001 72365 99835 23873 26510 00016 ///// ///// 92/// /////
 ///// 85/// ///// ///// 70109 07862 28015 50578 10350 27548 40747
 21958 27567 30952 37762 26566 25075 46163 27575 20221 55364 27580
 15400 63366 26567 10644 69967 30048 88116 69566 28042 77176 27086
 40819 31313 45408 82306 51515 10164 00004 10194 ///// 28522=
