UMUS72 KAWN 220000 RRX
TTAA 72001 72202 99013 24456 36010 00115 23456 36017 92790 17418
 03020 85508 12602 04510 70118 06485 25014 50579 12578 24533 40744
 24578 25053 30949 36976 24566 25073 43379 24077 20221 50976 24075
 15402 61970 25051 10647 68168 26026 88108 69966 26042 77323 24078
 41116 31313 44108 82303=
TTBB 72008 72403 00009 14264 11006 15467 22002 16068 33874 06461
 44867 07461 55821 04861 66780 01258 77778 01058 88770 01260 99765
 02268 11761 02268 22756 03081 33753 03484 44741 02688 55736 03490
 66679 00069 77632 03170 88606 05969 99586 07371 11584 07372 22575
 06984 33574 06982 44561 07778 55557 08174 66556 08368 77542 09761
 88531 10759 99529 10760 11524 10762 22458 18760 33448 19762 44415
 24559 55406 25761 66400 26759 77396 26765 88380 29362 99369 30763
 11366 30370 22365 30167 33364 30165 44343 34162 55337 34966 66325
 36566 77312 38564 88298 40762 99288 42758 11259 49136 22258 49326
 33254 49934 44250 50759 55249 50959 66246 51356 77243 51950 88240
 52156 99237 52748 11234 53356 22233 53556 33229 54356 44226 54758
 55225 54959 66223 54366 77222 53970 88200 56169 99196 55372 11195
 53974 22183 56973 33177 57372 44172 58571 55140 59176 66132 61174
 77129 60774 88101 63174 99100 62774 21212 00009 15005 11003 16510
 22944 17513 33640 30511 44605 24503 55584 29015 66573 29511 77561
 30502 88543 35510 99535 35011 11526 36014 22518 01012 33508 35512
 44482 04510 55441 02013 66430 03512 77409 02012 88398 01515 99391
 02520 11364 01037 22324 02536 33280 00545 44249 01047 55218 02528
 66199 01527 77192 04521 88185 04513 99174 02506 11164 33510 22158
 35014 33155 01510 44149 35003 55137 22010 66120 23012 77114 21513
 88109 24020 99100 24515 31313 44108 82302 41414 10901 51515 10164
 00014 10194 18510 23007=
