FNUS83 KBIS 232045
FWMBIS

FCST,320101,221024,13,2,32,86,1,1,NW,29,,40,26,100,85,11,6,N
FCST,320101,221025,13,2,36,80,1,1,WNW,16,,36,23,100,79,0,0,N
FCST,320101,221026,13,1,35,85,1,1,S,11,,37,22,100,75,0,0,N
FCST,320101,221027,13,1,39,77,1,1,SW,14,,39,24,100,76,0,0,N
FCST,320101,221028,13,1,42,68,1,1,SW,19,,42,27,100,67,0,0,N
FCST,320101,221029,13,1,43,65,1,1,SW,18,,44,28,100,65,0,0,N
FCST,320101,221030,13,1,45,62,1,1,WSW,18,,45,30,96,60,0,0,N
FCST,320220,221024,13,3,29,95,2,2,NW,26,,41,28,100,89,10,7,N
FCST,320220,221025,13,2,34,90,1,1,WNW,17,,35,23,100,88,0,0,N
FCST,320220,221026,13,1,37,82,1,1,S,09,,38,24,100,79,0,0,N
FCST,320220,221027,13,1,39,83,1,1,SW,11,,39,27,100,73,0,0,N
FCST,320220,221028,13,1,42,70,1,1,WSW,19,,43,29,100,67,0,0,N
FCST,320220,221029,13,1,46,60,1,1,SW,17,,46,31,100,60,0,0,N
FCST,320220,221030,13,1,48,57,1,1,WSW,16,,48,32,89,56,0,0,N
FCST,320401,221024,13,3,34,89,3,3,NW,25,,54,34,100,66,8,7,N
FCST,320401,221025,13,2,38,79,1,1,WNW,13,,38,25,100,79,0,0,N
FCST,320401,221026,13,1,42,66,1,1,SSE,09,,42,24,100,65,0,0,N
FCST,320401,221027,13,1,43,76,1,1,S,09,,44,27,100,62,0,0,N
FCST,320401,221028,13,1,49,58,1,1,SW,17,,49,28,100,58,0,0,N
FCST,320401,221029,13,1,50,52,1,1,SSW,14,,51,30,96,50,0,0,N
FCST,320401,221030,13,1,51,51,1,1,SW,13,,52,32,85,46,0,0,N
FCST,321703,221024,13,3,32,89,1,1,WNW,26,,47,28,100,86,11,7,N
FCST,321703,221025,13,1,38,78,1,1,WNW,17,,39,25,100,76,0,0,N
FCST,321703,221026,13,1,41,71,1,1,S,09,,42,26,100,67,0,0,N
FCST,321703,221027,13,1,41,75,1,1,WSW,11,,45,28,100,60,0,0,N
FCST,321703,221028,13,1,47,55,1,1,WSW,18,,47,31,85,53,0,0,N
FCST,321703,221029,13,1,49,48,1,1,SW,16,,49,33,82,48,0,0,N
FCST,321703,221030,13,1,50,51,1,1,WSW,17,,51,34,78,44,0,0,N
FCST,322503,221024,13,3,32,91,1,1,WNW,26,,47,27,100,79,11,6,N
FCST,322503,221025,13,1,43,66,1,1,W,19,,44,28,100,62,0,0,N
FCST,322503,221026,13,1,47,50,1,1,S,10,,47,28,96,49,0,0,N
FCST,322503,221027,13,1,44,64,1,1,W,10,,49,30,100,46,0,0,N
FCST,322503,221028,13,1,51,42,1,1,WSW,17,,51,31,82,42,0,0,N
FCST,322503,221029,13,1,51,42,1,1,SW,13,,52,33,72,39,0,0,N
FCST,322503,221030,13,1,51,45,1,1,WSW,16,,53,34,75,38,0,0,N
FCST,322701,221024,13,3,34,87,3,3,WNW,26,,56,33,100,64,9,7,N
FCST,322701,221025,13,1,45,67,1,1,W,19,,46,26,100,65,0,0,N
FCST,322701,221026,13,1,46,60,1,1,S,09,,46,26,100,60,0,0,N
FCST,322701,221027,13,1,46,70,1,1,WSW,08,,49,30,100,50,0,0,N
FCST,322701,221028,13,1,52,49,1,1,WSW,17,,52,29,100,48,0,0,N
FCST,322701,221029,13,1,52,46,1,1,SSW,13,,53,31,82,43,0,0,N
FCST,322701,221030,13,1,52,49,1,1,WSW,13,,54,33,79,41,0,0,N
FCST,322901,221024,13,3,35,85,3,3,WNW,29,,67,35,100,52,3,7,N
FCST,322901,221025,13,1,47,58,1,1,W,19,,47,26,100,56,0,0,N
FCST,322901,221026,13,1,47,55,1,1,S,11,,48,26,100,51,0,0,N
FCST,322901,221027,13,2,47,66,1,1,SSW,09,,49,34,96,46,0,0,N
FCST,322901,221028,13,0,51,46,1,1,SW,18,,52,30,100,44,0,0,N
FCST,322901,221029,13,1,52,45,1,1,SSW,17,,53,33,82,41,0,0,N
FCST,322901,221030,13,1,52,47,1,1,SW,16,,55,33,82,39,0,0,N
FCST,323536,221024,13,3,39,85,2,3,WNW,26,,69,38,100,49,0,5,N
FCST,323536,221025,13,1,47,58,1,1,W,17,,47,28,96,56,0,0,N
FCST,323536,221026,13,1,45,56,1,1,S,10,,48,27,100,54,0,0,N
FCST,323536,221027,13,2,47,71,1,1,SSE,11,,47,33,96,51,0,0,N
FCST,323536,221028,13,0,51,51,1,1,SW,17,,52,32,100,50,0,0,N
FCST,323536,221029,13,1,53,47,1,1,SSW,16,,53,34,89,44,0,0,N
FCST,323536,221030,13,1,53,47,1,1,SSW,16,,54,35,82,44,0,0,N
FCST,323804,221024,13,2,34,79,1,1,WNW,31,,46,26,100,78,11,6,N
FCST,323804,221025,13,1,45,58,1,1,W,23,,46,28,100,55,0,0,N
FCST,323804,221026,13,2,49,45,1,1,SSE,13,,49,27,100,44,0,0,N
FCST,323804,221027,13,1,46,53,1,1,W,12,,51,30,100,41,0,0,N
FCST,323804,221028,13,1,52,38,1,1,WSW,18,,53,30,85,36,0,0,N
FCST,323804,221029,13,1,53,37,1,1,SW,16,,54,33,75,35,0,0,N
FCST,323804,221030,13,1,54,38,1,1,WSW,17,,55,33,78,34,0,0,N
FCST,320501,221024,13,3,34,95,3,3,NW,24,,50,32,100,83,7,7,N
FCST,320501,221025,13,2,36,81,1,1,W,12,,36,26,100,79,0,0,N
FCST,320501,221026,13,2,38,75,1,1,S,09,,38,26,100,72,0,0,N
FCST,320501,221027,13,1,40,82,1,1,S,10,,41,28,100,70,0,0,N
FCST,320501,221028,13,1,45,65,1,1,SW,16,,46,30,100,63,0,0,N
FCST,320501,221029,13,1,47,57,1,1,SW,14,,48,31,92,56,0,0,N
FCST,320501,221030,13,1,47,58,1,1,SW,11,,49,34,82,51,0,0,N
FCST,328501,221024,13,3,36,74,2,2,WNW,31,,65,31,100,58,5,7,N
FCST,328501,221025,13,1,49,52,1,1,WNW,20,,49,27,96,50,0,0,N
FCST,328501,221026,13,1,48,46,1,1,S,12,,51,27,96,44,0,0,N
FCST,328501,221027,13,1,48,63,1,1,NW,10,,51,34,92,41,0,0,N
FCST,328501,221028,13,0,52,40,1,1,SW,17,,53,29,92,39,0,0,N
FCST,328501,221029,13,1,52,40,1,1,S,17,,55,33,82,35,0,0,N
FCST,328501,221030,13,1,52,41,1,1,SW,14,,55,33,78,35,0,0,N
FCST,324101,221024,13,3,34,81,1,2,WNW,32,,55,29,100,55,7,7,N
FCST,324101,221025,13,1,47,53,1,1,W,23,,48,27,100,51,0,0,N
FCST,324101,221026,13,1,48,46,1,1,S,13,,48,26,100,46,0,0,N
FCST,324101,221027,13,1,46,60,1,1,NW,12,,49,32,100,42,0,0,N
FCST,324101,221028,13,0,52,39,1,1,WSW,19,,52,28,92,39,0,0,N
FCST,324101,221029,13,1,53,37,1,1,SSW,17,,54,31,81,35,0,0,N
FCST,324101,221030,13,1,53,40,1,1,W,17,,54,33,78,34,0,0,N
