SRUS42 KMFL 220030
RRMMFL
 
:SHEF ENCODED 1 HOUR XTIDE WATER LEVEL PREDICTED DATA
:WATER LEVEL VALUES REFERENCED TO MHHW IN FEET (HCIFX)
:PROVIDED BY XTIDE PROGRAM RUN LOCALLY AT WFO MIAMI
 
.E LKWF1 20221022 Z DH0000/DC10220000/HCIFX/DIH1/ -0.461 -1.029 -1.616 -2.068
.E1   -2.269 -2.168 -1.793 -1.241 -0.647 -0.157 0.103 0.063 -0.277 -0.835  
.E2   -1.466 -2.005 -2.308 -2.298 -1.981 -1.440 -0.813 -0.253 0.101 0.155  
.E3   -0.111 -0.639 -1.300 -1.925 -2.349 -2.461 -2.227 -1.706 -1.028 -0.358  
.E4   0.140 0.342 0.195 -0.270 -0.938 -1.639 -2.190 -2.445 -2.342 -1.913  
.E5   -1.277 -0.600 -0.054 0.223 0.157 -0.245 -0.891 -1.625 -2.256 -2.614  
.E6   -2.597 -2.204 -1.532 -0.747 -0.038 0.425 0.534 0.262 -0.328 -1.093  
.E7   -1.837 -2.365 -2.539 -2.320 -1.777 -1.067 -0.379 0.111 0.281 0.081  
.E8   -0.451 -1.194 -1.966 -2.562 -2.814 -2.645 -2.091 -1.291 -0.442 0.258  
.E9   0.650 0.648 0.253 -0.446 -1.277 -2.025 -2.493 -2.560 -2.222 -1.591  
.E10   -0.848 -0.192 0.212  
.E PEGF1 20221022 Z DH0000/DC10220000/HCIFX/DIH1/ -0.232 -0.727 -1.276 -1.743
.E1   -1.998 -1.972 -1.694 -1.230 -0.678 -0.183 0.128 0.188 -0.037 -0.504  
.E2   -1.089 -1.639 -2.002 -2.073 -1.855 -1.416 -0.846 -0.292 0.091 0.224  
.E3   0.072 -0.355 -0.956 -1.570 -2.034 -2.217 -2.078 -1.669 -1.074 -0.430  
.E4   0.086 0.356 0.332 -0.003 -0.587 -1.257 -1.830 -2.150 -2.135 -1.812  
.E5   -1.267 -0.628 -0.077 0.244 0.277 0.000 -0.557 -1.254 -1.898 -2.316  
.E6   -2.392 -2.113 -1.552 -0.836 -0.143 0.349 0.550 0.419 -0.047 -0.742  
.E7   -1.466 -2.022 -2.266 -2.139 -1.693 -1.054 -0.390 0.116 0.350 0.267  
.E8   -0.146 -0.825 -1.582 -2.211 -2.546 -2.486 -2.049 -1.353 -0.564 0.129  
.E9   0.568 0.677 0.422 -0.170 -0.943 -1.677 -2.181 -2.319 -2.061 -1.508  
.E10   -0.821 -0.177 0.260  
.E VAKF1 20221022 Z DH0000/DC10220000/HCIFX/DIH1/ 0.084 -0.305 -0.740 -1.117
.E1   -1.419 -1.576 -1.484 -1.164 -0.756 -0.356 0.012 0.262 0.241 -0.075  
.E2   -0.528 -0.960 -1.325 -1.576 -1.598 -1.340 -0.915 -0.470 -0.064 0.244  
.E3   0.309 0.044 -0.436 -0.926 -1.328 -1.619 -1.717 -1.535 -1.127 -0.649  
.E4   -0.193 0.201 0.415 0.306 -0.105 -0.623 -1.088 -1.453 -1.662 -1.602  
.E5   -1.258 -0.774 -0.297 0.110 0.366 0.324 -0.062 -0.625 -1.152 -1.553  
.E6   -1.803 -1.819 -1.533 -1.036 -0.494 -0.001 0.386 0.530 0.312 -0.192  
.E7   -0.756 -1.228 -1.566 -1.708 -1.554 -1.128 -0.598 -0.111 0.267 0.440  
.E8   0.273 -0.227 -0.850 -1.384 -1.757 -1.945 -1.863 -1.475 -0.901 -0.317  
.E9   0.185 0.531 0.582 0.253 -0.323 -0.904 -1.353 -1.642 -1.703 -1.457  
.E10   -0.963 -0.411 0.059  
.E NPSF1 20221022 Z DH0000/DC10220000/HCIFX/DIH1/ -0.850 -0.440 -0.128 -0.003
.E1   -0.124 -0.437 -0.829 -1.233 -1.580 -1.732 -1.585 -1.204 -0.757 -0.350  
.E2   -0.016 0.165 0.086 -0.250 -0.727 -1.233 -1.686 -1.953 -1.888 -1.503  
.E3   -0.982 -0.501 -0.123 0.101 0.077 -0.225 -0.698 -1.209 -1.681 -2.012  
.E4   -2.050 -1.732 -1.197 -0.649 -0.189 0.139 0.250 0.068 -0.347 -0.854  
.E5   -1.348 -1.741 -1.882 -1.659 -1.155 -0.593 -0.138 0.155 0.231 0.019  
.E6   -0.458 -1.062 -1.659 -2.154 -2.413 -2.291 -1.796 -1.129 -0.510 -0.042  
.E7   0.231 0.242 -0.028 -0.481 -0.982 -1.431 -1.721 -1.708 -1.337 -0.752  
.E8   -0.194 0.182 0.333 0.228 -0.162 -0.778 -1.476 -2.119 -2.587 -2.729  
.E9   -2.438 -1.787 -1.026 -0.388 0.033 0.220 0.148 -0.166 -0.620 -1.081  
.E10   -1.445 -1.604 -1.442  
 
NNNN
