SRUS42 KMFL 231830
RRMMFL
 
:SHEF ENCODED 1 HOUR XTIDE WATER LEVEL PREDICTED DATA
:WATER LEVEL VALUES REFERENCED TO MHHW IN FEET (HCIFX)
:PROVIDED BY XTIDE PROGRAM RUN LOCALLY AT WFO MIAMI
 
.E LKWF1 20221023 Z DH0000/DC10230000/HCIFX/DIH1/ -0.111 -0.639 -1.300 -1.925
.E1   -2.349 -2.461 -2.227 -1.706 -1.028 -0.358 0.140 0.342 0.195 -0.270  
.E2   -0.938 -1.639 -2.190 -2.445 -2.342 -1.913 -1.277 -0.600 -0.054 0.223  
.E3   0.157 -0.245 -0.891 -1.625 -2.256 -2.614 -2.597 -2.204 -1.532 -0.747  
.E4   -0.038 0.425 0.534 0.262 -0.328 -1.093 -1.837 -2.365 -2.539 -2.320  
.E5   -1.777 -1.067 -0.379 0.111 0.281 0.081 -0.451 -1.194 -1.966 -2.562  
.E6   -2.814 -2.645 -2.091 -1.291 -0.442 0.258 0.650 0.648 0.253 -0.446  
.E7   -1.277 -2.025 -2.493 -2.560 -2.222 -1.591 -0.848 -0.192 0.212 0.263  
.E8   -0.063 -0.701 -1.506 -2.274 -2.794 -2.915 -2.594 -1.909 -1.032 -0.171  
.E9   0.481 0.784 0.674 0.173 -0.601 -1.455 -2.165 -2.543 -2.500 -2.070  
.E10   -1.393 -0.663 -0.070  
.E PEGF1 20221023 Z DH0000/DC10230000/HCIFX/DIH1/ 0.072 -0.355 -0.956 -1.570
.E1   -2.034 -2.217 -2.078 -1.669 -1.074 -0.430 0.086 0.356 0.332 -0.003  
.E2   -0.587 -1.257 -1.830 -2.150 -2.135 -1.812 -1.267 -0.628 -0.077 0.244  
.E3   0.277 0.000 -0.557 -1.254 -1.898 -2.316 -2.392 -2.113 -1.552 -0.836  
.E4   -0.143 0.349 0.550 0.419 -0.047 -0.742 -1.466 -2.022 -2.266 -2.139  
.E5   -1.693 -1.054 -0.390 0.116 0.350 0.267 -0.146 -0.825 -1.582 -2.211  
.E6   -2.546 -2.486 -2.049 -1.353 -0.564 0.129 0.568 0.677 0.422 -0.170  
.E7   -0.943 -1.677 -2.181 -2.319 -2.061 -1.508 -0.821 -0.177 0.260 0.393  
.E8   0.184 -0.357 -1.118 -1.889 -2.466 -2.687 -2.476 -1.901 -1.121 -0.313  
.E9   0.346 0.711 0.714 0.338 -0.344 -1.149 -1.853 -2.271 -2.283 -1.911  
.E10   -1.300 -0.614 -0.017  
.E VAKF1 20221023 Z DH0000/DC10230000/HCIFX/DIH1/ 0.309 0.044 -0.436 -0.926
.E1   -1.328 -1.619 -1.717 -1.535 -1.127 -0.649 -0.193 0.201 0.415 0.306  
.E2   -0.105 -0.623 -1.088 -1.453 -1.662 -1.602 -1.258 -0.774 -0.297 0.110  
.E3   0.366 0.324 -0.062 -0.625 -1.152 -1.553 -1.803 -1.819 -1.533 -1.036  
.E4   -0.494 -0.001 0.386 0.530 0.312 -0.192 -0.756 -1.228 -1.566 -1.708  
.E5   -1.554 -1.128 -0.598 -0.111 0.267 0.440 0.273 -0.227 -0.850 -1.384  
.E6   -1.757 -1.945 -1.863 -1.475 -0.901 -0.317 0.185 0.531 0.582 0.253  
.E7   -0.323 -0.904 -1.353 -1.642 -1.703 -1.457 -0.963 -0.411 0.059 0.381  
.E8   0.452 0.161 -0.428 -1.077 -1.586 -1.910 -2.024 -1.847 -1.372 -0.747  
.E9   -0.151 0.330 0.612 0.561 0.139 -0.475 -1.038 -1.442 -1.667 -1.648  
.E10   -1.322 -0.787 -0.240  
.E NPSF1 20221023 Z DH0000/DC10230000/HCIFX/DIH1/ -0.982 -0.501 -0.123 0.101
.E1   0.077 -0.225 -0.698 -1.209 -1.681 -2.012 -2.050 -1.732 -1.197 -0.649  
.E2   -0.189 0.139 0.250 0.068 -0.347 -0.854 -1.348 -1.741 -1.882 -1.659  
.E3   -1.155 -0.593 -0.138 0.155 0.231 0.019 -0.458 -1.062 -1.659 -2.154  
.E4   -2.413 -2.291 -1.796 -1.129 -0.510 -0.042 0.231 0.242 -0.028 -0.481  
.E5   -0.982 -1.431 -1.721 -1.708 -1.337 -0.752 -0.194 0.182 0.333 0.228  
.E6   -0.162 -0.778 -1.476 -2.119 -2.587 -2.729 -2.438 -1.787 -1.026 -0.388  
.E7   0.033 0.220 0.148 -0.166 -0.620 -1.081 -1.445 -1.604 -1.442 -0.956  
.E8   -0.338 0.157 0.397 0.380 0.112 -0.411 -1.123 -1.876 -2.518 -2.917  
.E9   -2.932 -2.491 -1.729 -0.937 -0.345 -0.003 0.113 0.001 -0.317 -0.736  
.E10   -1.120 -1.374 -1.404  
 
NNNN
