FNUS83 KPAH 231953
FWMPAH

FCST,239004,221024,13,2,76,59,1,1,S,11,M,76,61,90,52,0,0,N
FCST,239004,221025,13,2,64,86,1,3,SW,05,M,78,57,100,56,10,8,N
FCST,239004,221026,13,0,64,40,3,1,N,03,M,64,39,100,38,0,0,N
FCST,239004,221027,13,1,64,48,1,1,ESE,03,M,65,38,100,38,0,0,N
FCST,239004,221028,13,1,65,57,1,1,ENE,02,M,65,40,100,46,0,0,N
FCST,239004,221029,13,1,63,64,1,1,NNE,03,M,65,45,100,56,0,0,N
FCST,239004,221030,13,1,63,65,1,1,NE,03,M,64,47,100,62,0,0,N

FCST,239102,221024,13,2,76,57,1,1,S,14,M,79,61,89,50,0,0,N
FCST,239102,221025,13,2,65,85,1,3,SW,11,M,78,61,100,53,6,8,N
FCST,239102,221026,13,0,64,43,3,1,N,08,M,65,43,98,43,0,0,N
FCST,239102,221027,13,1,63,54,1,1,E,05,M,65,40,100,41,0,0,N
FCST,239102,221028,13,1,65,58,1,1,ENE,06,M,65,42,100,50,0,0,N
FCST,239102,221029,13,1,63,70,1,1,NE,08,M,65,48,100,58,0,0,N
FCST,239102,221030,13,1,63,70,1,1,NE,05,M,63,48,100,67,0,0,N

FCST,239204,221024,13,2,76,57,1,1,S,12,M,77,60,92,50,0,0,N 
FCST,239204,221025,13,8,64,86,1,3,SSW,06,M,78,58,100,51,6,8,N 
FCST,239204,221026,13,0,64,39,3,1,N,05,M,64,40,100,38,4,0,N 
FCST,239204,221027,13,1,63,46,1,1,ESE,03,M,64,38,100,38,0,0,N 
FCST,239204,221028,13,1,65,54,1,1,ENE,03,M,65,40,100,44,0,0,N 
FCST,239204,221029,13,1,63,61,1,1,NNE,04,M,65,45,100,54,0,0,N 
FCST,239204,221030,13,1,62,62,1,1,NE,03,M,64,47,100,58,0,0,N

FCST,119001,221024,13,2,76,51,1,1,S,16,M,79,61,73,47,0,0,N 
FCST,119001,221025,13,8,65,97,1,3,S,11,M,78,62,99,41,0,8,N 
FCST,119001,221026,13,0,59,55,3,1,NNW,10,M,65,44,100,55,6,0,N 
FCST,119001,221027,13,1,61,51,1,1,E,06,M,61,39,100,51,0,0,N 
FCST,119001,221028,13,1,64,60,1,1,ENE,06,M,64,42,100,51,0,0,N 
FCST,119001,221029,13,1,62,67,1,1,NE,08,M,64,46,100,60,0,0,N 
FCST,119001,221030,13,1,60,78,1,1,SE,06,M,63,48,100,65,0,0,N

FCST,119501,221024,13,1,77,44,1,1,S,13,M,81,59,68,38,0,0,N 
FCST,119501,221025,13,8,66,90,1,3,S,12,M,79,62,92,37,0,7,N 
FCST,119501,221026,13,0,60,53,3,1,NNW,09,M,66,44,100,53,6,0,N 
FCST,119501,221027,13,1,62,48,1,1,ENE,06,M,62,39,100,48,0,0,N 
FCST,119501,221028,13,1,65,58,1,1,ENE,05,M,65,42,100,48,0,0,N 
FCST,119501,221029,13,1,63,62,1,1,NE,06,M,65,48,100,58,0,0,N 
FCST,119501,221030,13,1,62,67,1,1,SSE,06,M,63,47,100,62,0,0,N

FCST,119701,221024,13,2,77,49,1,1,S,14,M,79,61,71,44,0,0,N
FCST,119701,221025,13,8,65,90,1,3,S,10,M,79,63,99,40,0,8,N
FCST,119701,221026,13,0,61,48,3,1,NNW,08,M,65,45,97,48,6,0,N
FCST,119701,221027,13,1,62,48,1,1,E,05,M,62,41,96,44,0,0,N
FCST,119701,221028,13,1,65,55,1,1,ENE,05,M,65,44,96,46,0,0,N
FCST,119701,221029,13,1,63,62,1,1,NE,06,M,65,49,96,54,0,0,N
FCST,119701,221030,13,1,61,69,1,1,E,06,M,63,49,100,62,0,0,N

FCST,151191,221024,13,1,78,34,1,1,S,11,M,79,56,65,32,0,0,N
FCST,151191,221025,13,8,71,67,1,3,SSE,14,M,79,61,75,30,0,2,N
FCST,151191,221026,13,1,58,59,3,1,NW,09,M,71,47,100,59,6,0,N
FCST,151191,221027,13,0,63,50,1,1,ENE,06,M,63,40,100,50,0,0,N
FCST,151191,221028,13,1,68,52,1,1,E,04,M,68,43,100,48,0,0,N
FCST,151191,221029,13,2,65,60,1,1,ENE,05,M,69,48,100,51,0,0,N
FCST,151191,221030,13,1,64,61,1,1,SSE,08,M,66,50,100,58,0,0,N

FCST,159901,221024,13,1,76,35,1,1,S,11,M,79,59,60,32,0,0,N 
FCST,159901,221025,13,8,70,74,1,3,S,13,M,78,63,80,31,0,7,N 
FCST,159901,221026,13,1,60,49,3,1,NNW,08,M,70,46,95,49,6,0,N 
FCST,159901,221027,13,0,64,43,1,1,ENE,04,M,64,41,100,43,0,0,N 
FCST,159901,221028,13,1,68,51,1,1,E,03,M,68,44,100,43,0,0,N 
FCST,159901,221029,13,1,64,63,1,1,ENE,05,M,69,51,93,51,0,0,N 
FCST,159901,221030,13,1,64,60,1,1,SSE,05,M,64,50,100,60,0,0,N

FCST,400201,221024,13,1,78,31,1,1,S,11,M,81,54,71,27,0,0,N 
FCST,400201,221025,13,8,71,70,1,3,SSE,14,M,79,61,79,29,0,6,N 
FCST,400201,221026,13,1,60,58,3,1,NW,08,M,71,46,100,58,6,0,N 
FCST,400201,221027,13,0,64,50,1,1,ENE,08,M,64,40,100,50,0,0,N 
FCST,400201,221028,13,1,69,55,1,1,ESE,05,M,69,43,100,48,0,0,N 
FCST,400201,221029,13,1,66,63,1,1,E,08,M,70,50,100,51,0,0,N 
FCST,400201,221030,13,1,65,60,1,1,S,08,M,66,50,100,60,0,0,N

FCST,400101,221024,13,1,77,33,1,1,S,10,M,79,57,64,33,0,0,N 
FCST,400101,221025,13,8,71,70,1,3,S,13,M,78,62,81,31,0,7,N 
FCST,400101,221026,13,1,60,53,3,1,NW,06,M,71,46,95,53,6,0,N 
FCST,400101,221027,13,0,64,46,1,1,ENE,05,M,64,41,100,46,0,0,N 
FCST,400101,221028,13,1,69,51,1,1,E,04,M,69,44,100,43,0,0,N 
FCST,400101,221029,13,1,65,63,1,1,ENE,05,M,69,51,96,51,0,0,N 
FCST,400101,221030,13,1,65,58,1,1,SSE,06,M,65,51,100,58,0,0,N
