FNUS83 KJKL 231919
FWMJKL

FCST,152001,221024,13,1,73,31,1,1,SSW,03,,76,50,71,25,0,0,N
FCST,152001,221025,13,2,77,33,1,1,S,05,,77,56,66,30,0,0,N
FCST,152001,221026,13,2,58,69,1,1,WSW,08,,78,51,100,32,6,0,N
FCST,152001,221027,13,1,59,57,1,1,ENE,04,,59,44,96,57,0,0,N
FCST,152001,221028,13,1,66,50,1,1,ESE,02,,66,44,93,50,0,0,N
FCST,152001,221029,13,2,65,54,1,1,E,03,,68,49,86,45,0,0,N
FCST,152001,221030,13,2,61,70,1,1,ESE,05,,66,52,89,52,0,0,N

FCST,157002,221024,13,1,74,34,1,1,S,05,,75,44,89,32,0,0,N
FCST,157002,221025,13,2,76,40,1,1,S,11,,76,51,86,32,0,0,N
FCST,157002,221026,13,2,57,75,1,1,WSW,08,,78,49,100,37,6,0,N
FCST,157002,221027,13,1,63,56,1,1,ENE,05,,63,43,100,56,0,0,N
FCST,157002,221028,13,1,70,51,1,1,S,03,,70,42,100,50,0,0,N
FCST,157002,221029,13,2,68,54,1,1,ESE,03,,72,47,100,46,0,0,N
FCST,157002,221030,13,2,64,67,1,1,SE,06,,69,48,100,51,0,0,N

FCST,159801,221024,13,1,71,36,1,1,S,03,,74,38,100,30,0,0,N
FCST,159801,221025,13,2,75,36,1,1,S,05,,75,43,100,34,0,0,N
FCST,159801,221026,13,2,60,64,1,1,W,05,,77,51,96,33,3,0,N
FCST,159801,221027,13,1,64,52,1,1,NE,03,,64,44,100,52,0,0,N
FCST,159801,221028,13,1,69,47,1,1,SE,02,,69,41,100,45,0,0,N
FCST,159801,221029,13,2,66,54,1,1,ESE,03,,71,44,100,44,0,0,N
FCST,159801,221030,13,2,63,65,1,1,ESE,04,,68,48,100,51,0,0,N

FCST,154401,221024,13,1,73,34,1,1,S,03,,75,50,71,27,0,0,N
FCST,154401,221025,13,2,77,36,1,1,S,06,,77,55,69,31,0,0,N
FCST,154401,221026,13,2,59,69,1,1,WSW,06,,78,51,100,32,5,0,N
FCST,154401,221027,13,1,61,58,1,1,ENE,03,,61,44,100,58,0,0,N
FCST,154401,221028,13,1,69,49,1,1,SSE,01,,69,44,93,49,0,0,N
FCST,154401,221029,13,2,66,56,1,1,E,02,,70,49,89,47,0,0,N
FCST,154401,221030,13,2,61,75,1,1,SE,04,,67,52,89,52,0,0,N

FCST,156001,221024,13,1,74,33,1,1,SSW,02,,76,50,71,26,0,0,N
FCST,156001,221025,13,1,78,35,1,1,S,05,,78,55,69,32,0,0,N
FCST,156001,221026,13,2,60,69,1,1,WSW,06,,79,53,93,32,5,0,N
FCST,156001,221027,13,1,60,62,1,1,ENE,03,,60,46,96,62,0,0,N
FCST,156001,221028,13,1,69,49,1,1,SE,01,,69,45,93,49,0,0,N
FCST,156001,221029,13,2,68,54,1,1,E,02,,70,50,86,45,0,0,N
FCST,156001,221030,13,2,63,70,1,1,ESE,03,,69,53,89,51,0,0,N

FCST,157201,221024,13,1,74,30,1,1,S,03,,74,48,77,27,0,0,N
FCST,157201,221025,13,2,78,33,1,1,S,05,,78,55,69,29,0,0,N
FCST,157201,221026,13,2,60,67,1,1,WSW,05,,79,51,96,31,4,0,N
FCST,157201,221027,13,1,63,56,1,1,NE,03,,63,45,100,56,0,0,N
FCST,157201,221028,13,1,71,47,1,1,S,01,,71,45,93,47,0,0,N
FCST,157201,221029,13,2,68,54,1,1,ESE,02,,72,49,93,44,0,0,N
FCST,157201,221030,13,2,64,67,1,1,SE,03,,69,52,93,49,0,0,N

FCST,154801,221024,13,1,73,35,1,1,S,02,,75,50,74,34,0,0,N
FCST,154801,221025,13,1,77,32,1,1,S,05,,77,55,72,32,0,0,N
FCST,154801,221026,13,2,60,69,1,1,WSW,06,,78,54,96,30,5,0,N
FCST,154801,221027,13,1,59,62,1,1,NE,03,,61,46,100,62,0,0,N
FCST,154801,221028,13,1,68,47,1,1,ESE,01,,68,45,96,47,0,0,N
FCST,154801,221029,13,2,65,56,1,1,E,02,,69,50,89,44,0,0,N
FCST,154801,221030,13,2,61,70,1,1,ESE,03,,66,53,93,52,0,0,N
