SHUS66 KSGX 232133
FWOSGX
Weather Information Management System (WIMS)
USDA National Information Technology Center (KMWI)
23-OCT-22 21:31:27 GMT
 
Listing of Observations (San Diego, CA)
 
ST NME STAT'N   DATE HR T W DBT DPT  RH Y M DIR WS 10 TMX TMN HMX HMN PD PPAMT
------ ------ ------ -- - - --- --- --- - - --- -- -- --- --- --- --- -- -----
Stations not in a Zone:
ALISO  045509 221023 12 R 2  64  49  59 0 0 227 10     64  57  88  59  0 0.000
WIRE M 045749 221023 13 R 2  70  49  49 0 0 233  8     70  58  95  48  0 0.000
NWS Office:  SGX/Zone: 508
CASE S 045731 221023 13 R 3  58  49  73 0 0 234  9     60  49 100  64  5 0.180
ROBLAR 045732 221023 13 R 2  65  48  56 0 0 240 13     69  56 100  49  4 0.100
LAS FL 045733 221023 13 R 2  66  48  54 0 0 228  9     66  57  97  54  3 0.160
TALEGA 045739 221023 13 R 2  65  48  56 0 0 171  7     68  55  98  51  4 0.080
CAMP E 045741 221023 12 R 2  70  48  47 0 0 157  8     73  54  98  47  4 0.170
MIRAMA 045743 221023 13 R 2  67  46  48 0 0 199  9     68  56  99  48  5 0.150
MISSIO 045747 221023 12 R 3  66  49  55 0 0 210  6     71  58  94  49  4 0.120
MATEO  045748 221023 13 R 2  65  48  55 0 0 221 10     67  57  97  53  4 0.060
Count:     8  Zone Average:  65  48  56          9  0  68  55  98  52  4 0.127
 
Zone: 509
LITTLE 045411 221023 12 O 2  72  30  21 0 0 323  7     72  50  99  21  1 0.010
TANBAR 045421 221023 13 O 0  61  47  59 0 0 165  7     61  50 100  59  6 0.250
CHINO  045510 221023 12 R 3  63  49  61 0 0 232  7     64  52 100  61  4 0.190
EL CAR 045619 221023 13 R 3  63  48  59 0 0 163  9     63  47 100  55  5 0.080
CLARK  045624 221023 12 R 2  68  42  39 0 0 290  8     68  52 100  39  0 0.000
TEMESC 045635 221023 12 R 2  67  39  37 0 0  71  5     71  53  87  37  0 0.000
CORONA 045636 221023 13 R 2  68  43  41 0 0 328  6     69  51  96  38  0 0.000
VALLEY 045734 221023 13 R 2  67  46  47 0 0 231  4     67  51 100  47  5 0.130
BELL C 045735 221023 12 R 2  67  49  53 0 0 266 14     69  55  97  50  1 0.010
FREMON 045736 221023 12 R 2  67  46  48 0 0 236 12     67  52 100  48  0 0.000
SAN MI 045737 221023 12 R 2  67  48  52 0 0 241  8     69  56 100  51 10 0.150
SWEETW 045744 221023 12 R 2  61  44  54 0 0 225  8     66  49 100  54  7 0.450
BUD HI 045745 221023 12 R 2  65  45  50 0 0 201  7     67  51 100  50  5 0.160
SAN PA 045746 221023 12 R 1  72  47  42 0 0 267  2     73  53  96  42  4 0.100
JAPATU 045750 221023 12 R 3  61  46  58 0 0 218  6     67  49 100  58  6 0.220
Count:    15  Zone Average:  66  45  48          7  0  68  52  98  47  4 0.117
 
Zone: 510
LYTLE  045108 221023 13 O 0  67  23  19 1 1 115  2 25  67  48  97  19  8 0.410
MILL C 045109 221023 12 R 2  64  35  35 0 0 271  9     67  50 100  35  3 0.080
DEVORE 045113 221023 13 R 2  67  46  48 0 0 221  7     69  53 100  48  3 0.210
BANNIN 045601 221023 13 O 0  61  35  38 1 1 211 11 11  61  46 100  38  2 0.020
BEAUMO 045617 221023 13 R 1  66  34  31 0 0 292  6     66  50 100  31  0 0.000
Count:     5  Zone Average:  65  35  34          7 18  66  50 100  34  3 0.144
 
Zone: 511
FAWNSK 045101 221023 12 R 1  50  15  25 0 0 195  5     56  31 100  25  2 0.020
BIG PI 045102 221023 12 R 1  50  19  29 0 0 248  4     57  35  98  28  0 0.000
CONVER 045105 221023 13 O 0  57  34  41 1 1 242  7 16  58  34  99  41  1 0.020
ROCK C 045111 221023 13 O 0  56  22  26 1 1 293  6     57  41 100  26  3 0.030
HEAPS  045133 221023 13 O 0  45  24  43 1 1   2 11     46  36  98  43  9 0.550
Count:     5  Zone Average:  52  23  33          7 16  55  36  99  33  3 0.124
 
Zone: 512
CRANST 045603 221023 13 O 0  66  42  42 1 1 207  5 11  67  48  99  42  3 0.090
Count:     1  Zone Average:  66  42  42          5 11  67  48  99  42  3 0.090
 
Zone: 513
KEENWI 045604 221023 13 O 0  55  44  66 1 1 289  6 18  56  37 100  66  6 0.220
KENWOR 045605 221023 12 R 1  59  39  48 0 0 294  4     64  35  98  44  3 0.050
VISTA  045612 221023 13 O 0  53  42  66 1 1 219  4     53  40 100  66  7 0.350
ANZA   045616 221023 12 R 3  57  39  52 0 0 313  9     62  39 100  52  4 0.140
SANTA  045623 221023 12 R 2  65  44  48 0 0 206  5     65  51 100  48  4 0.080
CAMERO 045704 221023 13 R 1  59  43  57 0 0 186  9     64  48  98  57  6 0.320
DESCAN 045707 221023 12 R 1  60  45  59 0 0 183  7     67  46 100  57  8 0.490
JULIAN 045708 221023 12 R 2  54  43  67 0 0 253  6     56  43 100  67  8 0.550
MT LAG 045709 221023 12 R 1  53  36  53 0 0 274  4     59  37 100  32  7 0.330
OAK GR 045710 221023 13 R 1  64  39  40 0 0 317 10     67  45  97  40  0 0.000
PINE H 045711 221023 12 R 2  53  43  69 0 0 291  4     58  45  97  69  8 0.440
RANCHI 045729 221023 13 R 1  57  43  61 0 0 271 12     58  41 100  61  7 0.110
POTRER 045730 221023 12 R 2  60  46  60 0 0 267  3     64  51 100  60  6 0.210
PALOMA 045740 221023 13 R 1  52  37  58 0 0 311  6     57  35 100  54  7 0.480
Count:    14  Zone Average:  57  42  58          6 18  61  42  99  55  6 0.269
 
Zone: 514
VALYER 045423 221023 12 O 1  60  24  25 0 0 294  6     72  42  73  25  0 0.000
Count:     1  Zone Average:  60  24  25          6  0  72  42  73  25  0 0.000
 
Zone: 516
YUCCA  045112 221023 12 R 1  64  22  20 0 0   6 12     72  46  87  20  0 0.000
Count:     1  Zone Average:  64  22  20         12  0  72  46  87  20  0 0.000
 
 
 
End of WIMS Bulletin @ 23-OCT-22 21:31:28 GMT
