SHUS65 KMWI 212245
FWOPSR
Weather Information Management System (WIMS)
USDA National Information Technology Center (KMWI)
21-OCT-22 22:45:53 GMT
 
Listing of Forecasted Observations (Phoenix, AZ)
 
ST NME STAT'N   DATE HR T W DBT DPT  RH Y M DIR WS 10 TMX TMN HMX HMN PD1 PD2
------ ------ ------ -- - - --- --- --- - - --- -- -- --- --- --- ---  --  --
NWS Office:  PSR/Zone: 307
CASA G 020906 221022 13 F 1  84  56  39 1 1 225 11  0  88  64  76  26   0   0
CASA G 020906 221023 13 F 1  74  50  43 1 1 248 11  0  86  62  85  33   0   0
CASA G 020906 221024 13 F 0  69  30  24 1 1 315  6  0  74  52  62  24   0   0
CASA G 020906 221025 13 F 0  71  29  21 1 1 360  3  0  71  46  55  21   0   0
CASA G 020906 221026 13 F 0  77  28  17 1 1 203  5  0  77  48  55  17   0   0
CASA G 020906 221027 13 F 0  74  36  26 1 1 248 10  0  79  52  58  16   0   0
CASA G 020906 221028 13 F 0  73  33  23 1 1  23  5  0  75  48  61  23   0   0
SMITH_ 021501 221022 13 F 0  78  54  45 1 1 180 16  0  84  64  57  24   0   0
SMITH_ 021501 221023 13 F 1  67  41  39 1 1 270 10  0  79  59  63  39   0   0
SMITH_ 021501 221024 13 F 0  65  23  20 1 1 338  9  0  67  49  39  20   0   0
SMITH_ 021501 221025 13 F 0  71  22  16 1 1 225  5  0  71  50  33  16   0   0
SMITH_ 021501 221026 13 F 0  74  23  15 1 1 180  8  0  74  53  30  14   0   0
SMITH_ 021501 221027 13 F 0  68  28  23 1 1 293 10  0  74  53  44  15   0   0
SMITH_ 021501 221028 13 F 0  70  27  20 1 1 293  5  0  70  49  41  20   0   0
OATMAN 021502 221022 13 F 0  83  56  41 1 1 203 13  0  89  66  78  23   0   0
OATMAN 021502 221023 13 F 1  75  43  33 1 1 270 12  0  85  62  69  33   0   0
OATMAN 021502 221024 13 F 0  73  22  15 1 1 338  9  0  75  55  35  15   0   0
OATMAN 021502 221025 13 F 0  73  25  17 1 1  45  4  0  74  52  36  14   0   0
OATMAN 021502 221026 13 F 0  78  26  15 1 1 180  5  0  78  53  34  14   0   0
OATMAN 021502 221027 13 F 0  74  33  23 1 1 293 11  0  80  56  54  14   0   0
OATMAN 021502 221028 13 F 0  73  30  21 1 1  45  6  0  76  52  48  17   0   0
BELMON 021504 221022 13 F 1  79  57  48 1 1 180 12  0  85  61  76  24   0   0
BELMON 021504 221023 13 F 1  70  41  36 1 1 248 10  0  81  57  81  36   0   0
BELMON 021504 221024 13 F 0  69  22  17 1 1 338  6  0  71  49  40  17   0   0
BELMON 021504 221025 13 F 0  70  23  17 1 1 180  3  0  71  47  42  15   0   0
BELMON 021504 221026 13 F 0  74  26  17 1 1 180  4  0  74  49  40  15   0   0
BELMON 021504 221027 13 F 0  70  31  24 1 1 293  8  0  75  51  57  16   0   0
BELMON 021504 221028 13 F 0  71  27  20 1 1 135  3  0  71  47  52  20   0   0
GOLDFI 021505 221022 13 F 1  84  56  39 1 1 203  9  0  90  66  63  23   0   0
GOLDFI 021505 221023 13 F 1  73  47  40 1 1 248 11  0  86  63  79  31   0   0
GOLDFI 021505 221024 13 F 0  71  27  20 1 1 315  5  0  74  52  61  20   0   0
GOLDFI 021505 221025 13 F 0  73  28  19 1 1 203  3  0  73  50  46  18   0   0
GOLDFI 021505 221026 13 F 0  78  29  17 1 1 203  4  0  78  52  50  17   0   0
GOLDFI 021505 221027 13 F 0  74  35  25 1 1 248  8  0  80  55  49  16   0   0
GOLDFI 021505 221028 13 F 0  75  32  21 1 1 225  3  0  75  50  54  21   0   0
Count:    35  Zone Average:  74  34  26          8  0  78  54  54  21   0   0
Zone: 309
GLOBE  020601 221022 13 F 1  72  48  43 1 1 225 12  0  80  58  63  26   0   0
GLOBE  020601 221023 13 F 2  59  44  59 1 2 248 17  0  76  53  81  37   0   0
GLOBE  020601 221024 13 F 0  56  24  29 1 1 315 11  0  62  44  70  28   0   0
GLOBE  020601 221025 13 F 0  61  24  25 1 1 225  5  0  64  40  49  23   0   0
GLOBE  020601 221026 13 F 0  65  26  23 1 1 203  8  0  67  44  48  23   0   0
GLOBE  020601 221027 13 F 1  61  32  34 1 1 248 16  0  68  46  51  22   0   0
GLOBE  020601 221028 13 F 0  61  28  29 1 1 135 10  0  64  41  54  27   0   0
TONTO  020606 221022 13 F 1  79  50  37 1 2 180 11  0  85  59  68  23   0   0
TONTO  020606 221023 13 F 2  66  45  48 2 2 225 11  0  81  56  91  32   0   0
TONTO  020606 221024 13 F 0  66  24  21 1 1 338  6  0  68  47  66  21   0   0
TONTO  020606 221025 13 F 0  71  26  19 1 1 225  4  0  71  44  52  18   0   0
TONTO  020606 221026 13 F 0  74  29  19 1 1 203  6  0  74  47  51  18   0   0
TONTO  020606 221027 13 F 1  69  35  29 1 1 225 10  0  75  50  56  17   0   0
TONTO  020606 221028 13 F 0  72  31  22 1 1 180  5  0  72  45  57  22   0   0
SAN CA 020608 221022 13 F 1  81  51  36 1 2 203 10  0  87  59  69  21   0   0
SAN CA 020608 221023 13 F 2  69  47  46 2 2 248 14  0  83  56  83  32   0   0
SAN CA 020608 221024 13 F 0  65  28  25 1 1 315 10  0  70  47  78  25   0   0
SAN CA 020608 221025 13 F 0  69  28  22 1 1 203  5  0  69  40  61  22   0   0
SAN CA 020608 221026 13 F 0  73  30  21 1 1 180  8  0  73  44  59  21   0   0
SAN CA 020608 221027 13 F 1  70  35  28 1 1 248 12  0  75  48  56  20   0   0
SAN CA 020608 221028 13 F 0  70  32  25 1 1 180  5  0  70  42  61  25   0   0
HILLTO 020609 221022 13 F 1  66  48  53 1 2 203 13  0  71  47  90  36   0   0
HILLTO 020609 221023 13 F 2  53  44  73 2 2 225 17  0  68  43 100  49   0   0
HILLTO 020609 221024 13 F 0  51  26  38 1 1 338  9  0  54  33 100  37   0   0
HILLTO 020609 221025 13 F 0  57  27  32 1 1 248  4  0  58  28  76  31   0   0
HILLTO 020609 221026 13 F 0  60  29  31 1 1 203  8  0  61  33  73  31   0   0
HILLTO 020609 221027 13 F 2  55  32  43 1 1 248 12  0  61  35  76  31   0   0
HILLTO 020609 221028 13 F 0  58  30  35 1 1 203  5  0  59  30  81  34   0   0
Count:    28  Zone Average:  65  34  34         10  0  70  45  69  27   0   0
Zone: 310
FORT Y 020102 221022 13 F 0  86  57  38 1 1 180  9  0  91  68  89  26   0   0
FORT Y 020102 221023 13 F 0  77  44  31 1 1 293 11  0  89  64  68  29   0   0
FORT Y 020102 221024 13 F 0  76  23  14 1 1 360 16  0  77  58  37  14   0   0
FORT Y 020102 221025 13 F 0  77  22  13 1 1 360  5  0  77  53  34  12   0   0
FORT Y 020102 221026 13 F 0  82  29  15 1 1 180  8  0  82  56  33  11   0   0
FORT Y 020102 221027 13 F 0  77  35  22 1 1 338 13  0  83  59  63  15   0   0
FORT Y 020102 221028 13 F 0  77  30  18 1 1 360 10  0  78  55  47  18   0   0
CIBOLA 020121 221022 13 F 0  86  50  30 1 1 225 14  0  92  65  92  20   0   0
CIBOLA 020121 221023 13 F 0  76  40  28 1 1 293 11  0  89  61  77  25   0   0
CIBOLA 020121 221024 13 F 0  75  22  14 1 1 360 14  0  77  54  34  13   0   0
CIBOLA 020121 221025 13 F 0  77  22  13 1 1 360  5  0  77  50  35  12   0   0
CIBOLA 020121 221026 13 F 0  81  25  13 1 1 203  6  0  82  53  34  10   0   0
CIBOLA 020121 221027 13 F 0  76  32  20 1 1 338 12  0  83  55  65  12   0   0
CIBOLA 020121 221028 13 F 0  75  28  18 1 1 360  9  0  78  51  49  17   0   0
AHAKAH 021503 221022 13 F 0  87  53  32 1 1 203 14  0  91  61  87  21   0   0
AHAKAH 021503 221023 13 F 0  75  38  27 1 1 293 11  0  89  59  87  26   0   0
AHAKAH 021503 221024 13 F 0  75  27  17 1 1 338 13  0  76  52  43  17   0   0
AHAKAH 021503 221025 13 F 0  76  26  16 1 1 315  4  0  76  48  49  16   0   0
AHAKAH 021503 221026 13 F 0  79  25  14 1 1 180  6  0  79  51  45  14   0   0
AHAKAH 021503 221027 13 F 0  75  31  20 1 1 315 11  0  82  53  59  14   0   0
AHAKAH 021503 221028 13 F 0  74  31  21 1 1 360  5  0  76  49  59  19   0   0
SQUAW_ 045801 221022 13 F 0  87  56  35 1 1 203 10  0  91  67  86  23   0   0
SQUAW_ 045801 221023 13 F 0  77  40  27 1 1 293 12  0  89  63  70  27   0   0
SQUAW_ 045801 221024 13 F 0  76  21  13 1 1 360 13  0  77  57  31  13   0   0
SQUAW_ 045801 221025 13 F 0  78  21  12 1 1 338  4  0  78  53  31  12   0   0
SQUAW_ 045801 221026 13 F 0  81  25  13 1 1 180  5  0  81  56  30  10   0   0
SQUAW_ 045801 221027 13 F 0  76  32  20 1 1 315 11  0  84  58  58  13   0   0
SQUAW_ 045801 221028 13 F 0  76  29  18 1 1 360  6  0  78  54  45  16   0   0
FISH C 045802 221022 13 F 0  84  46  27 1 1 248 11  0  91  69  43  18   0   0
FISH C 045802 221023 13 F 0  74  43  33 1 1 270  9  0  88  63  62  25   0   0
FISH C 045802 221024 13 F 0  72  21  15 1 1 360 10  0  77  60  36  15   0   0
FISH C 045802 221025 13 F 0  77  20  12 1 1  90  4  0  79  61  24  12   0   0
FISH C 045802 221026 13 F 0  79  34  20 1 1 180  6  0  81  62  31  11   0   0
FISH C 045802 221027 13 F 0  75  35  24 1 1 360  9  0  84  61  53  18   0   0
FISH C 045802 221028 13 F 0  75  28  18 1 1  68  5  0  78  61  32  17   0   0
Count:    35  Zone Average:  78  33  21          9  0  82  58  52  17   0   0
 
 
 
End of WIMS Bulletin @ 21-OCT-22 22:45:53 GMT

