SHUS65 KMWI 212245
FWOFGZ
Weather Information Management System (WIMS)
USDA National Information Technology Center (KMWI)
21-OCT-22 22:45:52 GMT
 
Listing of Forecasted Observations (Flagstaff, AZ)
 
ST NME STAT'N   DATE HR T W DBT DPT  RH Y M DIR WS 10 TMX TMN HMX HMN PD1 PD2
------ ------ ------ -- - - --- --- --- - - --- -- -- --- --- --- ---  --  --
NWS Office:  FGZ/Zone: 302
IRON S 020501 221022 13 F 1  63  48  58 1 2 203 17  0  69  45  89  36   0   0
IRON S 020501 221023 13 F 2  51  38  61 2 2 248 13  0  64  44  98  56   0   0
IRON S 020501 221024 13 F 0  53  19  27 1 1 360 13  0  53  32  67  27   0   0
IRON S 020501 221025 13 F 0  60  23  24 1 1 293  6  0  60  30  68  24   0   0
IRON S 020501 221026 13 F 0  61  24  25 1 1 225 11  0  61  35  59  23   0   0
IRON S 020501 221027 13 F 1  54  28  37 1 1 270 16  0  61  38  70  25   0   0
IRON S 020501 221028 13 F 0  58  25  28 1 1 180  9  0  58  30  76  28   0   0
CROWN  020502 221022 13 F 1  62  50  65 1 2 203 13  0  70  44  89  33   0   0
CROWN  020502 221023 13 F 2  53  38  58 2 2 248 11  0  64  44  96  58   0   0
CROWN  020502 221024 13 F 0  56  21  26 1 1 360 13  0  56  33  75  26   0   0
CROWN  020502 221025 13 F 0  59  22  24 1 1 248  6  0  59  30  59  24   0   0
CROWN  020502 221026 13 F 0  60  23  24 1 1 203  8  0  60  34  56  24   0   0
CROWN  020502 221027 13 F 1  55  28  36 1 1 270 12  0  60  38  62  24   0   0
CROWN  020502 221028 13 F 0  58  25  28 1 1 203  8  0  58  30  70  28   0   0
VERDE  020503 221022 13 F 1  76  53  45 1 2 180 14  0  82  49  96  25   0   0
VERDE  020503 221023 13 F 2  64  43  47 2 2 248 10  0  78  52 100  39   0   0
VERDE  020503 221024 13 F 0  65  25  22 1 1 338 11  0  65  38  79  22   0   0
VERDE  020503 221025 13 F 0  71  29  21 1 1 270  4  0  71  35  76  20   0   0
VERDE  020503 221026 13 F 0  72  29  21 1 1 203 10  0  72  39  75  20   0   0
VERDE  020503 221027 13 F 1  65  33  31 1 1 248 12  0  73  44  74  20   0   0
VERDE  020503 221028 13 F 0  70  31  24 1 1 270  6  0  70  36  82  24   0   0
HUMBUG 020508 221022 13 F 1  65  49  58 1 2 203 13  0  72  55  67  31   0   0
HUMBUG 020508 221023 13 F 2  55  40  59 2 2 248 11  0  66  50  84  56   0   0
HUMBUG 020508 221024 13 F 0  56  19  24 1 1 360 12  0  56  42  59  24   0   0
HUMBUG 020508 221025 13 F 0  60  23  24 1 1 225  8  0  60  42  41  23   0   0
HUMBUG 020508 221026 13 F 0  61  22  23 1 1 203  9  0  61  45  40  23   0   0
HUMBUG 020508 221027 13 F 1  57  29  35 1 1 248 13  0  61  46  49  23   0   0
HUMBUG 020508 221028 13 F 0  59  24  26 1 1 180  9  0  59  41  46  26   0   0
STANTO 020509 221022 13 F 1  72  53  53 1 2 180 13  0  80  60  62  26   0   0
STANTO 020509 221023 13 F 1  62  41  46 2 1 270 11  0  73  53  78  46   0   0
STANTO 020509 221024 13 F 0  64  20  19 1 1 338 11  0  64  44  46  19   0   0
STANTO 020509 221025 13 F 0  67  22  18 1 1 248  6  0  67  47  36  18   0   0
STANTO 020509 221026 13 F 0  69  23  18 1 1 180  9  0  69  51  33  17   0   0
STANTO 020509 221027 13 F 0  64  29  27 1 1 270 14  0  69  47  53  18   0   0
STANTO 020509 221028 13 F 0  67  26  22 1 1 203  8  0  67  47  42  22   0   0
SUNSET 020510 221022 13 F 1  73  51  47 1 2 180 13  0  80  55  72  25   0   0
SUNSET 020510 221023 13 F 1  62  42  49 2 2 225 11  0  74  51  89  43   0   0
SUNSET 020510 221024 13 F 0  64  22  20 1 1 338 11  0  64  42  54  20   0   0
SUNSET 020510 221025 13 F 0  68  25  20 1 1 158  5  0  68  43  49  19   0   0
SUNSET 020510 221026 13 F 0  69  26  20 1 1 203  8  0  69  47  45  19   0   0
SUNSET 020510 221027 13 F 0  65  32  29 1 1 248 12  0  70  46  58  19   0   0
SUNSET 020510 221028 13 F 0  67  26  22 1 1 158  6  0  67  43  52  22   0   0
CHERRY 020511 221022 13 F 1  67  48  52 1 2 203 17  0  74  45  89  30   0   0
CHERRY 020511 221023 13 F 2  56  38  51 2 2 248 10  0  68  47  93  49   0   0
CHERRY 020511 221024 13 F 0  58  23  26 1 1 338 12  0  58  35  63  26   0   0
CHERRY 020511 221025 13 F 0  63  24  23 1 1 270  6  0  63  31  65  23   0   0
CHERRY 020511 221026 13 F 1  64  26  24 1 1 203 11  0  64  35  63  23   0   0
CHERRY 020511 221027 13 F 1  57  31  37 1 1 248 13  0  65  41  59  24   0   0
CHERRY 020511 221028 13 F 0  61  26  27 1 1 180  8  0  61  31  71  27   0   0
PAYSON 020602 221022 13 F 1  67  47  49 1 2 203 11  0  74  48  86  29   0   0
PAYSON 020602 221023 13 F 2  54  41  63 2 2 225 11  0  69  48  97  45   0   0
PAYSON 020602 221024 13 F 0  56  20  25 1 1 338 11  0  56  36  72  25   0   0
PAYSON 020602 221025 13 F 0  63  24  23 1 1 270  5  0  63  32  63  23   0   0
PAYSON 020602 221026 13 F 0  64  26  24 1 1 225  8  0  64  37  61  23   0   0
PAYSON 020602 221027 13 F 1  57  32  39 1 1 225 12  0  64  40  64  24   0   0
PAYSON 020602 221028 13 F 0  62  27  27 1 1 180  6  0  62  34  70  27   0   0
PLEASA 020603 221022 13 F 1  68  48  49 1 2 203 12  0  73  45  93  33   0   0
PLEASA 020603 221023 13 F 2  54  43  67 2 2 248 14  0  69  48  93  45   0   5
PLEASA 020603 221024 13 F 0  56  22  27 1 1 338 11  0  56  35  83  27   0   0
PLEASA 020603 221025 13 F 0  63  24  23 1 1 270  5  0  63  29  71  23   0   0
PLEASA 020603 221026 13 F 0  65  28  25 1 1 225  9  0  65  34  69  23   0   0
PLEASA 020603 221027 13 F 2  57  34  42 1 1 248 16  0  65  39  65  25   0   0
PLEASA 020603 221028 13 F 0  63  29  28 1 1 180  8  0  63  31  79  28   0   0
RED LA 020610 221022 13 F 1  62  44  52 1 1 203 16  0  67  43  93  34   0   0
RED LA 020610 221023 13 F 2  48  38  69 1 2 225 16  0  63  44  96  48   0   8
RED LA 020610 221024 13 F 0  48  18  31 1 1 338 11  0  48  31  90  31   0   0
RED LA 020610 221025 13 F 0  58  21  24 1 1 270  5  0  58  27  70  24   0   0
RED LA 020610 221026 13 F 0  58  24  27 1 1 225 10  0  58  31  72  24   0   0
RED LA 020610 221027 13 F 2  50  30  47 1 1 248 16  0  58  36  68  27   0   0
RED LA 020610 221028 13 F 0  55  24  31 1 1 360  9  0  55  28  82  31   0   0
Count:    70  Zone Average:  61  31  35         11  0  65  41  70  28   0   0
Zone: 303
TUSAYA 020207 221022 13 F 1  60  40  49 1 1 225 21  0  64  35 100  29   0   0
TUSAYA 020207 221023 13 F 1  44  22  43 1 1 270 13  0  61  39  93  43   0   0
TUSAYA 020207 221024 13 F 0  46  17  32 1 1 338 10  0  46  21  84  32   0   0
TUSAYA 020207 221025 13 F 0  54  19  26 1 1 270  6  0  54  17  99  26   0   0
TUSAYA 020207 221026 13 F 1  56  22  27 1 1 248 13  0  56  24  83  26   0   0
TUSAYA 020207 221027 13 F 1  47  23  39 1 1 293 11  0  57  29  78  26   0   0
TUSAYA 020207 221028 13 F 1  51  19  28 1 1  68  8  0  51  18  94  28   0   0
FLAGST 020209 221022 13 F 1  56  43  62 1 1 225 20  0  62  37 100  38   0   0
FLAGST 020209 221023 13 F 2  44  32  64 1 1 248 14  0  57  39 100  59   0   0
FLAGST 020209 221024 13 F 0  45  17  33 1 1 360 13  0  46  25  76  32   0   0
FLAGST 020209 221025 13 F 0  55  22  28 1 1 248  8  0  55  22  76  27   0   0
FLAGST 020209 221026 13 F 1  54  24  31 1 1 225 13  0  55  27  77  27   0   0
FLAGST 020209 221027 13 F 1  45  25  46 1 1 248 14  0  54  32  77  30   0   0
FLAGST 020209 221028 13 F 1  50  21  32 1 1 113 10  0  50  24  83  31   0   0
BRIGHT 020211 221022 13 F 1  57  36  47 1 1 225 21  0  61  36  92  28   0   0
BRIGHT 020211 221023 13 F 1  40  19  43 1 1 270 12  0  58  33  95  43   0   0
BRIGHT 020211 221024 13 F 0  43  15  33 1 1 338 10  0  43  22  69  33   0   0
BRIGHT 020211 221025 13 F 0  50  19  29 1 1 248  6  0  50  23  63  29   0   0
BRIGHT 020211 221026 13 F 1  52  19  27 1 1 225 11  0  52  28  63  27   0   0
BRIGHT 020211 221027 13 F 1  41  20  44 1 1 270 11  0  53  28  71  26   0   0
BRIGHT 020211 221028 13 F 0  46  16  30 1 1  68  6  0  46  22  64  30   0   0
DRYPAR 020212 221022 13 F 1  53  34  50 1 1 225 23  0  56  34  96  30   0   0
DRYPAR 020212 221023 13 F 2  34  18  52 1 1 270 13  0  53  31  92  48   7   0
DRYPAR 020212 221024 13 F 0  38  14  38 1 1 338 11  0  38  18  82  38   0   0
DRYPAR 020212 221025 13 F 0  47  20  34 1 1 270  6  0  47  20  73  34   0   0
DRYPAR 020212 221026 13 F 1  46  19  34 1 1 225 11  0  47  25  74  33   0   0
DRYPAR 020212 221027 13 F 1  37  19  49 1 1 293 11  0  46  26  78  34   0   0
DRYPAR 020212 221028 13 F 1  43  16  34 1 1 203  6  0  43  19  73  34   0   0
FRAZIE 020213 221022 13 F 1  60  39  46 1 1 225 25  0  64  46  68  29   0   0
FRAZIE 020213 221023 13 F 1  43  20  40 1 1 270 11  0  61  36  88  40   0   0
FRAZIE 020213 221024 13 F 0  46  14  28 1 1 338 12  0  46  28  63  28   0   0
FRAZIE 020213 221025 13 F 0  54  19  26 1 1 293  6  0  54  33  50  26   0   0
FRAZIE 020213 221026 13 F 1  55  20  26 1 1 225 13  0  55  38  46  26   0   0
FRAZIE 020213 221027 13 F 1  46  21  38 1 1 315 11  0  55  33  72  26   0   0
FRAZIE 020213 221028 13 F 0  51  18  27 1 1  90  6  0  51  30  58  27   0   0
MORMON 020215 221022 13 F 1  56  43  62 1 1 225 24  0  60  38 100  44   0   0
MORMON 020215 221023 13 F 2  41  36  85 1 1 248 17  0  57  41  94  59   0   5
MORMON 020215 221024 13 F 0  43  19  38 1 1 360 14  0  43  26  85  38   0   0
MORMON 020215 221025 13 F 0  53  23  32 1 1 225  8  0  53  23  78  31   0   0
MORMON 020215 221026 13 F 1  52  25  35 1 1 225 13  0  53  28  78  32   0   0
MORMON 020215 221027 13 F 2  43  27  55 1 1 248 16  0  53  34  74  34   0   0
MORMON 020215 221028 13 F 1  45  23  42 1 1  90 11  0  45  23  87  42   0   0
WARM S 020216 221022 13 F 0  55  34  45 1 1 225 25  0  59  37  85  29   0   0
WARM S 020216 221023 13 F 1  36  19  50 1 1 270 16  0  56  31  96  43   7   0
WARM S 020216 221024 13 F 0  39  17  41 1 1 338 12  0  39  21  82  41   0   0
WARM S 020216 221025 13 F 0  47  20  34 1 1 270  6  0  47  22  74  34   0   0
WARM S 020216 221026 13 F 1  49  21  33 1 1 225 11  0  49  29  68  33   0   0
WARM S 020216 221027 13 F 1  39  21  49 1 1 293 13  0  49  27  79  33   0   0
WARM S 020216 221028 13 F 1  44  17  34 1 1  90  6  0  44  21  73  34   0   0
OAK CR 020219 221022 13 F 1  67  47  50 1 2 203 16  0  74  47  83  30   0   0
OAK CR 020219 221023 13 F 2  55  39  56 2 2 225 12  0  69  43  96  47   0   0
OAK CR 020219 221024 13 F 0  58  22  25 1 1 360 10  0  58  33  69  25   0   0
OAK CR 020219 221025 13 F 0  66  27  23 1 1 225  6  0  66  33  62  23   0   0
OAK CR 020219 221026 13 F 1  65  28  25 1 1 203 11  0  66  38  59  23   0   0
OAK CR 020219 221027 13 F 1  58  31  36 1 1 248 13  0  65  39  67  25   0   0
OAK CR 020219 221028 13 F 0  63  27  26 1 1 113 10  0  63  34  67  26   0   0
LINDBE 020220 221022 13 F 1  52  34  52 1 1 225 24  0  56  32 100  31   0   0
LINDBE 020220 221023 13 F 2  36  18  48 1 1 270 12  0  53  32  96  48   0   0
LINDBE 020220 221024 13 F 0  39  14  36 1 1 338 11  0  39  20  76  36   0   0
LINDBE 020220 221025 13 F 0  46  18  33 1 1 248  6  0  46  18  77  33   0   0
LINDBE 020220 221026 13 F 1  47  17  31 1 1 225 11  0  47  23  76  31   0   0
LINDBE 020220 221027 13 F 1  37  19  49 1 1 270 11  0  48  26  72  31   0   0
LINDBE 020220 221028 13 F 1  42  15  34 1 1 135  6  0  42  18  79  34   0   0
GUNSIG 020223 221022 13 F 1  68  36  31 1 1 225 23  0  72  46  68  20   0   0
GUNSIG 020223 221023 13 F 1  49  19  31 1 1 270 13  0  69  41  81  29   7   0
GUNSIG 020223 221024 13 F 0  51  19  29 1 1 338 10  0  51  29  72  28   0   0
GUNSIG 020223 221025 13 F 0  57  21  25 1 1 270  5  0  57  32  57  25   0   0
GUNSIG 020223 221026 13 F 1  61  23  24 1 1 225 10  0  61  37  58  24   0   0
GUNSIG 020223 221027 13 F 1  52  23  33 1 1 315 11  0  61  36  65  22   0   0
GUNSIG 020223 221028 13 F 0  56  19  24 1 1 360  6  0  56  30  62  24   0   0
PARIA  020226 221022 13 F 0  63  34  35 1 1 225 20  0  67  43  67  21   0   0
PARIA  020226 221023 13 F 1  43  15  33 1 1 270 14  0  65  36  82  30   6   0
PARIA  020226 221024 13 F 0  46  14  28 1 1 338 13  0  47  26  68  27   0   0
PARIA  020226 221025 13 F 0  51  17  26 1 1 203  6  0  52  28  56  25   0   0
PARIA  020226 221026 13 F 1  54  21  28 1 1 225  8  0  55  33  56  24   0   0
PARIA  020226 221027 13 F 1  46  21  37 1 1 293 13  0  56  31  67  25   0   0
PARIA  020226 221028 13 F 1  47  17  30 1 1  68  6  0  48  27  60  28   0   0
FOUR S 020227 221022 13 F 1  63  34  34 1 1 225 20  0  67  45  60  20   0   0
FOUR S 020227 221023 13 F 1  42  16  35 1 1 270 16  0  64  36  85  30   7   0
FOUR S 020227 221024 13 F 0  46  15  29 1 1 338 12  0  46  27  69  29   0   0
FOUR S 020227 221025 13 F 0  53  19  26 1 1 270  6  0  53  31  50  26   0   0
FOUR S 020227 221026 13 F 1  55  20  26 1 1 248  9  0  55  36  53  26   0   0
FOUR S 020227 221027 13 F 1  46  21  37 1 1 293 13  0  56  34  62  24   0   0
FOUR S 020227 221028 13 F 1  48  16  28 1 1  90  6  0  48  29  59  28   0   0
GREENB 020284 221022 13 F 1  57  42  59 1 1 203 18  0  61  33 100  39   0   0
GREENB 020284 221023 13 F 2  43  30  60 1 1 248 12  0  58  39  94  55   0   0
GREENB 020284 221024 13 F 0  45  16  32 1 1 360 11  0  45  23  82  32   0   0
GREENB 020284 221025 13 F 0  54  20  27 1 1 293  6  0  54  18  86  27   0   0
GREENB 020284 221026 13 F 1  54  23  30 1 1 225 11  0  54  26  79  27   0   0
GREENB 020284 221027 13 F 1  45  26  47 1 1 270 13  0  54  30  81  30   0   0
GREENB 020284 221028 13 F 1  52  20  29 1 1 180  8  0  52  21  86  29   0   0
Count:    91  Zone Average:  50  23  37         12  0  54  30  76  32   0   0
Zone: 304
HOPI   020312 221022 13 F 0  69  40  35 1 1 203 19  0  69  41  96  25   0   0
HOPI   020312 221023 13 F 2  53  28  39 1 1 270 18  0  70  47  83  31   0   0
HOPI   020312 221024 13 F 0  52  19  28 1 1 338 14  0  53  31  70  28   0   0
HOPI   020312 221025 13 F 0  56  20  25 1 1 248  5  0  56  26  77  25   0   0
HOPI   020312 221026 13 F 1  62  24  24 1 1 225  9  0  62  30  74  24   0   0
HOPI   020312 221027 13 F 1  54  26  34 1 1 270 16  0  63  38  63  22   0   0
HOPI   020312 221028 13 F 0  55  22  28 1 1 338  4  0  55  27  75  28   0   0
PINEY  020402 221022 13 F 0  57  34  43 1 1 225 20  0  57  39  85  34   0   0
PINEY  020402 221023 13 F 2  38  32  81 1 1 248 20  0  58  38  91  37   0   8
PINEY  020402 221024 13 F 1  36  18  48 1 1 338 16  0  38  23  85  48   0   0
PINEY  020402 221025 13 F 0  45  17  33 1 1 293  9  0  45  24  67  33   0   0
PINEY  020402 221026 13 F 1  49  20  32 1 1 248 11  0  49  28  65  32   0   0
PINEY  020402 221027 13 F 2  39  21  50 1 1 248 16  0  49  31  67  32   0   0
PINEY  020402 221028 13 F 1  43  20  41 1 1 293  6  0  43  25  79  41   0   0
Count:    14  Zone Average:  51  24  39         13  0  55  32  77  32   0   1
Zone: 308
PROMON 020221 221022 13 F 1  53  43  69 1 1 203 20  0  59  42  96  45   0   0
PROMON 020221 221023 13 F 2  38  37  98 1 2 225 18  0  54  38 100  66   0   8
PROMON 020221 221024 13 F 0  38  18  44 1 1 360 13  0  38  26  98  44   0   0
PROMON 020221 221025 13 F 0  50  22  33 1 1 248  6  0  50  26  63  33   0   0
PROMON 020221 221026 13 F 0  50  24  36 1 1 225 11  0  50  31  65  33   0   0
PROMON 020221 221027 13 F 2  40  28  63 1 1 248 16  0  50  34  68  35   0   0
PROMON 020221 221028 13 F 0  46  23  41 1 1 315 10  0  46  27  75  41   0   0
HEBER  020301 221022 13 F 0  60  40  49 1 1 203 23  0  66  42  96  34   0   0
HEBER  020301 221023 13 F 2  47  37  68 1 1 225 20  0  61  44  91  48   0   6
HEBER  020301 221024 13 F 0  44  19  37 1 1 338 13  0  48  29  86  37   0   0
HEBER  020301 221025 13 F 0  54  20  27 1 1 360  6  0  54  24  71  27   0   0
HEBER  020301 221026 13 F 0  57  24  28 1 1 225 11  0  57  29  73  27   0   0
HEBER  020301 221027 13 F 2  47  27  47 1 1 248 17  0  57  37  62  28   0   0
HEBER  020301 221028 13 F 0  49  22  35 1 1 360 10  0  49  26  85  35   0   0
LAKESI 020303 221022 13 F 1  62  43  50 1 1 203 20  0  66  46  86  36   0   0
LAKESI 020303 221023 13 F 2  48  39  73 1 1 225 20  0  63  43  96  46   0   0
LAKESI 020303 221024 13 F 1  43  22  43 1 1 338  9  0  48  30  85  43   0   0
LAKESI 020303 221025 13 F 0  54  23  30 1 1 360  6  0  54  25  70  30   0   0
LAKESI 020303 221026 13 F 0  57  26  31 1 1 225 11  0  57  31  68  30   0   0
LAKESI 020303 221027 13 F 2  49  28  44 1 1 225 19  0  57  36  65  31   0   0
LAKESI 020303 221028 13 F 1  52  27  38 1 1 338 10  0  52  27  81  38   0   0
LIMEST 020309 221022 13 F 1  62  44  52 1 1 203 20  0  67  46  80  34   0   0
LIMEST 020309 221023 13 F 2  48  39  73 1 1 225 19  0  63  45  89  48   0   6
LIMEST 020309 221024 13 F 0  46  21  37 1 1 360 11  0  48  32  78  37   0   0
LIMEST 020309 221025 13 F 0  55  22  28 1 1 360  6  0  55  29  59  28   0   0
LIMEST 020309 221026 13 F 0  58  26  30 1 1 203 11  0  58  34  59  28   0   0
LIMEST 020309 221027 13 F 2  49  29  46 1 1 225 17  0  58  37  58  29   0   0
LIMEST 020309 221028 13 F 0  52  24  34 1 1 360 10  0  52  30  68  34   0   0
MOUNTA 020310 221022 13 F 2  62  44  52 1 2 225 16  0  65  41 100  37   0   0
MOUNTA 020310 221023 13 F 2  49  40  71 2 2 225 16  0  62  42  96  51   0   0
MOUNTA 020310 221024 13 F 1  45  22  40 1 1 315 13  0  49  30  99  39   0   0
MOUNTA 020310 221025 13 F 0  55  24  31 1 1 270  5  0  55  22  80  30   0   0
MOUNTA 020310 221026 13 F 0  57  26  31 1 1 225  9  0  57  29  78  30   0   0
MOUNTA 020310 221027 13 F 2  49  27  43 1 1 248 17  0  57  33  69  30   0   0
MOUNTA 020310 221028 13 F 0  54  26  34 1 1 248  6  0  54  24  91  34   0   0
ALPINE 020401 221022 13 F 1  58  40  53 1 2 225 19  0  63  39 100  35   0   0
ALPINE 020401 221023 13 F 2  48  34  60 2 1 225 21  0  61  40  93  48   0   0
ALPINE 020401 221024 13 F 1  39  21  49 1 1 315 17  0  49  28  96  48   0   0
ALPINE 020401 221025 13 F 0  50  23  35 1 1 293  6  0  51  21  77  35   0   0
ALPINE 020401 221026 13 F 0  53  26  35 1 1 225 11  0  54  26  79  34   0   0
ALPINE 020401 221027 13 F 2  46  24  43 1 1 225 19  0  54  32  62  34   0   0
ALPINE 020401 221028 13 F 0  50  24  36 1 1 270  9  0  51  24  85  34   0   0
GREER  020404 221022 13 F 1  57  39  51 1 1 225 21  0  60  42  89  37   0   0
GREER  020404 221023 13 F 2  44  35  72 1 1 225 24  0  58  39  85  47   0   0
GREER  020404 221024 13 F 1  35  20  56 1 1 315 16  0  44  26  96  56   0   0
GREER  020404 221025 13 F 0  48  24  39 1 1 293  5  0  48  22  75  39   0   0
GREER  020404 221026 13 F 0  51  26  38 1 1 225 11  0  51  28  71  38   0   0
GREER  020404 221027 13 F 2  42  25  51 1 1 248 21  0  51  32  68  38   0   0
GREER  020404 221028 13 F 1  47  25  42 1 1 270  8  0  47  24  85  42   0   0
SHADOW 020611 221022 13 F 1  66  45  48 1 2 203 13  0  71  47  86  32   0   0
SHADOW 020611 221023 13 F 2  51  40  68 2 2 225 13  0  66  45 100  48   6   5
SHADOW 020611 221024 13 F 0  54  20  27 1 1 338 11  0  54  33  78  27   0   0
SHADOW 020611 221025 13 F 0  63  24  23 1 1 248  5  0  63  32  63  23   0   0
SHADOW 020611 221026 13 F 0  63  26  25 1 1 225 10  0  63  37  60  23   0   0
SHADOW 020611 221027 13 F 2  54  31  42 1 1 225 13  0  63  40  66  25   0   0
SHADOW 020611 221028 13 F 1  60  26  28 1 1  23  8  0  60  33  71  28   0   0
PINE   020612 221022 13 F 1  66  45  48 1 2 203 12  0  72  46  86  30   0   0
PINE   020612 221023 13 F 2  53  41  64 2 2 225 12  0  66  46  96  48   6   0
PINE   020612 221024 13 F 0  55  20  26 1 1 338 11  0  55  34  70  26   0   0
PINE   020612 221025 13 F 0  61  23  24 1 1 270  5  0  61  31  67  24   0   0
PINE   020612 221026 13 F 0  63  25  24 1 1 225 10  0  63  36  62  24   0   0
PINE   020612 221027 13 F 1  55  31  40 1 1 225 13  0  63  39  64  24   0   0
PINE   020612 221028 13 F 0  61  26  27 1 1 203  8  0  61  32  72  27   0   0
Count:    63  Zone Average:  52  29  44         13  0  57  34  79  36   0   0
 
 
 
End of WIMS Bulletin @ 21-OCT-22 22:45:52 GMT

