SHUS65 KMWI 212244
FWOCYS
Weather Information Management System (WIMS)
USDA National Information Technology Center (KMWI)
21-OCT-22 22:44:42 GMT
 
Listing of Forecasted Observations (Cheyenne, WY)
 
ST NME STAT'N   DATE HR T W DBT DPT  RH Y M DIR WS 10 TMX TMN HMX HMN PD1 PD2
------ ------ ------ -- - - --- --- --- - - --- -- -- --- --- --- ---  --  --
Stations not in a Zone:
AGATE  250105 221022 13 F 1  73  22  15 1 1 225 21  0  74  43  38  11   0   0
AGATE  250105 221023 13 F 2  54  33  46 1 1 315 14  0  74  41  65  15   0   0
AGATE  250105 221024 13 F 1  40  21  48 1 1 315 21  0  54  27  89  46   0   0
AGATE  250105 221025 13 F 1  52  25  36 1 1 315 16  0  52  28  75  36   0   0
AGATE  250105 221026 13 F 1  53  26  35 1 1 225 12  0  53  28  85  35   0   0
AGATE  250105 221027 13 F 2  46  26  47 1 1 360 11  0  53  29  85  33   0   0
AGATE  250105 221028 13 F 1  49  23  37 1 1 293 11  0  49  24  92  37   0   0
KINCAN 250203 221022 13 F 1  75  22  14 1 1 225 24  0  75  51  28  13   0   0
KINCAN 250203 221023 13 F 2  56  33  42 1 1 338 14  0  77  47  50  13   0   0
KINCAN 250203 221024 13 F 1  39  21  50 1 1 315 21  0  56  33  79  42   0   0
KINCAN 250203 221025 13 F 1  51  25  37 1 1 315 16  0  51  32  63  37   0   0
KINCAN 250203 221026 13 F 1  52  27  38 1 1 225 14  0  52  33  69  37   0   0
KINCAN 250203 221027 13 F 2  46  27  49 1 1 360 11  0  52  35  75  38   0   0
KINCAN 250203 221028 13 F 1  47  25  43 1 1 293 11  0  47  31  78  43   0   0
SCOTTS 251905 221022 13 F 1  78  23  13 1 1 225 17  0  79  43  41  10   0   0
SCOTTS 251905 221023 13 F 2  61  33  36 1 1 315 12  0  79  44  55  12   0   0
SCOTTS 251905 221024 13 F 1  46  21  38 1 1 315 20  0  61  32  76  36   0   0
SCOTTS 251905 221025 13 F 1  56  25  30 1 1 315 17  0  56  31  69  30   0   0
SCOTTS 251905 221026 13 F 1  58  26  30 1 1 225 11  0  58  31  75  30   0   0
SCOTTS 251905 221027 13 F 2  52  27  39 1 1 360  9  0  58  33  78  29   0   0
SCOTTS 251905 221028 13 F 1  54  24  32 1 1 293 11  0  54  29  85  32   0   0
SANDST 482012 221022 13 F 2  52  22  31 1 1 225 27  0  57  39  42  16   0   0
SANDST 482012 221023 13 F 7  31  24  78 1 2 270 11  0  53  31  92  28  11   8
SANDST 482012 221024 13 F 2  26  16  68 1 1 270 12  0  31  20  84  68  15   0
SANDST 482012 221025 13 F 2  30  21  69 1 1 225 12  0  30  19  84  68   0   0
SANDST 482012 221026 13 F 2  34  23  64 1 1 225 12  0  34  24  81  64   0   0
SANDST 482012 221027 13 F 2  30  20  66 1 1 270  7  0  34  24  81  64   0   0
SANDST 482012 221028 13 F 1  31  15  53 1 1 225  9  0  31  17  81  53   0   0
ESTERB 482102 221022 13 F 2  60  22  23 1 1 248 27  0  64  50  27  14   0   0
ESTERB 482102 221023 13 F 6  38  29  70 1 1 315 17  0  62  38  70  21   0   7
ESTERB 482102 221024 13 F 1  31  19  61 1 1 293 18  0  38  26  78  61  10   0
ESTERB 482102 221025 13 F 1  39  23  54 1 1 270 17  0  39  30  63  53   0   0
ESTERB 482102 221026 13 F 2  43  23  45 1 1 248 16  0  43  34  61  45   0   0
ESTERB 482102 221027 13 F 2  36  21  56 1 1 338 11  0  43  32  69  45   0   0
ESTERB 482102 221028 13 F 1  40  18  42 1 1 270 13  0  40  30  69  42   0   0
DODGE  482106 221022 13 F 2  59  19  21 1 1 248 32  0  60  44  33  15   0   0
DODGE  482106 221023 13 F 7  39  27  64 1 1 293 16  0  59  39  73  21   0   3
DODGE  482106 221024 13 F 1  30  17  58 1 1 293 21  0  39  22  85  58  10   0
DODGE  482106 221025 13 F 1  37  21  52 1 1 270 21  0  37  24  77  52   0   0
DODGE  482106 221026 13 F 1  42  21  43 1 1 270 15  0  42  25  78  43   0   0
DODGE  482106 221027 13 F 2  34  19  56 1 1 338 11  0  42  26  81  43   0   0
DODGE  482106 221028 13 F 1  37  17  44 1 1 270 16  0  37  21  84  44   0   0
NWS Office:  CYS/Zone: 283
SHARPN 481412 221022 13 F 2  59  29  33 1 1 225 16  0  71  47  42  14   0   0
SHARPN 481412 221023 13 F 8  38  30  73 1 1 360  9  0  59  32  96  33   9   8
SHARPN 481412 221024 13 F 1  39  24  56 1 1 180  5  0  39  21  93  56  10   0
SHARPN 481412 221025 13 F 1  45  28  53 1 1 203  6  0  45  24  79  53   0   0
SHARPN 481412 221026 13 F 1  45  25  46 1 1 225  8  0  46  24  78  46   0   0
SHARPN 481412 221027 13 F 1  40  26  57 1 1 338  6  0  46  24  83  45   3   0
SHARPN 481412 221028 13 F 1  46  27  49 1 1 180  7  0  46  20  82  49   0   0
Count:     7  Zone Average:  45  27  53          8  0  50  28  79  42   3   1
Zone: 296
COW CR 482011 221022 13 F 2  57  23  27 1 1 225 28  0  63  40  42  13   0   0
COW CR 482011 221023 13 F 7  34  25  72 1 1 293 12  0  58  33  92  26  11   8
COW CR 482011 221024 13 F 2  29  19  66 1 1 270 12  0  34  22  88  66  11   0
COW CR 482011 221025 13 F 1  33  21  63 1 1 225 13  0  33  20  81  63   0   0
COW CR 482011 221026 13 F 2  36  23  61 1 1 225 11  0  36  25  84  61   0   0
COW CR 482011 221027 13 F 2  33  21  63 1 1 293  8  0  37  25  85  59   0   0
COW CR 482011 221028 13 F 1  32  18  58 1 1 225  9  0  33  18  81  58   0   0
SANDST 482012 221022 13 F 2  52  22  31 1 1 225 27  0  57  39  42  16   0   0
SANDST 482012 221023 13 F 7  31  24  78 1 2 270 11  0  53  31  92  28  11   8
SANDST 482012 221024 13 F 2  26  16  68 1 1 270 12  0  31  20  84  68  15   0
SANDST 482012 221025 13 F 2  30  21  69 1 1 225 12  0  30  19  84  68   0   0
SANDST 482012 221026 13 F 2  34  23  64 1 1 225 12  0  34  24  81  64   0   0
SANDST 482012 221027 13 F 2  30  20  66 1 1 270  7  0  34  24  81  64   0   0
SANDST 482012 221028 13 F 1  31  15  53 1 1 225  9  0  31  17  81  53   0   0
ESTERB 482102 221022 13 F 2  60  22  23 1 1 248 27  0  64  50  27  14   0   0
ESTERB 482102 221023 13 F 6  38  29  70 1 1 315 17  0  62  38  70  21   0   7
ESTERB 482102 221024 13 F 1  31  19  61 1 1 293 18  0  38  26  78  61  10   0
ESTERB 482102 221025 13 F 1  39  23  54 1 1 270 17  0  39  30  63  53   0   0
ESTERB 482102 221026 13 F 2  43  23  45 1 1 248 16  0  43  34  61  45   0   0
ESTERB 482102 221027 13 F 2  36  21  56 1 1 338 11  0  43  32  69  45   0   0
ESTERB 482102 221028 13 F 1  40  18  42 1 1 270 13  0  40  30  69  42   0   0
SAWMIL 482105 221022 13 F 1  51  19  29 1 1 248 35  0  54  33  49  19   0   0
SAWMIL 482105 221023 13 F 7  37  25  63 1 2 248 17  0  52  31  85  28   0   7
SAWMIL 482105 221024 13 F 2  26  15  64 2 1 270 17  0  37  16  92  61  15   0
SAWMIL 482105 221025 13 F 1  34  21  60 1 1 270 17  0  34  17  84  58   0   0
SAWMIL 482105 221026 13 F 2  36  20  54 1 1 225 14  0  36  19  84  54   0   0
SAWMIL 482105 221027 13 F 2  31  19  61 1 1 270  9  0  36  21  88  54   0   0
SAWMIL 482105 221028 13 F 1  33  14  46 1 1 270 12  0  33  15  88  45   0   0
DODGE  482106 221022 13 F 2  59  19  21 1 1 248 32  0  60  44  33  15   0   0
DODGE  482106 221023 13 F 7  39  27  64 1 1 293 16  0  59  39  73  21   0   3
DODGE  482106 221024 13 F 1  30  17  58 1 1 293 21  0  39  22  85  58  10   0
DODGE  482106 221025 13 F 1  37  21  52 1 1 270 21  0  37  24  77  52   0   0
DODGE  482106 221026 13 F 1  42  21  43 1 1 270 15  0  42  25  78  43   0   0
DODGE  482106 221027 13 F 2  34  19  56 1 1 338 11  0  42  26  81  43   0   0
DODGE  482106 221028 13 F 1  37  17  44 1 1 270 16  0  37  21  84  44   0   0
POLE M 482107 221022 13 F 2  53  17  24 1 1 248 31  0  55  43  35  17   0   0
POLE M 482107 221023 13 F 7  38  24  57 1 1 270 17  0  54  38  57  23   0   3
POLE M 482107 221024 13 F 1  26  14  60 1 1 293 20  0  38  23  78  57   9   0
POLE M 482107 221025 13 F 1  35  19  52 1 1 293 22  0  35  22  71  52   0   0
POLE M 482107 221026 13 F 1  39  17  42 1 1 248 13  0  39  28  68  42   0   0
POLE M 482107 221027 13 F 2  30  17  60 1 1 338 11  0  39  29  69  42   0   0
POLE M 482107 221028 13 F 1  33  14  45 1 1 293 11  0  33  24  78  45   0   0
GUERNS 483101 221022 13 F 2  71  24  17 1 1 225 20  0  74  48  33  12   0   0
GUERNS 483101 221023 13 F 6  49  34  58 1 1 315 17  0  72  47  68  16   0   3
GUERNS 483101 221024 13 F 1  41  22  48 1 1 315 19  0  49  30  79  48   9   0
GUERNS 483101 221025 13 F 1  52  25  36 1 1 315 16  0  52  32  66  36   0   0
GUERNS 483101 221026 13 F 1  52  25  36 1 1 248 11  0  52  32  78  36   0   0
GUERNS 483101 221027 13 F 1  46  27  49 1 1 338 11  0  53  34  75  35   0   0
GUERNS 483101 221028 13 F 1  49  23  37 1 1 270 10  0  49  29  78  37   0   0
Count:    49  Zone Average:  39  21  52         16  0  45  29  73  43   2   1
 
 
 
End of WIMS Bulletin @ 21-OCT-22 22:44:42 GMT

