SHUS66 KMWI 212245
FWOHNX
Weather Information Management System (WIMS)
USDA National Information Technology Center (KMWI)
21-OCT-22 22:45:55 GMT
 
Listing of Forecasted Observations (San Joaquin Valley, CA)
 
ST NME STAT'N   DATE HR T W DBT DPT  RH Y M DIR WS 10 TMX TMN HMX HMN PD1 PD2
------ ------ ------ -- - - --- --- --- - - --- -- -- --- --- --- ---  --  --
NWS Office:  HNX/Zone: 526
LOS BA 044003 221022 13 F 1  70  48  47 1 1 315 14  0  86  59  83  20   0   0
LOS BA 044003 221023 13 F 0  68  28  23 1 1 338 14  0  71  50  63  23   0   0
LOS BA 044003 221024 13 F 0  68  25  20 1 1  23  7  0  68  51  41  20   0   0
LOS BA 044003 221025 13 F 1  73  41  32 1 1 315  6  0  73  52  49  19   0   0
LOS BA 044003 221026 13 F 1  68  44  42 1 1 315 10  0  73  52  81  32   0   0
LOS BA 044003 221027 13 F 0  67  34  30 1 1 360  7  0  68  50  62  30   0   0
LOS BA 044003 221028 13 F 1  71  34  26 1 1  23  5  0  71  50  56  26   0   0
ALCALD 044523 221022 13 F 1  67  47  49 1 1 270 11  0  83  60  62  16   0   0
ALCALD 044523 221023 13 F 0  61  26  27 1 1 338 11  0  67  50  60  27   0   0
ALCALD 044523 221024 13 F 0  65  23  20 1 1  68  4  0  65  49  31  20   0   0
ALCALD 044523 221025 13 F 1  70  33  26 1 1  23  5  0  70  54  27  19   0   0
ALCALD 044523 221026 13 F 1  63  39  42 1 1 338  7  0  70  53  56  26   0   0
ALCALD 044523 221027 13 F 0  63  31  30 1 1  23  6  0  63  50  53  30   0   0
ALCALD 044523 221028 13 F 1  68  29  24 1 1 180  5  0  68  52  37  24   0   0
KETTLE 044602 221022 13 F 1  73  51  46 1 1 315 10  0  88  58  58  18   0   0
KETTLE 044602 221023 13 F 0  65  32  29 1 1 338 11  0  74  53  50  29   0   0
KETTLE 044602 221024 13 F 0  68  27  22 1 1  45  4  0  68  49  36  22   0   0
KETTLE 044602 221025 13 F 1  72  31  22 1 1  23  3  0  72  52  33  20   0   0
KETTLE 044602 221026 13 F 1  67  44  44 1 1 360  7  0  74  52  66  22   0   0
KETTLE 044602 221027 13 F 0  66  36  33 1 1 360  5  0  68  49  57  33   0   0
KETTLE 044602 221028 13 F 1  70  31  24 1 1 113  3  0  70  50  50  24   0   0
Count:    21  Zone Average:  68  35  31          7  0  72  52  53  24   0   0
Zone: 528
JERSEY 044105 221022 13 F 2  56  48  76 1 1 225  7  0  77  51  76  20   0   0
JERSEY 044105 221023 13 F 0  54  28  37 1 1 270  5  0  56  36  81  37   0   0
JERSEY 044105 221024 13 F 0  61  23  24 1 1 248  3  0  61  39  45  22   0   0
JERSEY 044105 221025 13 F 1  64  32  31 1 1 248  3  0  64  45  49  24   0   0
JERSEY 044105 221026 13 F 1  57  40  53 1 1 270  4  0  64  44  73  31   0   0
JERSEY 044105 221027 13 F 0  57  32  39 1 1 248  3  0  57  38  70  37   0   0
JERSEY 044105 221028 13 F 1  64  31  30 1 1 225  4  0  64  42  54  29   0   0
MARIPO 044106 221022 13 F 2  61  55  81 1 1 270  7  0  81  53  81  24   0   0
MARIPO 044106 221023 13 F 0  59  34  40 1 1 270  7  0  61  40  81  40   0   0
MARIPO 044106 221024 13 F 0  64  30  28 1 1 248  4  0  64  43  45  25   0   0
MARIPO 044106 221025 13 F 1  67  36  33 1 1 270  4  0  67  47  51  28   0   0
MARIPO 044106 221026 13 F 1  61  47  60 1 1 270  6  0  67  46  80  33   0   0
MARIPO 044106 221027 13 F 0  60  39  46 1 1 248  4  0  61  41  71  43   0   0
MARIPO 044106 221028 13 F 1  67  37  34 1 1 203  4  0  67  45  55  33   0   0
CATHEY 044114 221022 13 F 2  65  54  68 1 1 293  8  0  84  57  71  22   0   0
CATHEY 044114 221023 13 F 0  62  34  35 1 1 293  8  0  66  45  68  35   0   0
CATHEY 044114 221024 13 F 0  66  29  25 1 1 225  4  0  66  48  41  25   0   0
CATHEY 044114 221025 13 F 1  69  33  27 1 1 270  5  0  69  51  42  23   0   0
CATHEY 044114 221026 13 F 1  62  44  53 1 1 293  7  0  70  52  66  27   0   0
CATHEY 044114 221027 13 F 0  63  38  41 1 1 248  4  0  64  46  62  41   0   0
CATHEY 044114 221028 13 F 1  69  36  30 1 1 203  4  0  69  49  54  30   0   0
NORTHF 044204 221022 13 F 2  58  49  73 1 1 225  5  0  80  57  73  21   0   0
NORTHF 044204 221023 13 F 1  58  36  44 1 1 270  4  0  58  43  81  44   0   0
NORTHF 044204 221024 13 F 0  64  28  26 1 1 248  3  0  64  44  46  22   0   0
NORTHF 044204 221025 13 F 1  67  36  32 1 1 248  4  0  67  50  48  26   0   0
NORTHF 044204 221026 13 F 1  60  43  55 1 1 248  5  0  67  50  64  32   0   0
NORTHF 044204 221027 13 F 0  62  38  42 1 1 225  4  0  62  44  67  36   0   0
NORTHF 044204 221028 13 F 1  67  34  30 1 1 225  4  0  67  48  57  28   0   0
BATTER 044207 221022 13 F 2  62  50  65 1 1 225  6  0  82  54  65  18   0   0
BATTER 044207 221023 13 F 1  60  31  34 1 1 270  4  0  62  39  83  34   0   0
BATTER 044207 221024 13 F 0  66  26  22 1 1 248  3  0  66  42  47  20   0   0
BATTER 044207 221025 13 F 1  70  34  27 1 1 248  4  0  70  47  43  22   0   0
BATTER 044207 221026 13 F 1  62  41  47 1 1 248  5  0  70  46  62  27   0   0
BATTER 044207 221027 13 F 0  64  35  34 1 1 225  3  0  64  41  69  31   0   0
BATTER 044207 221028 13 F 1  69  32  26 1 1 225  4  0  69  45  55  25   0   0
METCAL 044209 221022 13 F 2  59  52  79 1 1 248  6  0  79  55  79  23   0   0
METCAL 044209 221023 13 F 1  57  33  41 1 1 270  5  0  62  42  79  41   0   0
METCAL 044209 221024 13 F 0  64  29  27 1 1 248  3  0  64  43  41  25   0   0
METCAL 044209 221025 13 F 1  67  35  31 1 1 248  4  0  67  48  46  27   0   0
METCAL 044209 221026 13 F 1  60  44  57 1 1 270  5  0  67  48  71  31   0   0
METCAL 044209 221027 13 F 0  59  36  43 1 1 248  3  0  60  42  63  42   0   0
METCAL 044209 221028 13 F 1  66  35  32 1 1 225  4  0  66  46  51  32   0   0
FANCHE 044516 221022 13 F 2  67  55  66 1 1 270  6  0  86  60  66  23   0   0
FANCHE 044516 221023 13 F 0  63  40  43 1 1 270  4  0  69  46  78  43   0   0
FANCHE 044516 221024 13 F 0  68  34  29 1 1 225  3  0  68  48  46  29   0   0
FANCHE 044516 221025 13 F 1  71  37  29 1 1 270  3  0  71  51  48  26   0   0
FANCHE 044516 221026 13 F 1  65  48  56 1 1 270  6  0  73  53  62  27   0   0
FANCHE 044516 221027 13 F 0  64  43  48 1 1 225  3  0  66  47  71  48   0   0
FANCHE 044516 221028 13 F 1  71  40  33 1 1 248  3  0  71  50  54  33   0   0
SHAVER 044522 221022 13 F 2  49  41  76 1 1 203  8  0  69  45  76  23   0   0
SHAVER 044522 221023 13 F 1  48  30  50 1 1 270  4  0  49  30 100  47   0   0
SHAVER 044522 221024 13 F 0  55  20  26 1 1 248  3  0  55  34  63  23   0   0
SHAVER 044522 221025 13 F 1  58  29  34 1 1 248  4  0  58  40  53  26   0   0
SHAVER 044522 221026 13 F 1  51  34  53 1 1 248  5  0  58  38  68  34   0   0
SHAVER 044522 221027 13 F 0  53  28  39 1 1 248  3  0  53  32  88  35   0   0
SHAVER 044522 221028 13 F 1  57  26  31 1 1 248  4  0  57  37  68  29   0   0
Count:    56  Zone Average:  62  37  42          5  0  66  46  63  30   0   0
Zone: 529
MTREST 044505 221022 13 F 2  54  47  80 1 1 203  6  0  74  54  80  27   0   0
MTREST 044505 221023 13 F 1  50  36  60 1 1 270  4  0  54  44  93  60   0   0
MTREST 044505 221024 13 F 0  57  29  35 1 1 248  4  0  57  46  60  29   0   0
MTREST 044505 221025 13 F 1  61  34  37 1 1 248  4  0  61  51  41  34   0   0
MTREST 044505 221026 13 F 1  55  43  66 1 1 248  5  0  61  50  66  37   0   0
MTREST 044505 221027 13 F 0  54  37  53 1 1 225  4  0  55  46  67  47   0   0
MTREST 044505 221028 13 F 1  61  35  38 1 1 248  4  0  61  50  55  35   0   0
PINEHU 044508 221022 13 F 2  56  47  74 1 1 225  7  0  73  54  74  27   0   0
PINEHU 044508 221023 13 F 1  49  36  63 1 1 270  4  0  56  40  93  63   0   0
PINEHU 044508 221024 13 F 0  58  31  36 1 1 248  4  0  58  43  63  35   0   0
PINEHU 044508 221025 13 F 1  61  34  37 1 1 270  4  0  61  48  46  36   0   0
PINEHU 044508 221026 13 F 1  55  41  60 1 1 270  5  0  61  47  60  37   0   0
PINEHU 044508 221027 13 F 0  56  40  56 1 1 248  4  0  56  41  73  56   0   0
PINEHU 044508 221028 13 F 1  61  34  37 1 1 248  4  0  61  46  58  36   0   0
TRIMME 044510 221022 13 F 2  65  51  62 1 1 225  5  0  84  57  62  21   0   0
TRIMME 044510 221023 13 F 0  61  39  45 1 1 270  4  0  65  44  79  45   0   0
TRIMME 044510 221024 13 F 0  67  32  28 1 1 248  3  0  67  45  45  27   0   0
TRIMME 044510 221025 13 F 1  71  37  29 1 1 248  4  0  71  49  47  26   0   0
TRIMME 044510 221026 13 F 1  65  45  50 1 1 270  5  0  71  50  60  28   0   0
TRIMME 044510 221027 13 F 0  64  40  42 1 1 225  4  0  65  44  69  42   0   0
TRIMME 044510 221028 13 F 1  71  37  29 1 1 248  4  0  71  47  51  28   0   0
HURLEY 044517 221022 13 F 2  64  52  66 1 1 270  6  0  84  59  68  22   0   0
HURLEY 044517 221023 13 F 0  60  36  42 1 1 270  5  0  66  47  73  42   0   0
HURLEY 044517 221024 13 F 0  65  32  29 1 1 225  3  0  65  48  42  29   0   0
HURLEY 044517 221025 13 F 1  68  33  28 1 1 270  4  0  68  52  43  26   0   0
HURLEY 044517 221026 13 F 1  62  46  57 1 1 270  6  0  70  53  59  27   0   0
HURLEY 044517 221027 13 F 0  62  41  47 1 1 225  3  0  64  48  64  47   0   0
HURLEY 044517 221028 13 F 1  68  37  32 1 1 225  3  0  68  51  53  32   0   0
ASH MO 044701 221022 13 F 2  63  47  56 1 1 225  9  0  80  58  56  21   0   0
ASH MO 044701 221023 13 F 1  55  38  54 1 1 270  6  0  63  44  79  54   0   0
ASH MO 044701 221024 13 F 0  63  30  29 1 1 270  5  0  63  46  54  29   0   0
ASH MO 044701 221025 13 F 1  68  33  28 1 1 270  5  0  68  51  40  27   0   0
ASH MO 044701 221026 13 F 1  61  40  46 1 1 270  6  0  68  50  48  26   0   0
ASH MO 044701 221027 13 F 0  60  37  43 1 1 248  5  0  61  44  62  43   0   0
ASH MO 044701 221028 13 F 1  68  34  29 1 1 248  5  0  68  49  47  29   0   0
MILO   044708 221022 13 F 2  69  50  52 1 1 293  8  0  85  57  57  20   0   0
MILO   044708 221023 13 F 0  61  40  46 1 1 270  5  0  69  45  95  46   0   0
MILO   044708 221024 13 F 0  68  32  27 1 1 270  4  0  68  44  59  27   0   0
MILO   044708 221025 13 F 1  71  34  26 1 1 270  4  0  71  49  53  25   0   0
MILO   044708 221026 13 F 1  66  43  44 1 1 270  5  0  73  48  65  24   0   0
MILO   044708 221027 13 F 0  65  42  44 1 1 248  4  0  66  44  86  44   0   0
MILO   044708 221028 13 F 1  71  36  28 1 1 270  4  0  71  47  58  28   0   0
UHL/HO 044712 221022 13 F 2  59  48  67 1 1 270 11  0  75  45  77  25   0   0
UHL/HO 044712 221023 13 F 0  49  36  63 1 1 270  5  0  59  34 100  63   0   0
UHL/HO 044712 221024 13 F 0  59  29  32 1 1 270  4  0  59  32  88  31   0   0
UHL/HO 044712 221025 13 F 1  63  32  32 1 1 270  5  0  63  37  63  31   0   0
UHL/HO 044712 221026 13 F 1  56  41  58 1 1 270  7  0  63  36  78  30   0   0
UHL/HO 044712 221027 13 F 0  57  39  52 1 1 270  3  0  57  31 100  52   0   0
UHL/HO 044712 221028 13 F 1  63  30  29 1 1 270  4  0  63  34  76  29   0   0
OAK OP 044717 221022 13 F 2  68  50  53 1 1 270 10  0  81  51  53  21   0   0
OAK OP 044717 221023 13 F 1  57  39  51 1 1 270  5  0  68  38  86  51   0   0
OAK OP 044717 221024 13 F 0  65  30  27 1 1 248  4  0  65  39  59  27   0   0
OAK OP 044717 221025 13 F 1  69  34  28 1 1 270  5  0  69  44  44  26   0   0
OAK OP 044717 221026 13 F 1  63  40  44 1 1 270  7  0  72  44  57  26   0   0
OAK OP 044717 221027 13 F 0  62  38  42 1 1 248  4  0  64  38  73  42   0   0
OAK OP 044717 221028 13 F 1  69  33  27 1 1 270  5  0  69  43  54  27   0   0
FOUNTA 044731 221022 13 F 2  70  53  55 1 1 293  8  0  85  58  58  23   0   0
FOUNTA 044731 221023 13 F 0  60  40  49 1 1 293  4  0  71  47  89  49   0   0
FOUNTA 044731 221024 13 F 0  66  33  30 1 1 270  4  0  66  48  55  30   0   0
FOUNTA 044731 221025 13 F 1  70  33  26 1 1 293  4  0  70  49  46  26   0   0
FOUNTA 044731 221026 13 F 1  63  47  56 1 1 293  5  0  71  50  64  25   0   0
FOUNTA 044731 221027 13 F 0  63  44  51 1 1 270  4  0  65  45  81  51   0   0
FOUNTA 044731 221028 13 F 0  70  35  28 1 1 293  4  0  70  48  57  28   0   0
CASE M 044733 221022 13 F 2  51  42  72 1 1 270  9  0  67  47  72  26   0   0
CASE M 044733 221023 13 F 1  44  34  68 1 1 270  4  0  51  34 100  68   0   0
CASE M 044733 221024 13 F 0  53  26  35 1 1 270  3  0  53  34  71  33   0   0
CASE M 044733 221025 13 F 1  56  28  35 1 1 270  4  0  56  40  53  34   0   0
CASE M 044733 221026 13 F 1  50  34  55 1 1 270  6  0  56  40  55  33   0   0
CASE M 044733 221027 13 F 0  50  34  54 1 1 248  3  0  50  35  90  54   0   0
CASE M 044733 221028 13 F 1  56  30  37 1 1 270  3  0  56  38  66  37   0   0
Count:    70  Zone Average:  61  38  45          5  0  66  46  65  35   0   0
Zone: 530
WOFFOR 044190 221022 13 F 1  67  41  39 1 1 293 15  0  83  56  42  14   0   0
WOFFOR 044190 221023 13 F 1  59  28  31 1 1 270  9  0  67  43  65  31   0   0
WOFFOR 044190 221024 13 F 0  68  15  13 1 1 248  6  0  68  42  40  13   0   0
WOFFOR 044190 221025 13 F 1  72  23  16 1 1 270  8  0  72  46  34  13   0   0
WOFFOR 044190 221026 13 F 1  64  31  30 1 1 270 11  0  72  46  43  16   0   0
WOFFOR 044190 221027 13 F 0  65  26  23 1 1 225  6  0  65  41  61  23   0   0
WOFFOR 044190 221028 13 F 1  71  19  14 1 1 225  6  0  71  44  34  14   0   0
BEAR P 044730 221022 13 F 1  50  31  49 1 1 270 38  0  60  47  49  21   0   0
BEAR P 044730 221023 13 F 1  39  19  45 1 1 180 10  0  50  32  72  45   0   0
BEAR P 044730 221024 13 F 0  44   3  18 1 1 113 11  0  44  30  48  18   0   0
BEAR P 044730 221025 13 F 1  51  15  24 1 1 180 11  0  51  36  36  18   0   0
BEAR P 044730 221026 13 F 1  47  19  33 1 1 270 14  0  51  37  44  24   0   0
BEAR P 044730 221027 13 F 0  42  11  28 1 1 135 11  0  47  32  68  28   0   0
BEAR P 044730 221028 13 F 1  47   9  21 1 1 158 10  0  47  34  41  21   0   0
DEMOCR 045002 221022 13 F 1  72  47  42 1 1 270 14  0  87  52  61  17   0   0
DEMOCR 045002 221023 13 F 0  62  36  38 1 1 270  9  0  72  39  96  37   0   0
DEMOCR 045002 221024 13 F 0  71  25  18 1 1 270  6  0  71  38  56  15   0   0
DEMOCR 045002 221025 13 F 0  75  29  19 1 1 270  6  0  75  41  45  16   0   0
DEMOCR 045002 221026 13 F 1  68  42  40 1 1 270  9  0  76  42  59  18   0   0
DEMOCR 045002 221027 13 F 0  68  36  31 1 1 270  5  0  68  37  89  29   0   0
DEMOCR 045002 221028 13 F 1  75  27  17 1 1 270  5  0  75  39  49  15   0   0
JAWBON 045013 221022 13 F 1  60  39  46 1 1 270 31  0  75  54  51  17   0   0
JAWBON 045013 221023 13 F 0  52  26  37 1 1 293 11  0  60  41  95  37   0   0
JAWBON 045013 221024 13 F 0  57  11  16 1 1  90  9  0  57  40  57  16   0   0
JAWBON 045013 221025 13 F 0  63  18  18 1 1 270 10  0  63  43  38  16   0   0
JAWBON 045013 221026 13 F 1  57  30  36 1 1 270 16  0  63  44  50  18   0   0
JAWBON 045013 221027 13 F 0  56  20  25 1 1  68  9  0  57  39  79  25   0   0
JAWBON 045013 221028 13 F 1  59  14  17 1 1  90  9  0  59  41  44  17   0   0
WALKER 045014 221022 13 F 1  59  35  42 1 1 270 37  0  72  50  45  16   0   0
WALKER 045014 221023 13 F 1  50  23  35 1 1 225  7  0  59  36  80  35   0   0
WALKER 045014 221024 13 F 0  55   8  15 1 1  90  8  0  55  35  45  15   0   0
WALKER 045014 221025 13 F 1  62  18  18 1 1 180  8  0  62  39  39  14   0   0
WALKER 045014 221026 13 F 1  58  24  27 1 1 270 13  0  62  41  47  18   0   0
WALKER 045014 221027 13 F 0  54  16  22 1 1  90  9  0  58  36  69  22   0   0
WALKER 045014 221028 13 F 1  57  12  17 1 1 113  8  0  57  37  40  17   0   0
INDIAN 045015 221022 13 F 1  70  38  31 1 1 270 31  0  80  63  31  13   0   0
INDIAN 045015 221023 13 F 1  59  23  25 1 1  45  5  0  70  49  49  25   0   0
INDIAN 045015 221024 13 F 0  63   9  12 1 1  68  6  0  63  49  26  12   0   0
INDIAN 045015 221025 13 F 0  69  17  14 1 1 158  6  0  69  51  23  11   0   0
INDIAN 045015 221026 13 F 1  67  26  22 1 1 248 10  0  70  53  30  13   0   0
INDIAN 045015 221027 13 F 0  63  17  17 1 1  90  7  0  67  49  40  17   0   0
INDIAN 045015 221028 13 F 0  65  13  13 1 1 113  5  0  65  50  23  13   0   0
RIVER  045016 221022 13 F 1  69  43  39 1 1 293 18  0  84  53  52  15   0   0
RIVER  045016 221023 13 F 1  62  30  30 1 1 270 11  0  69  40  81  30   0   0
RIVER  045016 221024 13 F 0  68  15  13 1 1 248  8  0  68  39  48  13   0   0
RIVER  045016 221025 13 F 1  74  26  17 1 1 270  9  0  74  43  43  13   0   0
RIVER  045016 221026 13 F 1  67  33  29 1 1 270 12  0  75  43  58  16   0   0
RIVER  045016 221027 13 F 0  68  27  22 1 1 225  7  0  68  37  73  22   0   0
RIVER  045016 221028 13 F 1  71  19  14 1 1 203  7  0  71  39  40  14   0   0
Count:    49  Zone Average:  62  24  26         11  0  66  43  52  20   0   0
Zone: 531
WWOLF  043612 221022 13 F 3  43  37  80 1 1 225 15  0  62  34  83  23   0   0
WWOLF  043612 221023 13 F 0  42  14  32 1 1 315  4  0  43  16 100  30   0   0
WWOLF  043612 221024 13 F 0  52  13  21 1 1 270  3  0  53  21  64  15   0   0
WWOLF  043612 221025 13 F 1  52  27  38 1 1 248  5  0  53  28  71  21   0   0
WWOLF  043612 221026 13 F 1  44  26  50 1 1 270  6  0  52  24  97  38   0   0
WWOLF  043612 221027 13 F 0  48  18  30 1 1 270  3  0  48  19  92  24   0   0
WWOLF  043612 221028 13 F 1  51  17  26 1 1 225  4  0  52  24  59  21   0   0
CRANE  044102 221022 13 F 2  45  43  94 1 1 225 12  0  67  45  94  23   0   0
CRANE  044102 221023 13 F 0  47  22  38 1 1 270  8  0  47  31 100  38   0   0
CRANE  044102 221024 13 F 0  54  19  25 1 1 248  5  0  54  34  51  22   0   0
CRANE  044102 221025 13 F 1  55  31  40 1 1 248  6  0  55  40  47  25   0   0
CRANE  044102 221026 13 F 1  48  34  60 1 1 270  7  0  55  40  63  40   0   0
CRANE  044102 221027 13 F 0  51  26  38 1 1 248  6  0  51  35  83  36   0   0
CRANE  044102 221028 13 F 1  54  25  33 1 1 225  6  0  55  38  60  31   0   0
WAWONA 044109 221022 13 F 3  56  47  72 1 1 225  7  0  76  44  72  20   0   0
WAWONA 044109 221023 13 F 1  54  25  33 1 1 270  4  0  56  29  95  33   0   0
WAWONA 044109 221024 13 F 0  63  23  22 1 1 248  4  0  63  33  52  21   0   0
WAWONA 044109 221025 13 F 1  65  33  31 1 1 248  5  0  65  38  55  22   0   0
WAWONA 044109 221026 13 F 1  57  38  49 1 1 248  6  0  66  36  78  31   0   0
WAWONA 044109 221027 13 F 0  59  29  33 1 1 248  4  0  59  31  82  32   0   0
WAWONA 044109 221028 13 F 1  63  29  28 1 1 225  5  0  63  35  58  28   0   0
EL POR 044112 221022 13 F 3  63  54  73 1 1 248  8  0  84  57  73  19   0   0
EL POR 044112 221023 13 F 0  61  30  31 1 1 293  5  0  63  42  74  31   0   0
EL POR 044112 221024 13 F 0  69  27  21 1 1 270  4  0  69  46  37  18   0   0
EL POR 044112 221025 13 F 1  71  38  31 1 1 248  6  0  71  52  36  21   0   0
EL POR 044112 221026 13 F 1  64  42  46 1 1 248  7  0  71  51  46  31   0   0
EL POR 044112 221027 13 F 0  67  35  31 1 1 248  5  0  67  45  59  29   0   0
EL POR 044112 221028 13 F 1  71  35  27 1 1 225  5  0  71  49  43  25   0   0
Count:    28  Zone Average:  56  30  41          6  0  60  36  69  27   0   0
Zone: 532
MIAMI  044110 221022 13 F 2  54  50  87 1 1 248  7  0  73  54  87  24   0   0
MIAMI  044110 221023 13 F 1  51  29  43 1 1 270  4  0  54  41  87  43   0   0
MIAMI  044110 221024 13 F 0  57  24  28 1 1 248  3  0  57  43  43  26   0   0
MIAMI  044110 221025 13 F 1  61  32  34 1 1 248  3  0  61  49  44  28   0   0
MIAMI  044110 221026 13 F 1  52  39  63 1 1 270  4  0  61  49  65  34   0   0
MIAMI  044110 221027 13 F 0  55  35  47 1 1 248  3  0  55  43  65  45   0   0
MIAMI  044110 221028 13 F 1  61  33  35 1 1 225  3  0  61  47  52  34   0   0
MINARE 044203 221022 13 F 2  54  42  66 1 1 203 11  0  74  49  66  18   0   0
MINARE 044203 221023 13 F 1  53  22  30 1 1 270  7  0  54  36  80  29   0   0
MINARE 044203 221024 13 F 0  62  18  18 1 1 248  7  0  62  38  45  14   0   0
MINARE 044203 221025 13 F 1  63  30  29 1 1 248  8  0  64  45  41  18   0   0
MINARE 044203 221026 13 F 1  55  31  41 1 1 248  9  0  63  44  53  29   0   0
MINARE 044203 221027 13 F 0  58  24  27 1 1 225  6  0  58  38  64  23   0   0
MINARE 044203 221028 13 F 1  62  23  23 1 1 225  7  0  62  42  46  19   0   0
FENCE  044503 221022 13 F 2  50  43  78 1 1 225  8  0  71  50  78  24   0   0
FENCE  044503 221023 13 F 1  48  33  57 1 1 248  6  0  50  39 100  57   0   0
FENCE  044503 221024 13 F 0  56  25  31 1 1 248  4  0  56  40  57  28   0   0
FENCE  044503 221025 13 F 1  59  32  36 1 1 248  5  0  59  46  48  31   0   0
FENCE  044503 221026 13 F 1  53  38  57 1 1 248  6  0  59  47  57  36   0   0
FENCE  044503 221027 13 F 0  52  33  50 1 1 248  5  0  53  42  74  47   0   0
FENCE  044503 221028 13 F 1  59  30  34 1 1 248  5  0  59  44  59  34   0   0
PARK R 044713 221022 13 F 2  40  39 100 1 1 225  9  0  56  39 100  39   0   0
PARK R 044713 221023 13 F 1  33  30  92 1 1 248  4  0  41  32 100  70   0   0
PARK R 044713 221024 13 F 0  41  23  50 1 1 248  3  0  41  33  92  28   0   0
PARK R 044713 221025 13 F 1  45  28  53 1 1 248  4  0  46  40  53  40   0   0
PARK R 044713 221026 13 F 1  38  32  81 1 1 270  5  0  45  38  81  48   0   0
PARK R 044713 221027 13 F 0  39  31  74 1 1 248  3  0  39  34  94  52   0   0
PARK R 044713 221028 13 F 1  45  28  52 1 1 248  4  0  45  37  77  37   0   0
Count:    28  Zone Average:  52  31  51          6  0  56  42  68  34   0   0
Zone: 533
MT TOM 044511 221022 13 F 2  36  33  91 1 1 248 20  0  56  36  91  25   0   0
MT TOM 044511 221023 13 F 1  35  13  40 1 1 315  8  0  36  24 100  40   0   0
MT TOM 044511 221024 13 F 0  46   9  22 1 1 270  7  0  46  24  62  19   0   0
MT TOM 044511 221025 13 F 1  47  22  38 1 1 248  8  0  47  34  47  22   0   0
MT TOM 044511 221026 13 F 1  39  22  51 1 1 248  9  0  47  33  64  38   0   0
MT TOM 044511 221027 13 F 0  42  13  31 1 1 270  6  0  42  27  82  30   0   0
MT TOM 044511 221028 13 F 1  46  14  28 1 1 248  7  0  46  30  54  27   0   0
HIGH S 044520 221022 13 F 2  47  35  64 1 1 225 12  0  64  37  64  20   0   0
HIGH S 044520 221023 13 F 1  44  14  30 1 1 315  6  0  47  21  97  27   0   0
HIGH S 044520 221024 13 F 0  56  10  16 1 1 293  5  0  56  24  63  13   0   0
HIGH S 044520 221025 13 F 1  56  25  30 1 1 248  7  0  57  33  57  16   0   0
HIGH S 044520 221026 13 F 1  48  23  37 1 1 248  8  0  56  30  74  30   0   0
HIGH S 044520 221027 13 F 0  51  13  22 1 1 270  6  0  51  23  81  20   0   0
HIGH S 044520 221028 13 F 1  55  14  20 1 1 248  6  0  56  27  50  19   0   0
DINKEY 044521 221022 13 F 2  53  44  74 1 1 203  8  0  71  31  96  23   0   0
DINKEY 044521 221023 13 F 1  51  33  50 1 1 248  4  0  53  17 100  42   0   0
DINKEY 044521 221024 13 F 0  58  24  27 1 1 248  4  0  59  19  78  20   0   0
DINKEY 044521 221025 13 F 1  61  32  34 1 1 248  6  0  63  25  87  26   0   0
DINKEY 044521 221026 13 F 1  53  34  50 1 1 248  7  0  61  24 100  34   0   0
DINKEY 044521 221027 13 F 0  56  32  40 1 1 248  5  0  57  17 100  30   0   0
DINKEY 044521 221028 13 F 1  61  30  31 1 1 248  5  0  63  22  83  24   0   0
Count:    21  Zone Average:  50  23  39          7  0  54  27  78  26   0   0
Zone: 534
JOHNSO 044707 221022 13 F 2  61  42  51 1 1 270 13  0  76  36  90  20   0   0
JOHNSO 044707 221023 13 F 1  53  29  40 1 1 270  7  0  61  26 100  38   0   0
JOHNSO 044707 221024 13 F 0  62  21  21 1 1 248  5  0  62  24  68  18   0   0
JOHNSO 044707 221025 13 F 1  66  27  23 1 1 270  6  0  66  28  71  20   0   0
JOHNSO 044707 221026 13 F 1  58  32  38 1 1 270  9  0  66  28  93  23   0   0
JOHNSO 044707 221027 13 F 0  60  30  33 1 1 248  6  0  60  24 100  28   0   0
JOHNSO 044707 221028 13 F 1  66  23  20 1 1 270  5  0  66  26  67  17   0   0
CEDAR  044719 221022 13 F 2  61  42  50 1 1 270 15  0  77  48  50  18   0   0
CEDAR  044719 221023 13 F 1  57  25  29 1 1 270  8  0  61  34  85  24   0   0
CEDAR  044719 221024 13 F 0  67  19  16 1 1 270  8  0  67  36  52  12   0   0
CEDAR  044719 221025 13 F 1  70  30  23 1 1 270  9  0  71  44  40  16   0   0
CEDAR  044719 221026 13 F 1  60  28  30 1 1 270 10  0  70  42  52  23   0   0
CEDAR  044719 221027 13 F 0  63  24  23 1 1 270  7  0  63  35  66  18   0   0
CEDAR  044719 221028 13 F 1  68  25  20 1 1 248  7  0  69  41  44  16   0   0
BLACKR 044722 221022 13 F 2  49  33  54 1 1 270 32  0  63  33  60  19   0   0
BLACKR 044722 221023 13 F 1  42  17  36 1 1 203  6  0  49  19  95  34   0   0
BLACKR 044722 221024 13 F 0  50   6  17 1 1 225  5  0  50  18  66  16   0   0
BLACKR 044722 221025 13 F 1  55  16  22 1 1 248  7  0  55  25  57  17   0   0
BLACKR 044722 221026 13 F 1  48  18  30 1 1 270 10  0  55  24  74  22   0   0
BLACKR 044722 221027 13 F 1  47  13  26 1 1 203  6  0  48  19  95  25   0   0
BLACKR 044722 221028 13 F 1  52  11  19 1 1 225  5  0  52  22  53  18   0   0
SHADEQ 044724 221022 13 F 2  55  46  74 1 1 248  8  0  73  55  74  26   0   0
SHADEQ 044724 221023 13 F 1  49  37  64 1 1 270  5  0  55  42  97  64   0   0
SHADEQ 044724 221024 13 F 0  56  29  36 1 1 248  4  0  56  44  64  36   0   0
SHADEQ 044724 221025 13 F 1  61  32  34 1 1 270  4  0  61  49  48  34   0   0
SHADEQ 044724 221026 13 F 1  54  39  58 1 1 270  6  0  61  48  60  34   0   0
SHADEQ 044724 221027 13 F 0  53  38  57 1 1 248  4  0  54  43  77  57   0   0
SHADEQ 044724 221028 13 F 1  61  34  37 1 1 248  5  0  61  48  62  37   0   0
PEPPER 044726 221022 13 F 2  53  37  56 1 1 270 22  0  68  43  56  21   0   0
PEPPER 044726 221023 13 F 1  45  24  45 1 1 248  6  0  53  30  92  44   0   0
PEPPER 044726 221024 13 F 0  54  16  22 1 1 248  4  0  54  29  67  20   0   0
PEPPER 044726 221025 13 F 1  58  22  25 1 1 270  6  0  58  36  45  22   0   0
PEPPER 044726 221026 13 F 1  51  26  38 1 1 270  9  0  58  36  54  25   0   0
PEPPER 044726 221027 13 F 0  52  25  35 1 1 248  4  0  52  30  77  34   0   0
PEPPER 044726 221028 13 F 1  57  18  22 1 1 270  5  0  57  33  52  21   0   0
RATTLE 044728 221022 13 F 2  53  36  53 1 1 293 19  0  65  40  53  22   0   0
RATTLE 044728 221023 13 F 1  45  18  34 1 1 248  9  0  53  27  62  29   0   0
RATTLE 044728 221024 13 F 0  55  11  17 1 1 248  8  0  55  27  56  14   0   0
RATTLE 044728 221025 13 F 1  59  23  25 1 1 270  9  0  59  36  40  17   0   0
RATTLE 044728 221026 13 F 1  51  22  32 1 1 270 11  0  59  33  54  25   0   0
RATTLE 044728 221027 13 F 1  51  16  25 1 1 248  8  0  51  28  67  24   0   0
RATTLE 044728 221028 13 F 1  56  16  21 1 1 225  9  0  56  32  44  20   0   0
SUGARL 044729 221022 13 F 3  48  33  57 1 1 248 12  0  63  40  57  21   0   0
SUGARL 044729 221023 13 F 1  44  19  37 1 1 248  5  0  48  25  96  30   0   0
SUGARL 044729 221024 13 F 0  54  12  19 1 1 270  4  0  54  26  63  13   0   0
SUGARL 044729 221025 13 F 1  55  21  27 1 1 270  7  0  57  35  47  19   0   0
SUGARL 044729 221026 13 F 1  48  22  36 1 1 270  9  0  55  32  62  27   0   0
SUGARL 044729 221027 13 F 0  50  16  26 1 1 270  6  0  50  27  81  20   0   0
SUGARL 044729 221028 13 F 1  55  17  23 1 1 248  7  0  55  31  53  19   0   0
WOLVER 044732 221022 13 F 2  65  41  42 1 1 270  9  0  80  53  42  17   0   0
WOLVER 044732 221023 13 F 1  59  33  38 1 1 248  4  0  65  39  83  30   0   0
WOLVER 044732 221024 13 F 0  68  24  19 1 1 248  4  0  68  40  54  15   0   0
WOLVER 044732 221025 13 F 1  71  30  22 1 1 270  6  0  71  47  40  19   0   0
WOLVER 044732 221026 13 F 1  64  32  31 1 1 270  7  0  71  45  44  22   0   0
WOLVER 044732 221027 13 F 0  64  31  29 1 1 270  5  0  64  40  65  25   0   0
WOLVER 044732 221028 13 F 1  70  29  22 1 1 270  5  0  70  45  47  18   0   0
MTN HO 044734 221022 13 F 2  56  35  46 1 1 270 17  0  71  47  46  17   0   0
MTN HO 044734 221023 13 F 1  49  21  33 1 1 248  8  0  56  33  75  29   0   0
MTN HO 044734 221024 13 F 0  58  10  15 1 1 248  8  0  58  33  52  13   0   0
MTN HO 044734 221025 13 F 1  62  20  20 1 1 270  9  0  62  40  39  15   0   0
MTN HO 044734 221026 13 F 1  55  22  28 1 1 270 10  0  62  38  47  20   0   0
MTN HO 044734 221027 13 F 0  54  18  24 1 1 225  6  0  55  33  65  23   0   0
MTN HO 044734 221028 13 F 1  60  15  17 1 1 248  7  0  60  38  43  16   0   0
BRECKE 045009 221022 13 F 1  51  38  62 1 1 270 23  0  65  48  62  24   0   0
BRECKE 045009 221023 13 F 0  43  27  55 1 1 270  7  0  51  36  97  55   0   0
BRECKE 045009 221024 13 F 0  51  14  23 1 1 270  3  0  51  37  64  23   0   0
BRECKE 045009 221025 13 F 0  54  19  26 1 1 270  6  0  54  42  40  23   0   0
BRECKE 045009 221026 13 F 1  47  30  53 1 1 270  9  0  54  41  55  26   0   0
BRECKE 045009 221027 13 F 0  48  24  40 1 1 248  3  0  48  37  83  40   0   0
BRECKE 045009 221028 13 F 1  53  17  24 1 1 270  4  0  53  40  49  24   0   0
PIUTE  045017 221022 13 F 0  55  36  50 1 1 270 33  0  68  37  60  19   0   0
PIUTE  045017 221023 13 F 1  46  22  39 1 1 270  8  0  55  24 100  38   0   0
PIUTE  045017 221024 13 F 0  52   8  17 1 1 113  6  0  52  23  75  16   0   0
PIUTE  045017 221025 13 F 0  57  17  21 1 1 270  7  0  58  25  50  17   0   0
PIUTE  045017 221026 13 F 1  52  26  37 1 1 270 13  0  57  26  59  21   0   0
PIUTE  045017 221027 13 F 0  51  18  27 1 1 180  6  0  52  21  99  26   0   0
PIUTE  045017 221028 13 F 1  55  13  19 1 1  45  6  0  55  23  55  17   0   0
Count:    77  Zone Average:  56  25  33          8  0  60  35  64  24   0   0
 
 
 
End of WIMS Bulletin @ 21-OCT-22 22:45:55 GMT

