SHUS65 KMWI 212245
FWOTWC
Weather Information Management System (WIMS)
USDA National Information Technology Center (KMWI)
21-OCT-22 22:45:52 GMT
 
Listing of Forecasted Observations (Tucson, AZ)
 
ST NME STAT'N   DATE HR T W DBT DPT  RH Y M DIR WS 10 TMX TMN HMX HMN PD1 PD2
------ ------ ------ -- - - --- --- --- - - --- -- -- --- --- --- ---  --  --
Stations not in a Zone:
CANELO 021303 221022 13 F 2  73  52  48 1 1 225 17  0  78  54  94  35   0   0
CANELO 021303 221023 13 F 1  66  40  39 1 1 225 17  0  74  48  96  39   0   0
CANELO 021303 221024 13 F 0  57  23  27 1 1 293 13  0  66  43  97  26   0   0
CANELO 021303 221025 13 F 0  64  23  21 1 1 338  6  0  64  34  63  21   0   0
CANELO 021303 221026 13 F 0  69  26  20 1 1 225  9  0  69  37  62  19   0   0
CANELO 021303 221027 13 F 1  64  33  32 1 1 248 16  0  69  42  62  19   0   0
CANELO 021303 221028 13 F 0  64  29  27 1 1 180  9  0  64  37  78  26   0   0
NWS Office:  TWC/Zone: 305
SASABE 021206 221022 13 F 1  79  52  40 1 1 203 17  0  85  56 100  30   0   0
SASABE 021206 221023 13 F 1  70  47  45 1 1 225 16  0  79  52 100  39   0   0
SASABE 021206 221024 13 F 0  65  24  21 1 1 315 11  0  70  46  93  21   0   0
SASABE 021206 221025 13 F 0  71  22  16 1 1 360  4  0  71  37  66  16   0   0
SASABE 021206 221026 13 F 0  75  24  15 1 1 225  8  0  75  39  66  15   0   0
SASABE 021206 221027 13 F 1  71  35  27 1 1 248 12  0  75  46  71  15   0   0
SASABE 021206 221028 13 F 0  72  28  20 1 1  23  5  0  72  40  76  20   0   0
SELLS  021209 221022 13 F 1  83  54  38 1 1 203 16  0  89  63  88  27   0   0
SELLS  021209 221023 13 F 1  74  51  45 1 1 225 16  0  84  59  92  35   0   0
SELLS  021209 221024 13 F 0  70  23  17 1 1 338 11  0  74  52  68  17   0   0
SELLS  021209 221025 13 F 0  76  23  14 1 1 360  4  0  76  45  47  14   0   0
SELLS  021209 221026 13 F 0  79  25  14 1 1 225  6  0  79  46  49  14   0   0
SELLS  021209 221027 13 F 0  75  36  25 1 1 248 11  0  80  52  60  13   0   0
SELLS  021209 221028 13 F 0  76  30  19 1 1 360  5  0  76  46  61  19   0   0
Count:    14  Zone Average:  74  34  26         10  0  78  49  74  21   0   0
Zone: 306
AZSCA_ 020698 221022 13 F 2  68  48  49 1 3 248 11  0  71  49  83  33   0   0
AZSCA_ 020698 221023 13 F 2  57  40  53 3 2 248 16  0  68  45  97  47   0   0
AZSCA_ 020698 221024 13 F 1  50  24  37 1 1 293 11  0  57  37  94  37   0   0
AZSCA_ 020698 221025 13 F 0  59  25  27 1 1 248  4  0  59  30  70  27   0   0
AZSCA_ 020698 221026 13 F 0  61  26  27 1 1 225  6  0  61  33  73  27   0   0
AZSCA_ 020698 221027 13 F 2  57  29  35 1 1 248 10  0  61  38  63  27   0   0
AZSCA_ 020698 221028 13 F 0  58  27  31 1 1 203  5  0  58  32  79  31   0   0
HORSE  020903 221022 13 F 1  77  51  41 1 2 248 13  0  81  59  71  29   0   0
HORSE  020903 221023 13 F 2  66  46  50 2 1 248 17  0  78  54  82  38   0   0
HORSE  020903 221024 13 F 0  59  30  34 1 1 293 11  0  66  46  80  34   0   0
HORSE  020903 221025 13 F 0  64  28  26 1 1 315  6  0  64  41  58  26   0   0
HORSE  020903 221026 13 F 0  70  31  24 1 1 248  6  0  70  44  53  24   0   0
HORSE  020903 221027 13 F 1  66  35  32 1 1 248 12  0  71  47  56  22   0   0
HORSE  020903 221028 13 F 0  66  32  29 1 1 360  6  0  66  42  62  29   0   0
COLUMB 021005 221022 13 F 2  52  45  77 1 2 225 14  0  57  41  90  53   0   0
COLUMB 021005 221023 13 F 2  45  35  69 2 1 248 16  0  54  36 100  67   0   0
COLUMB 021005 221024 13 F 1  35  22  60 1 1 270 13  0  46  29 100  59   0   0
COLUMB 021005 221025 13 F 0  41  20  44 1 1 270  3  0  42  21  86  43   0   0
COLUMB 021005 221026 13 F 0  46  22  39 1 1 270  5  0  47  23  86  39   0   0
COLUMB 021005 221027 13 F 1  42  26  54 1 1 270 12  0  47  29  68  39   0   0
COLUMB 021005 221028 13 F 0  41  22  47 1 1 225  6  0  43  24  75  46   0   0
MULE S 021007 221022 13 F 2  75  53  48 1 2 248 13  0  79  56  82  34   0   0
MULE S 021007 221023 13 F 1  66  44  46 2 1 248 14  0  76  52  87  43   0   0
MULE S 021007 221024 13 F 0  57  31  37 1 1 293 11  0  66  45  83  37   0   0
MULE S 021007 221025 13 F 0  63  28  27 1 1 270  5  0  63  37  64  27   0   0
MULE S 021007 221026 13 F 0  68  29  24 1 1 248  6  0  68  40  57  24   0   0
MULE S 021007 221027 13 F 1  64  36  36 1 1 248 11  0  69  44  55  23   0   0
MULE S 021007 221028 13 F 0  63  31  31 1 1 180  6  0  64  39  65  31   0   0
BLACK  021008 221022 13 F 1  79  50  37 1 2 248 10  0  84  59  70  24   0   0
BLACK  021008 221023 13 F 2  70  43  39 2 1 270 14  0  81  55  82  33   0   0
BLACK  021008 221024 13 F 0  62  29  29 1 1 293 11  0  70  47  80  29   0   0
BLACK  021008 221025 13 F 0  66  28  24 1 1 248  5  0  66  41  59  24   0   0
BLACK  021008 221026 13 F 0  71  30  22 1 1 203  6  0  71  43  60  22   0   0
BLACK  021008 221027 13 F 1  68  32  27 1 1 270 10  0  73  47  54  21   0   0
BLACK  021008 221028 13 F 0  68  30  25 1 1 180  6  0  69  42  66  25   0   0
DRY LA 021009 221022 13 F 2  62  46  57 1 3 225 14  0  66  48  78  38   0   0
DRY LA 021009 221023 13 F 2  52  41  67 3 2 248 19  0  63  42 100  55   0   0
DRY LA 021009 221024 13 F 1  45  24  44 1 1 293 12  0  52  34  96  44   0   0
DRY LA 021009 221025 13 F 0  53  24  33 1 1 270  5  0  53  29  66  33   0   0
DRY LA 021009 221026 13 F 0  56  27  33 1 1 225  6  0  56  32  69  33   0   0
DRY LA 021009 221027 13 F 2  51  29  43 1 1 248 12  0  56  36  59  33   0   0
DRY LA 021009 221028 13 F 0  54  27  36 1 1 225  5  0  54  31  75  36   0   0
NOON C 021010 221022 13 F 2  73  50  45 1 2 248 11  0  76  56  70  32   0   0
NOON C 021010 221023 13 F 2  66  40  39 2 1 248 13  0  75  52  74  39   0   0
NOON C 021010 221024 13 F 1  55  26  33 1 1 293 12  0  66  45  75  33   0   0
NOON C 021010 221025 13 F 0  60  25  26 1 1 360  3  0  60  38  53  26   0   0
NOON C 021010 221026 13 F 0  65  28  25 1 1 225  4  0  65  41  52  25   0   0
NOON C 021010 221027 13 F 1  62  32  33 1 1 270  9  0  66  45  47  24   0   0
NOON C 021010 221028 13 F 0  61  29  30 1 1 135  5  0  62  40  59  30   0   0
GUTHRI 021104 221022 13 F 2  67  51  58 1 3 225 11  0  70  53  74  37   0   0
GUTHRI 021104 221023 13 F 1  60  40  48 3 2 248 16  0  68  50  87  48   0   0
GUTHRI 021104 221024 13 F 1  49  27  43 1 1 293 14  0  60  43  80  43   0   0
GUTHRI 021104 221025 13 F 0  53  26  35 1 1 270  5  0  53  35  68  35   0   0
GUTHRI 021104 221026 13 F 0  58  29  33 1 1 225  5  0  58  37  71  33   0   0
GUTHRI 021104 221027 13 F 1  56  31  39 1 1 248 11  0  59  41  59  31   0   0
GUTHRI 021104 221028 13 F 0  55  29  38 1 1 225  6  0  56  36  73  37   0   0
TRAIL  021105 221022 13 F 2  67  47  50 1 3 248 13  0  71  50  78  32   0   0
TRAIL  021105 221023 13 F 2  58  38  49 3 2 248 18  0  68  46  93  45   0   0
TRAIL  021105 221024 13 F 1  49  25  39 1 1 293 11  0  58  38  91  37   0   0
TRAIL  021105 221025 13 F 0  57  25  30 1 1 225  5  0  57  31  67  28   0   0
TRAIL  021105 221026 13 F 0  60  27  29 1 1 225  6  0  60  35  69  28   0   0
TRAIL  021105 221027 13 F 2  56  29  36 1 1 248 11  0  60  38  60  28   0   0
TRAIL  021105 221028 13 F 0  57  27  32 1 1 203  6  0  57  33  72  30   0   0
SAGUAR 021202 221022 13 F 1  82  55  41 1 1 225 12  0  89  61  78  28   0   0
SAGUAR 021202 221023 13 F 1  72  48  43 1 1 248 14  0  85  56  86  35   0   0
SAGUAR 021202 221024 13 F 0  64  32  31 1 1 293 10  0  75  49  74  29   0   0
SAGUAR 021202 221025 13 F 0  70  30  23 1 1 338  4  0  72  44  56  22   0   0
SAGUAR 021202 221026 13 F 0  75  31  20 1 1 225  6  0  77  46  55  19   0   0
SAGUAR 021202 221027 13 F 1  71  38  31 1 1 248 11  0  78  50  56  18   0   0
SAGUAR 021202 221028 13 F 0  72  34  25 1 1 248  5  0  74  45  60  24   0   0
EMPIRE 021205 221022 13 F 2  75  52  45 1 1 225 17  0  80  53  99  33   0   0
EMPIRE 021205 221023 13 F 1  68  42  39 1 1 225 16  0  75  49  96  39   0   0
EMPIRE 021205 221024 13 F 0  58  24  27 1 1 293 12  0  68  43  96  27   0   0
EMPIRE 021205 221025 13 F 0  66  24  21 1 1 360  5  0  66  34  66  21   0   0
EMPIRE 021205 221026 13 F 0  70  25  19 1 1 248  9  0  70  36  67  19   0   0
EMPIRE 021205 221027 13 F 1  66  34  31 1 1 248 14  0  70  41  68  19   0   0
EMPIRE 021205 221028 13 F 0  66  30  26 1 1 135  9  0  66  36  80  26   0   0
RINCON 021207 221022 13 F 2  56  45  68 1 2 225 19  0  59  47  87  52   0   0
RINCON 021207 221023 13 F 2  46  36  69 2 1 248 20  0  56  42  95  68   0   0
RINCON 021207 221024 13 F 0  37  22  56 1 1 270 13  0  47  34  94  56   0   0
RINCON 021207 221025 13 F 0  44  20  39 1 1 293  5  0  44  30  65  39   0   0
RINCON 021207 221026 13 F 0  48  20  33 1 1 248  6  0  48  32  57  33   0   0
RINCON 021207 221027 13 F 1  44  27  53 1 1 248 16  0  49  36  59  33   0   0
RINCON 021207 221028 13 F 0  44  22  42 1 1 248  8  0  45  31  65  42   0   0
SCOUT  021208 221022 13 F 2  62  49  64 1 2 225 18  0  68  50  83  43   0   0
SCOUT  021208 221023 13 F 2  54  41  63 2 1 248 18  0  64  44  89  56   0   0
SCOUT  021208 221024 13 F 0  45  27  49 1 1 293 12  0  55  38  87  47   0   0
SCOUT  021208 221025 13 F 0  51  24  35 1 1 293  4  0  52  33  60  33   0   0
SCOUT  021208 221026 13 F 1  56  24  29 1 1 248  6  0  57  35  53  28   0   0
SCOUT  021208 221027 13 F 1  52  31  45 1 1 248 14  0  57  39  55  28   0   0
SCOUT  021208 221028 13 F 0  52  26  37 1 1 248  6  0  53  33  63  35   0   0
HOPKIN 021302 221022 13 F 2  62  48  62 1 1 203 21  0  68  52  84  45   0   0
HOPKIN 021302 221023 13 F 1  54  39  58 1 1 225 19  0  62  46  88  57   0   0
HOPKIN 021302 221024 13 F 0  47  21  36 1 1 293 13  0  54  41  83  36   0   0
HOPKIN 021302 221025 13 F 0  54  20  27 1 1 315  4  0  54  35  52  27   0   0
HOPKIN 021302 221026 13 F 1  58  22  25 1 1 225  8  0  58  37  48  25   0   0
HOPKIN 021302 221027 13 F 1  54  30  41 1 1 248 16  0  58  42  52  25   0   0
HOPKIN 021302 221028 13 F 1  54  24  32 1 1 248  8  0  54  36  60  32   0   0
HEADQU 021409 221022 13 F 2  72  52  50 1 2 225 17  0  75  54  85  36   0   0
HEADQU 021409 221023 13 F 1  65  36  35 2 1 248 19  0  73  51  84  34   0   0
HEADQU 021409 221024 13 F 1  53  27  37 1 1 293 14  0  67  43  85  33   0   0
HEADQU 021409 221025 13 F 0  59  25  27 1 1 315  4  0  60  35  59  26   0   0
HEADQU 021409 221026 13 F 0  65  28  25 1 1 248  6  0  66  39  55  24   0   0
HEADQU 021409 221027 13 F 1  62  32  33 1 1 248 14  0  66  43  52  24   0   0
HEADQU 021409 221028 13 F 0  60  29  31 1 1 225  6  0  63  38  66  30   0   0
CARR   021411 221022 13 F 2  74  54  50 1 1 225 14  0  77  56  85  38   0   0
CARR   021411 221023 13 F 1  66  39  38 1 1 225 14  0  74  52  83  38   0   0
CARR   021411 221024 13 F 0  57  25  29 1 1 293 11  0  66  46  86  29   0   0
CARR   021411 221025 13 F 0  64  24  22 1 1 360  3  0  64  38  56  22   0   0
CARR   021411 221026 13 F 0  69  27  21 1 1 225  6  0  69  42  53  21   0   0
CARR   021411 221027 13 F 1  65  35  33 1 1 248 12  0  69  45  55  21   0   0
CARR   021411 221028 13 F 0  64  31  29 1 1 158  6  0  65  41  69  29   0   0
RUCKER 021414 221022 13 F 1  73  52  48 1 2 225 16  0  75  52  90  36   0   0
RUCKER 021414 221023 13 F 1  66  36  34 2 1 225 18  0  73  50  91  34   0   0
RUCKER 021414 221024 13 F 1  54  26  34 1 1 270 14  0  66  42  93  33   0   0
RUCKER 021414 221025 13 F 0  61  23  24 1 1 270  4  0  61  33  63  24   0   0
RUCKER 021414 221026 13 F 0  66  26  22 1 1 225  8  0  66  36  59  22   0   0
RUCKER 021414 221027 13 F 1  63  31  31 1 1 248 16  0  67  41  57  22   0   0
RUCKER 021414 221028 13 F 0  61  28  29 1 1 225  8  0  63  36  72  29   0   0
Count:   119  Zone Average:  60  33  38         10  0  64  42  73  33   0   0
 
 
 
End of WIMS Bulletin @ 21-OCT-22 22:45:52 GMT

