SHUS66 KMWI 212245
FWOLOX
Weather Information Management System (WIMS)
USDA National Information Technology Center (KMWI)
21-OCT-22 22:45:55 GMT
 
Listing of Forecasted Observations (Los Angeles, CA)
 
ST NME STAT'N   DATE HR T W DBT DPT  RH Y M DIR WS 10 TMX TMN HMX HMN PD1 PD2
------ ------ ------ -- - - --- --- --- - - --- -- -- --- --- --- ---  --  --
NWS Office:  LOX/Zone: 500
SAN LU 044915 221022 13 F 2  62  53  75 1 1 270 11  0  73  52 100  49   0   0
SAN LU 044915 221023 13 F 0  70  38  31 1 1 315  9  0  70  46 100  31   0   0
SAN LU 044915 221024 13 F 0  74  37  27 1 1 293  9  0  74  44  73  27   0   0
SAN LU 044915 221025 13 F 1  69  44  42 1 1 293 11  0  74  47  56  27   0   0
SAN LU 044915 221026 13 F 1  64  48  58 1 1 315 13  0  69  48  93  42   0   0
SAN LU 044915 221027 13 F 0  64  45  50 1 1 338 10  0  64  45  93  50   0   0
SAN LU 044915 221028 13 F 1  67  43  43 1 1 270  8  0  67  45  80  43   0   0
Count:     7  Zone Average:  67  44  47         10  0  70  47  85  39   0   0
Zone: 520
SAN SI 044917 221022 13 F 2  63  54  75 1 1 293 12  0  66  51 100  75   0   0
Count:     1  Zone Average:  63  54  75         12  0  66  51 100  75   0   0
Zone: 500
SAN SI 044917 221022 13 F 2  63  54  75 1 1 293 12  0  66  51 100  75   0   0
Count:     1  Zone Average:  63  54  75         12  0  66  51 100  75   0   0
Zone: 520
SAN SI 044917 221023 13 F 0  65  43  46 1 1 315 10  0  65  49 100  46   0   0
Count:     1  Zone Average:  65  43  46         10  0  65  49 100  46   0   0
Zone: 500
SAN SI 044917 221023 13 F 0  65  43  46 1 1 315 10  0  65  49 100  46   0   0
SAN SI 044917 221024 13 F 0  67  39  36 1 1 293  6  0  67  44  89  36   0   0
Count:     2  Zone Average:  66  41  41          8  0  66  47  95  41   0   0
Zone: 520
SAN SI 044917 221024 13 F 0  67  39  36 1 1 293  6  0  67  44  89  36   0   0
SAN SI 044917 221025 13 F 1  64  47  54 1 1 293 11  0  67  48  68  36   0   0
Count:     2  Zone Average:  66  43  45          9  0  67  46  79  36   0   0
Zone: 500
SAN SI 044917 221025 13 F 1  64  47  54 1 1 293 11  0  67  48  68  36   0   0
Count:     1  Zone Average:  64  47  54         11  0  67  48  68  36   0   0
Zone: 520
SAN SI 044917 221026 13 F 1  60  47  64 1 1 315 14  0  64  48 100  54   0   0
Count:     1  Zone Average:  60  47  64         14  0  64  48 100  54   0   0
Zone: 500
SAN SI 044917 221026 13 F 1  60  47  64 1 1 315 14  0  64  48 100  54   0   0
Count:     1  Zone Average:  60  47  64         14  0  64  48 100  54   0   0
Zone: 520
SAN SI 044917 221027 13 F 1  60  46  60 1 1 315  9  0  60  45 100  60   0   0
Count:     1  Zone Average:  60  46  60          9  0  60  45 100  60   0   0
Zone: 500
SAN SI 044917 221027 13 F 1  60  46  60 1 1 315  9  0  60  45 100  60   0   0
Count:     1  Zone Average:  60  46  60          9  0  60  45 100  60   0   0
Zone: 520
SAN SI 044917 221028 13 F 1  61  45  56 1 1 270  7  0  61  46  89  56   0   0
Count:     1  Zone Average:  61  45  56          7  0  61  46  89  56   0   0
Zone: 500
SAN SI 044917 221028 13 F 1  61  45  56 1 1 270  7  0  61  46  89  56   0   0
FIGUER 045201 221022 13 F 1  61  43  53 1 1 338 11  0  77  54  57  25   0   0
FIGUER 045201 221023 13 F 0  62  24  24 1 1 360 17  0  62  46  83  24   0   0
FIGUER 045201 221024 13 F 0  68  27  22 1 1 225  6  0  68  51  37  21   0   0
FIGUER 045201 221025 13 F 0  72  33  24 1 1 293  9  0  72  56  34  17   0   0
FIGUER 045201 221026 13 F 1  67  39  36 1 1 315 12  0  72  56  45  24   0   0
FIGUER 045201 221027 13 F 0  66  35  32 1 1 315 10  0  67  53  59  30   0   0
FIGUER 045201 221028 13 F 1  69  33  27 1 1 248  8  0  69  55  45  22   0   0
LOS PR 045203 221022 13 F 1  70  45  42 1 1 293 13  0  84  53  77  26   0   0
LOS PR 045203 221023 13 F 0  72  27  19 1 1 360 12  0  72  47  74  19   0   0
LOS PR 045203 221024 13 F 0  75  34  23 1 1 270  8  0  75  45  55  18   0   0
LOS PR 045203 221025 13 F 0  78  37  23 1 1 270  9  0  78  48  50  21   0   0
LOS PR 045203 221026 13 F 0  76  43  31 1 1 293 12  0  79  49  61  23   0   0
LOS PR 045203 221027 13 F 0  74  40  30 1 1 270 10  0  77  46  71  30   0   0
LOS PR 045203 221028 13 F 1  76  38  26 1 1 225  9  0  76  47  63  26   0   0
VANDEN 045220 221022 13 F 2  63  53  72 1 1 315 15  0  70  49 100  61   0   0
VANDEN 045220 221023 13 F 0  66  42  42 1 1 315 13  0  66  45 100  38   0   0
VANDEN 045220 221024 13 F 0  71  38  31 1 1 293  8  0  71  44  86  30   0   0
VANDEN 045220 221025 13 F 1  67  46  47 1 1 315 12  0  71  45  80  31   0   0
VANDEN 045220 221026 13 F 1  63  51  65 1 1 315 18  0  67  47 100  47   0   0
VANDEN 045220 221027 13 F 1  65  45  50 1 1 315 12  0  65  45 100  48   0   0
VANDEN 045220 221028 13 F 1  67  44  45 1 1 270 10  0  67  45  96  43   0   0
TEPUSQ 045225 221022 13 F 2  61  47  60 1 1 270  9  0  79  56  64  26   0   0
TEPUSQ 045225 221023 13 F 0  59  29  33 1 1 360 12  0  61  48  83  33   0   0
TEPUSQ 045225 221024 13 F 0  67  28  23 1 1 270  7  0  67  52  46  23   0   0
TEPUSQ 045225 221025 13 F 0  68  33  28 1 1 293 10  0  68  55  38  23   0   0
TEPUSQ 045225 221026 13 F 1  62  41  46 1 1 315 12  0  68  55  53  28   0   0
TEPUSQ 045225 221027 13 F 0  63  34  35 1 1 338 11  0  63  52  61  35   0   0
TEPUSQ 045225 221028 13 F 1  66  35  32 1 1 248  9  0  66  53  52  29   0   0
SEDGWI 045226 221022 13 F 1  69  50  51 1 1 315 12  0  81  50  93  30   0   0
SEDGWI 045226 221023 13 F 0  70  29  22 1 1 360 14  0  70  45 100  22   0   0
SEDGWI 045226 221024 13 F 0  75  32  21 1 1 270  9  0  75  41  79  21   0   0
SEDGWI 045226 221025 13 F 0  75  36  25 1 1 293 11  0  75  44  65  21   0   0
SEDGWI 045226 221026 13 F 1  71  44  38 1 1 315 15  0  75  44  89  25   0   0
SEDGWI 045226 221027 13 F 0  71  38  30 1 1 293 11  0  71  41 100  30   0   0
SEDGWI 045226 221028 13 F 1  72  37  28 1 1 225 11  0  72  43  86  28   0   0
PURISI 045229 221022 13 F 2  63  54  75 1 1 315 14  0  73  48 100  59   0   0
PURISI 045229 221023 13 F 0  69  38  33 1 1 315 12  0  69  44 100  33   0   0
PURISI 045229 221024 13 F 0  73  38  28 1 1 248  7  0  73  45  80  28   0   0
PURISI 045229 221025 13 F 0  69  43  39 1 1 315 12  0  73  47  71  28   0   0
PURISI 045229 221026 13 F 1  65  48  56 1 1 315 17  0  69  47 100  39   0   0
PURISI 045229 221027 13 F 1  66  44  45 1 1 315 12  0  66  45 100  45   0   0
PURISI 045229 221028 13 F 1  68  42  40 1 1 248 10  0  68  45  89  40   0   0
CUYAMA 045230 221022 13 F 1  66  44  45 1 1 225 15  0  88  58  45  15   0   0
CUYAMA 045230 221023 13 F 0  63  25  24 1 1  23 11  0  66  43  89  24   0   0
CUYAMA 045230 221024 13 F 0  74  23  15 1 1 338  7  0  74  46  47  15   0   0
CUYAMA 045230 221025 13 F 0  75  25  16 1 1 338  9  0  75  51  30  15   0   0
CUYAMA 045230 221026 13 F 1  69  34  28 1 1 338 10  0  75  51  48  16   0   0
CUYAMA 045230 221027 13 F 0  68  29  24 1 1 360 10  0  69  47  59  24   0   0
CUYAMA 045230 221028 13 F 1  73  25  17 1 1 293  8  0  73  49  44  17   0   0
Count:    50  Zone Average:  68  38  36         11  0  71  48  72  29   0   0
Zone: 501
MONTEC 045218 221022 13 F 2  62  52  72 1 1 293  8  0  73  54  93  55   0   0
MONTEC 045218 221023 13 F 0  66  32  29 1 1 360 11  0  66  51  86  29   0   0
MONTEC 045218 221024 13 F 0  66  38  36 1 1 248  8  0  67  50  48  29   0   0
MONTEC 045218 221025 13 F 0  69  41  37 1 1 248  7  0  69  53  55  36   0   0
MONTEC 045218 221026 13 F 0  67  47  49 1 1 270 11  0  70  52  63  37   0   0
MONTEC 045218 221027 13 F 0  65  44  48 1 1 248  8  0  68  50  74  47   0   0
MONTEC 045218 221028 13 F 1  67  43  42 1 1 203  8  0  67  52  61  42   0   0
MONTEC 045221 221022 13 F 2  66  57  73 1 1 248  6  0  72  54 100  68   0   0
MONTEC 045221 221023 13 F 0  67  43  42 1 1 338 11  0  67  52  93  42   0   0
MONTEC 045221 221024 13 F 0  70  45  42 1 1 248  9  0  70  48  77  40   0   0
MONTEC 045221 221025 13 F 1  67  46  47 1 1 248  7  0  72  51  69  39   0   0
MONTEC 045221 221026 13 F 0  65  50  60 1 1 270 11  0  68  51  86  47   0   0
MONTEC 045221 221027 13 F 1  63  48  58 1 1 248  9  0  66  48  96  56   0   0
MONTEC 045221 221028 13 F 1  66  47  52 1 1 203  8  0  66  50  80  52   0   0
SB BOT 045222 221022 13 F 2  68  54  63 1 1 338 11  0  72  53 100  63   0   0
SB BOT 045222 221023 13 F 0  70  38  32 1 1 360 11  0  70  50  83  32   0   0
SB BOT 045222 221024 13 F 0  72  45  38 1 1 270  8  0  72  49  71  32   0   0
SB BOT 045222 221025 13 F 0  69  43  40 1 1 248  8  0  73  52  59  37   0   0
SB BOT 045222 221026 13 F 0  67  48  52 1 1 270 11  0  70  52  77  40   0   0
SB BOT 045222 221027 13 F 1  65  47  54 1 1 248  9  0  68  49  80  51   0   0
SB BOT 045222 221028 13 F 1  67  46  47 1 1 225  8  0  67  51  66  47   0   0
REFUGI 045223 221022 13 F 2  65  52  63 1 1 338 18  0  71  55  90  59   0   0
REFUGI 045223 221023 13 F 0  67  31  27 1 1 360 15  0  67  50  75  27   0   0
REFUGI 045223 221024 13 F 0  67  37  34 1 1 270  8  0  71  51  52  25   0   0
REFUGI 045223 221025 13 F 0  70  43  38 1 1 270 10  0  70  54  43  31   0   0
REFUGI 045223 221026 13 F 1  67  47  50 1 1 293 16  0  73  53  61  35   0   0
REFUGI 045223 221027 13 F 1  65  43  45 1 1 270 11  0  70  51  59  44   0   0
REFUGI 045223 221028 13 F 1  67  43  43 1 1 225  9  0  68  53  53  41   0   0
SAN MA 045224 221022 13 F 2  65  54  68 1 1 338 17  0  74  54  96  55   0   0
SAN MA 045224 221023 13 F 0  68  33  28 1 1 360 12  0  68  48  89  28   0   0
SAN MA 045224 221024 13 F 0  68  40  37 1 1 248  7  0  69  48  61  27   0   0
SAN MA 045224 221025 13 F 0  69  43  39 1 1 270  9  0  69  51  52  35   0   0
SAN MA 045224 221026 13 F 0  68  48  49 1 1 293 12  0  70  51  71  38   0   0
SAN MA 045224 221027 13 F 0  65  45  50 1 1 270 10  0  69  49  80  47   0   0
SAN MA 045224 221028 13 F 1  67  46  47 1 1 225  8  0  67  50  68  45   0   0
GAVIOT 045227 221022 13 F 2  66  53  63 1 1 338 16  0  71  52 100  61   0   0
GAVIOT 045227 221023 13 F 0  69  38  33 1 1 315 16  0  69  50  93  32   0   0
GAVIOT 045227 221024 13 F 0  72  44  37 1 1 270  8  0  72  49  68  31   0   0
GAVIOT 045227 221025 13 F 0  71  46  41 1 1 293 11  0  76  52  71  32   0   0
GAVIOT 045227 221026 13 F 1  68  49  52 1 1 315 18  0  74  51  89  37   0   0
GAVIOT 045227 221027 13 F 1  68  44  43 1 1 293 12  0  71  50  89  43   0   0
GAVIOT 045227 221028 13 F 1  69  47  47 1 1 225  9  0  71  51  77  41   0   0
CARPIN 045228 221022 13 F 2  61  56  84 1 1 270  5  0  73  55 100  62   0   0
CARPIN 045228 221023 13 F 0  64  37  37 1 1 360 11  0  64  51 100  35   0   0
CARPIN 045228 221024 13 F 0  64  39  41 1 1 270  9  0  65  49  54  35   0   0
CARPIN 045228 221025 13 F 0  64  43  48 1 1 248  7  0  65  52  57  41   0   0
CARPIN 045228 221026 13 F 0  62  47  60 1 1 270 10  0  65  52  71  46   0   0
CARPIN 045228 221027 13 F 1  61  46  58 1 1 248  9  0  63  49  86  58   0   0
CARPIN 045228 221028 13 F 1  63  45  52 1 1 203  8  0  63  51  69  49   0   0
SANTA  045437 221022 13 F 2  64  58  81 1 1 203  8  0  84  58 100  44   0   0
SANTA  045437 221023 13 F 1  70  41  36 1 1 225  8  0  70  53 100  36   0   0
SANTA  045437 221024 13 F 0  73  28  19 1 1 270  5  0  73  48  63  19   0   0
SANTA  045437 221025 13 F 0  73  35  25 1 1 225  8  0  75  51  44  17   0   0
SANTA  045437 221026 13 F 1  69  50  51 1 1 225 10  0  75  52  77  24   0   0
SANTA  045437 221027 13 F 0  69  43  39 1 1 225  8  0  71  49 100  39   0   0
SANTA  045437 221028 13 F 1  72  36  27 1 1 225  7  0  72  49  66  27   0   0
BEVERL 045442 221022 13 F 2  66  57  75 1 1 203  9  0  81  55 100  51   0   0
BEVERL 045442 221023 13 F 0  71  38  30 1 1 270 10  0  71  52 100  30   0   0
BEVERL 045442 221024 13 F 0  76  29  18 1 1 203  8  0  76  50  49  18   0   0
BEVERL 045442 221025 13 F 0  73  37  27 1 1 203  9  0  76  50  46  18   0   0
BEVERL 045442 221026 13 F 1  70  48  47 1 1 225 11  0  73  52  77  27   0   0
BEVERL 045442 221027 13 F 0  70  41  36 1 1 270 10  0  70  50  83  36   0   0
BEVERL 045442 221028 13 F 1  72  37  28 1 1 225  9  0  72  50  59  28   0   0
CLAREM 045443 221022 13 F 2  63  54  75 1 1 225 10  0  80  55 100  41   0   0
CLAREM 045443 221023 13 F 1  63  40  44 1 1 248  8  0  63  50 100  44   0   0
CLAREM 045443 221024 13 F 0  68  28  23 1 1 338  7  0  68  46  52  23   0   0
CLAREM 045443 221025 13 F 0  71  33  25 1 1 225  9  0  71  49  44  21   0   0
CLAREM 045443 221026 13 F 1  67  47  49 1 1 225 10  0  72  50  74  25   0   0
CLAREM 045443 221027 13 F 0  67  39  36 1 1 293  9  0  68  47 100  36   0   0
CLAREM 045443 221028 13 F 1  70  33  26 1 1 248  8  0  70  47  63  26   0   0
WHITTI 045446 221022 13 F 2  67  58  73 1 1 203  8  0  82  58 100  51   0   0
WHITTI 045446 221023 13 F 1  70  41  36 1 1 248  9  0  70  55 100  36   0   0
WHITTI 045446 221024 13 F 0  76  30  19 1 1 248  6  0  76  51  64  19   0   0
WHITTI 045446 221025 13 F 0  73  38  28 1 1 225  8  0  77  53  48  19   0   0
WHITTI 045446 221026 13 F 1  69  52  55 1 1 225 10  0  74  53  80  28   0   0
WHITTI 045446 221027 13 F 1  70  45  41 1 1 225  7  0  70  52 100  41   0   0
WHITTI 045446 221028 13 F 1  73  38  29 1 1 225  8  0  73  51  71  29   0   0
LEO CA 045447 221022 13 F 2  65  57  78 1 1 270  8  0  69  58 100  75   0   0
LEO CA 045447 221023 13 F 1  68  45  45 1 1 293 11  0  69  56  87  44   0   0
LEO CA 045447 221024 13 F 0  76  37  25 1 1 293  9  0  78  56  58  23   0   0
LEO CA 045447 221025 13 F 1  68  47  47 1 1 225  8  0  76  56  51  25   0   0
LEO CA 045447 221026 13 F 1  66  53  63 1 1 270 10  0  68  56  72  47   0   0
LEO CA 045447 221027 13 F 1  67  47  49 1 1 293 10  0  68  55  75  47   0   0
LEO CA 045447 221028 13 F 1  69  46  45 1 1 180  8  0  70  56  56  42   0   0
TONNER 045453 221022 13 F 2  66  57  73 1 1 203  9  0  80  56 100  49   0   0
TONNER 045453 221023 13 F 1  67  43  42 1 1 248  8  0  67  53 100  42   0   0
TONNER 045453 221024 13 F 0  72  28  20 1 1  45  8  0  72  48  63  20   0   0
TONNER 045453 221025 13 F 0  69  36  30 1 1 225  9  0  73  50  51  19   0   0
TONNER 045453 221026 13 F 1  66  47  52 1 1 225 11  0  70  50  80  30   0   0
TONNER 045453 221027 13 F 1  67  41  39 1 1 270  8  0  67  50 100  39   0   0
TONNER 045453 221028 13 F 1  69  34  28 1 1 225  9  0  69  49  68  28   0   0
CATALI 045457 221022 13 F 2  67  59  78 1 1 248  8  0  76  59 100  54   0   0
CATALI 045457 221023 13 F 1  69  52  55 1 1 270 10  0  69  56 100  55   0   0
CATALI 045457 221024 13 F 1  75  46  36 1 1 360  5  0  75  59  72  36   0   0
CATALI 045457 221025 13 F 0  76  54  48 1 1 270  4  0  76  59  67  36   0   0
CATALI 045457 221026 13 F 1  75  57  54 1 1 270  5  0  76  58  77  46   0   0
CATALI 045457 221027 13 F 1  75  53  48 1 1 315  5  0  75  58  75  48   0   0
CATALI 045457 221028 13 F 1  76  53  45 1 1 270  2  0  76  59  69  45   0   0
Count:    98  Zone Average:  68  44  45          9  0  71  52  76  39   0   0
Zone: 503
CHUCHU 045302 221022 13 F 1  65  35  34 1 1 293 10  0  75  40  52  16   0   0
CHUCHU 045302 221023 13 F 0  53  23  32 1 1 360 10  0  65  31  96  32   0   0
CHUCHU 045302 221024 13 F 0  62  12  14 1 1  90  9  0  62  24  81  14   0   0
CHUCHU 045302 221025 13 F 0  65  17  16 1 1 338  9  0  65  29  46  14   0   0
CHUCHU 045302 221026 13 F 1  59  26  29 1 1 315 11  0  65  29  75  16   0   0
CHUCHU 045302 221027 13 F 0  58  20  23 1 1 360  9  0  59  25  88  23   0   0
CHUCHU 045302 221028 13 F 1  62  15  16 1 1  23  9  0  62  27  55  16   0   0
OZENA  045303 221022 13 F 1  68  40  37 1 1 270 11  0  84  47  58  16   0   0
OZENA  045303 221023 13 F 0  62  24  24 1 1 360 11  0  68  35  96  24   0   0
OZENA  045303 221024 13 F 0  71  17  13 1 1 315  8  0  71  32  67  13   0   0
OZENA  045303 221025 13 F 0  73  22  15 1 1 315 11  0  73  37  42  13   0   0
OZENA  045303 221026 13 F 1  67  28  23 1 1 315 12  0  73  36  72  15   0   0
OZENA  045303 221027 13 F 0  67  23  19 1 1 293 11  0  67  32  82  18   0   0
OZENA  045303 221028 13 F 1  71  22  16 1 1 270 10  0  71  36  50  14   0   0
ROSE V 045314 221022 13 F 1  65  44  48 1 1 225  8  0  77  42  89  24   0   0
ROSE V 045314 221023 13 F 0  64  25  23 1 1 338  7  0  65  35  96  23   0   0
ROSE V 045314 221024 13 F 0  71  19  14 1 1 203  6  0  72  29  64  13   0   0
ROSE V 045314 221025 13 F 0  72  29  21 1 1 248  8  0  73  33  56  14   0   0
ROSE V 045314 221026 13 F 0  68  37  32 1 1 270 10  0  72  33  85  21   0   0
ROSE V 045314 221027 13 F 0  66  31  27 1 1 203  9  0  68  29  89  22   0   0
ROSE V 045314 221028 13 F 0  69  28  22 1 1 203  9  0  70  32  61  17   0   0
Count:    21  Zone Average:  66  26  24         10  0  69  33  72  18   0   0
Zone: 504
CASITA 045308 221022 13 F 2  64  55  73 1 1 248 10  0  80  53 100  45   0   0
CASITA 045308 221023 13 F 0  69  37  31 1 1  45  6  0  69  50  93  31   0   0
CASITA 045308 221024 13 F 0  70  33  26 1 1 270 11  0  70  46  65  26   0   0
CASITA 045308 221025 13 F 0  74  40  30 1 1 248  6  0  74  48  58  26   0   0
CASITA 045308 221026 13 F 1  71  46  42 1 1 270 10  0  75  48  83  29   0   0
CASITA 045308 221027 13 F 0  70  43  38 1 1 248  9  0  72  46  86  38   0   0
CASITA 045308 221028 13 F 1  72  41  33 1 1 203  8  0  72  47  71  33   0   0
WILEY  045335 221022 13 F 2  65  54  68 1 1 225 13  0  81  56  93  35   0   0
WILEY  045335 221023 13 F 0  67  33  29 1 1 315  6  0  67  50  96  29   0   0
WILEY  045335 221024 13 F 0  73  27  18 1 1  68 18  0  73  46  56  18   0   0
WILEY  045335 221025 13 F 0  73  36  26 1 1 225 10  0  74  48  47  17   0   0
WILEY  045335 221026 13 F 0  69  46  45 1 1 225 11  0  74  48  74  26   0   0
WILEY  045335 221027 13 F 0  69  37  32 1 1  68 12  0  70  46  86  32   0   0
WILEY  045335 221028 13 F 1  71  35  27 1 1  90 11  0  71  47  56  27   0   0
HARMON 045337 221022 13 F 2  64  57  78 1 1 248 10  0  78  55 100  50   0   0
HARMON 045337 221023 13 F 0  68  37  33 1 1 293  7  0  68  50  96  33   0   0
HARMON 045337 221024 13 F 0  75  32  21 1 1 270  7  0  75  46  61  20   0   0
HARMON 045337 221025 13 F 0  70  38  32 1 1 225  8  0  75  48  54  21   0   0
HARMON 045337 221026 13 F 0  67  47  49 1 1 248 10  0  70  48  74  32   0   0
HARMON 045337 221027 13 F 0  68  40  37 1 1 248 10  0  68  46  89  37   0   0
HARMON 045337 221028 13 F 1  70  38  31 1 1 180 10  0  70  48  63  31   0   0
MILLER 045338 221022 13 F 2  65  56  75 1 1 248  8  0  74  55 100  64   0   0
MILLER 045338 221023 13 F 1  69  40  36 1 1 270  9  0  69  51  96  36   0   0
MILLER 045338 221024 13 F 0  78  32  19 1 1  45 14  0  78  51  51  18   0   0
MILLER 045338 221025 13 F 0  69  43  40 1 1 225  9  0  78  51  56  19   0   0
MILLER 045338 221026 13 F 1  66  50  58 1 1 248 11  0  69  51  83  40   0   0
MILLER 045338 221027 13 F 1  67  43  43 1 1 293 11  0  67  50  86  43   0   0
MILLER 045338 221028 13 F 1  69  41  37 1 1 180 11  0  69  52  59  37   0   0
Count:    28  Zone Average:  69  41  40         10  0  73  49  76  32   0   0
Zone: 505
TEMESC 045307 221022 13 F 2  65  50  60 1 1 203 12  0  84  53  93  25   0   0
TEMESC 045307 221023 13 F 0  68  29  24 1 1 360 19  0  68  48  93  24   0   0
TEMESC 045307 221024 13 F 0  72  26  18 1 1  68 14  0  72  44  54  18   0   0
TEMESC 045307 221025 13 F 0  76  34  22 1 1 225 11  0  76  46  45  17   0   0
TEMESC 045307 221026 13 F 0  72  44  37 1 1 248 12  0  77  47  71  22   0   0
TEMESC 045307 221027 13 F 0  70  33  26 1 1  68 13  0  73  45  80  26   0   0
TEMESC 045307 221028 13 F 0  73  30  21 1 1  68 11  0  73  46  49  21   0   0
CHEESE 045313 221022 13 F 2  63  53  72 1 1 203  7  0  83  53 100  38   0   0
CHEESE 045313 221023 13 F 0  69  33  27 1 1 293  8  0  69  49  93  27   0   0
CHEESE 045313 221024 13 F 0  74  23  15 1 1  45 18  0  74  48  43  15   0   0
CHEESE 045313 221025 13 F 0  73  35  25 1 1 225  8  0  76  48  44  14   0   0
CHEESE 045313 221026 13 F 1  69  46  44 1 1 225 11  0  75  49  77  24   0   0
CHEESE 045313 221027 13 F 0  70  37  30 1 1 360 11  0  71  47  80  30   0   0
CHEESE 045313 221028 13 F 1  72  34  25 1 1 113  9  0  72  47  56  25   0   0
SAUGUS 045412 221022 13 F 2  64  49  60 1 1 203 12  0  84  53  93  25   0   0
SAUGUS 045412 221023 13 F 0  66  28  24 1 1 360 12  0  66  47  93  24   0   0
SAUGUS 045412 221024 13 F 0  71  22  16 1 1  68 14  0  71  44  50  16   0   0
SAUGUS 045412 221025 13 F 0  75  29  19 1 1 225 11  0  75  45  45  15   0   0
SAUGUS 045412 221026 13 F 1  71  42  35 1 1 225 13  0  76  47  71  19   0   0
SAUGUS 045412 221027 13 F 0  69  31  25 1 1  45 14  0  72  45  77  25   0   0
SAUGUS 045412 221028 13 F 0  72  27  19 1 1  45 12  0  72  46  51  19   0   0
MALIBU 045433 221022 13 F 2  63  57  81 1 1 203  7  0  74  57 100  66   0   0
MALIBU 045433 221023 13 F 1  66  42  42 1 1 270  8  0  66  53  96  38   0   0
MALIBU 045433 221024 13 F 0  71  32  24 1 1 270  6  0  71  53  51  23   0   0
MALIBU 045433 221025 13 F 0  71  42  35 1 1 225  8  0  71  53  39  24   0   0
MALIBU 045433 221026 13 F 1  68  50  54 1 1 225 10  0  71  54  64  35   0   0
MALIBU 045433 221027 13 F 1  69  41  37 1 1 293 10  0  69  52  69  37   0   0
MALIBU 045433 221028 13 F 1  71  38  31 1 1 203  8  0  71  52  53  31   0   0
DEL VA 045445 221022 13 F 2  65  50  60 1 1 225 12  0  86  54  93  24   0   0
DEL VA 045445 221023 13 F 0  67  29  24 1 1 360 16  0  67  49  90  24   0   0
DEL VA 045445 221024 13 F 0  70  24  18 1 1  45 16  0  70  43  53  18   0   0
DEL VA 045445 221025 13 F 0  75  33  22 1 1 225 11  0  75  45  49  16   0   0
DEL VA 045445 221026 13 F 1  71  42  36 1 1 225 12  0  76  46  73  22   0   0
DEL VA 045445 221027 13 F 0  69  33  27 1 1  45 14  0  72  45  77  27   0   0
DEL VA 045445 221028 13 F 0  72  32  23 1 1  45 12  0  72  45  53  23   0   0
SAN RA 045451 221022 13 F 2  63  58  84 1 1 180  8  0  82  55 100  46   0   0
SAN RA 045451 221023 13 F 0  67  36  32 1 1 338  9  0  67  50 100  32   0   0
SAN RA 045451 221024 13 F 0  72  27  19 1 1 203  6  0  72  48  50  19   0   0
SAN RA 045451 221025 13 F 0  74  35  25 1 1 225  9  0  74  50  39  19   0   0
SAN RA 045451 221026 13 F 1  70  48  47 1 1 225 10  0  74  51  71  25   0   0
SAN RA 045451 221027 13 F 0  69  43  39 1 1 225  9  0  70  48  93  39   0   0
SAN RA 045451 221028 13 F 1  72  37  28 1 1 248  8  0  72  49  59  28   0   0
MALIBU 045452 221022 13 F 2  65  56  75 1 1 203  8  0  77  55 100  58   0   0
MALIBU 045452 221023 13 F 1  69  41  37 1 1 270  7  0  69  53  90  37   0   0
MALIBU 045452 221024 13 F 0  72  32  23 1 1 293  5  0  72  51  50  22   0   0
MALIBU 045452 221025 13 F 0  72  42  34 1 1 225  8  0  73  50  48  22   0   0
MALIBU 045452 221026 13 F 1  69  52  55 1 1 248 10  0  73  50  77  34   0   0
MALIBU 045452 221027 13 F 1  70  41  36 1 1 293 10  0  70  50  74  36   0   0
MALIBU 045452 221028 13 F 1  72  39  31 1 1 180  8  0  72  50  54  31   0   0
NEWHAL 045454 221022 13 F 2  58  53  86 1 1 180 11  0  80  54  93  39   0   0
NEWHAL 045454 221023 13 F 0  63  30  29 1 1 360 13  0  63  48 100  29   0   0
NEWHAL 045454 221024 13 F 0  67  22  18 1 1  45 16  0  67  48  42  18   0   0
NEWHAL 045454 221025 13 F 0  72  27  19 1 1 203 11  0  72  49  36  17   0   0
NEWHAL 045454 221026 13 F 1  68  42  39 1 1 225 12  0  73  50  61  19   0   0
NEWHAL 045454 221027 13 F 0  67  31  26 1 1  45 15  0  69  48  69  26   0   0
NEWHAL 045454 221028 13 F 1  69  28  22 1 1 360 12  0  69  48  44  22   0   0
TOPANG 045456 221022 13 F 2  66  55  70 1 1 180  8  0  85  53 100  39   0   0
TOPANG 045456 221023 13 F 0  71  38  30 1 1 293  8  0  71  51  93  30   0   0
TOPANG 045456 221024 13 F 0  75  25  16 1 1  23  7  0  75  51  42  16   0   0
TOPANG 045456 221025 13 F 0  77  35  22 1 1 203  8  0  77  50  41  16   0   0
TOPANG 045456 221026 13 F 1  74  46  37 1 1 225  9  0  78  51  71  22   0   0
TOPANG 045456 221027 13 F 0  75  36  25 1 1 338 10  0  75  50  71  25   0   0
TOPANG 045456 221028 13 F 1  77  32  20 1 1 225  8  0  77  50  52  20   0   0
Count:    63  Zone Average:  70  38  35         11  0  73  49  69  26   0   0
Zone: 506
CLEAR  045405 221022 13 F 1  58  45  64 1 1 180 11  0  72  55  69  34   0   0
CLEAR  045405 221023 13 F 0  60  25  27 1 1 360 10  0  60  47  93  27   0   0
CLEAR  045405 221024 13 F 0  63  20  19 1 1  90  5  0  63  49  29  19   0   0
CLEAR  045405 221025 13 F 0  68  27  22 1 1 248 11  0  68  53  24  16   0   0
CLEAR  045405 221026 13 F 1  64  41  43 1 1 225 11  0  68  53  44  22   0   0
CLEAR  045405 221027 13 F 0  63  34  34 1 1 338 11  0  64  49  59  30   0   0
CLEAR  045405 221028 13 F 0  66  30  26 1 1 270 11  0  66  50  36  22   0   0
WARM S 045426 221022 13 F 2  60  47  64 1 1 203 13  0  81  53  66  28   0   0
WARM S 045426 221023 13 F 0  56  28  34 1 1 338 13  0  61  43 100  34   0   0
WARM S 045426 221024 13 F 0  62  13  15 1 1  68 15  0  62  45  35  15   0   0
WARM S 045426 221025 13 F 0  67  23  19 1 1 248 12  0  68  48  29  15   0   0
WARM S 045426 221026 13 F 1  63  34  35 1 1 270 13  0  69  49  42  18   0   0
WARM S 045426 221027 13 F 0  60  25  26 1 1  45 16  0  64  45  60  26   0   0
WARM S 045426 221028 13 F 0  64  22  20 1 1  68 12  0  64  46  35  18   0   0
ACTON  045438 221022 13 F 1  65  43  46 1 1 203 20  0  80  53  74  25   0   0
ACTON  045438 221023 13 F 0  62  25  25 1 1 338 11  0  65  43  96  25   0   0
ACTON  045438 221024 13 F 0  65  16  15 1 1  68 16  0  65  42  43  15   0   0
ACTON  045438 221025 13 F 0  72  21  15 1 1 270 13  0  72  45  29  14   0   0
ACTON  045438 221026 13 F 1  68  34  29 1 1 248 15  0  73  47  54  15   0   0
ACTON  045438 221027 13 F 0  65  25  22 1 1  45 16  0  69  42  76  22   0   0
ACTON  045438 221028 13 F 0  68  21  17 1 1  23 14  0  68  42  47  16   0   0
HENNIN 045439 221022 13 F 2  60  56  87 1 1 180  7  0  78  56 100  48   0   0
HENNIN 045439 221023 13 F 0  63  37  38 1 1 360  6  0  63  50 100  38   0   0
HENNIN 045439 221024 13 F 0  66  28  24 1 1 203  4  0  66  49  52  24   0   0
HENNIN 045439 221025 13 F 0  69  32  26 1 1 225  9  0  69  53  33  24   0   0
HENNIN 045439 221026 13 F 1  65  46  52 1 1 225 10  0  69  52  69  26   0   0
HENNIN 045439 221027 13 F 0  64  39  41 1 1 248  9  0  65  49  89  41   0   0
HENNIN 045439 221028 13 F 1  67  34  30 1 1 248  8  0  67  49  54  30   0   0
CAMP 9 045441 221022 13 F 2  59  52  78 1 1 180 13  0  77  55  78  40   0   0
CAMP 9 045441 221023 13 F 0  60  30  32 1 1 360 12  0  60  48 100  32   0   0
CAMP 9 045441 221024 13 F 0  63  20  19 1 1  45 14  0  63  47  39  19   0   0
CAMP 9 045441 221025 13 F 0  66  28  24 1 1 225 11  0  66  50  32  17   0   0
CAMP 9 045441 221026 13 F 1  63  40  43 1 1 225 13  0  68  50  52  24   0   0
CAMP 9 045441 221027 13 F 0  61  30  31 1 1  45 15  0  65  48  69  31   0   0
CAMP 9 045441 221028 13 F 1  64  26  24 1 1 360 12  0  64  48  41  24   0   0
WHITAK 045448 221022 13 F 1  61  49  65 1 1 180 11  0  80  54  74  27   0   0
WHITAK 045448 221023 13 F 0  60  27  29 1 1 360 18  0  61  45  93  29   0   0
WHITAK 045448 221024 13 F 0  65  19  17 1 1  68 10  0  65  46  46  17   0   0
WHITAK 045448 221025 13 F 0  69  26  20 1 1 248 11  0  69  49  29  16   0   0
WHITAK 045448 221026 13 F 0  65  36  35 1 1 270 12  0  70  50  44  20   0   0
WHITAK 045448 221027 13 F 0  61  27  28 1 1  68 14  0  65  46  56  28   0   0
WHITAK 045448 221028 13 F 0  65  24  21 1 1  68 12  0  65  48  32  21   0   0
GRASS  045449 221022 13 F 1  60  46  62 1 1 225 17  0  80  52  71  23   0   0
GRASS  045449 221023 13 F 0  58  26  30 1 1 338 17  0  60  41  96  30   0   0
GRASS  045449 221024 13 F 0  63  17  17 1 1  45 15  0  63  38  46  17   0   0
GRASS  045449 221025 13 F 0  67  23  19 1 1 270 13  0  68  41  39  16   0   0
GRASS  045449 221026 13 F 0  62  36  38 1 1 270 17  0  68  44  53  19   0   0
GRASS  045449 221027 13 F 0  59  25  27 1 1  45 17  0  62  40  70  27   0   0
GRASS  045449 221028 13 F 0  62  20  20 1 1  45 14  0  62  39  46  19   0   0
Count:    49  Zone Average:  63  31  33         13  0  67  48  58  24   0   0
Zone: 507
BIG PI 045401 221022 13 F 1  58  28  32 1 1 203 23  0  66  49  42  27   0   0
BIG PI 045401 221023 13 F 0  48  18  30 1 1 315 10  0  58  37  76  30   0   0
BIG PI 045401 221024 13 F 0  53  10  18 1 1  68 11  0  53  31  45  18   0   0
BIG PI 045401 221025 13 F 0  56  16  21 1 1 293  7  0  56  35  32  16   0   0
BIG PI 045401 221026 13 F 1  54  27  35 1 1 270 10  0  56  38  54  21   0   0
BIG PI 045401 221027 13 F 0  48  18  31 1 1 360 10  0  54  33  75  31   0   0
BIG PI 045401 221028 13 F 1  52  17  25 1 1 360  8  0  52  34  43  24   0   0
MILL C 045435 221022 13 F 1  61  35  39 1 1 180 18  0  72  53  43  29   0   0
MILL C 045435 221023 13 F 0  54  21  28 1 1 360 11  0  61  42  89  28   0   0
MILL C 045435 221024 13 F 0  59   9  14 1 1  68 17  0  59  42  35  14   0   0
MILL C 045435 221025 13 F 0  63  16  16 1 1 270 12  0  63  46  24  14   0   0
MILL C 045435 221026 13 F 1  59  29  32 1 1 248 14  0  63  48  39  16   0   0
MILL C 045435 221027 13 F 0  56  18  23 1 1  23 15  0  59  43  63  23   0   0
MILL C 045435 221028 13 F 1  59  16  19 1 1 360 13  0  59  44  37  18   0   0
CHILAO 045436 221022 13 F 1  58  37  47 1 1 180 14  0  70  50  52  27   0   0
CHILAO 045436 221023 13 F 0  55  19  25 1 1 293 11  0  59  42  86  24   0   0
CHILAO 045436 221024 13 F 0  60  10  14 1 1  45 20  0  62  42  32  11   0   0
CHILAO 045436 221025 13 F 0  62  16  17 1 1 270 12  0  64  46  23  13   0   0
CHILAO 045436 221026 13 F 1  58  29  34 1 1 248 14  0  62  47  38  17   0   0
CHILAO 045436 221027 13 F 0  56  20  25 1 1 360 13  0  58  42  65  23   0   0
CHILAO 045436 221028 13 F 1  59  16  19 1 1 315 12  0  61  44  37  16   0   0
Count:    21  Zone Average:  57  20  26         13  0  60  42  49  21   0   0
Zone: 519
POPPY  045440 221022 13 F 1  68  45  45 1 1 225 21  0  84  57  62  18   0   0
POPPY  045440 221023 13 F 0  62  26  26 1 1 338 14  0  68  46  80  26   0   0
POPPY  045440 221024 13 F 0  69  16  13 1 1  68 11  0  69  44  44  13   0   0
POPPY  045440 221025 13 F 0  73  22  15 1 1 270 12  0  73  47  30  13   0   0
POPPY  045440 221026 13 F 1  67  34  30 1 1 270 18  0  74  50  42  15   0   0
POPPY  045440 221027 13 F 0  65  26  23 1 1  45 15  0  67  45  54  23   0   0
POPPY  045440 221028 13 F 0  69  19  15 1 1  68 12  0  69  45  40  15   0   0
SADDLE 045444 221022 13 F 1  74  38  28 1 1 248 21  0  86  52  62  15   0   0
SADDLE 045444 221023 13 F 0  65  26  23 1 1 315 10  0  74  44  83  23   0   0
SADDLE 045444 221024 13 F 0  68  15  13 1 1  45  8  0  68  38  46  13   0   0
SADDLE 045444 221025 13 F 0  75  19  12 1 1 270 10  0  75  40  37  12   0   0
SADDLE 045444 221026 13 F 1  72  32  23 1 1 270 18  0  75  46  51  11   0   0
SADDLE 045444 221027 13 F 0  66  23  20 1 1  23 12  0  72  40  70  20   0   0
SADDLE 045444 221028 13 F 0  70  20  15 1 1  45 11  0  70  39  48  15   0   0
LAKE P 045450 221022 13 F 1  68  42  39 1 1 225 24  0  83  61  48  19   0   0
LAKE P 045450 221023 13 F 0  61  25  26 1 1 338 13  0  68  47  77  26   0   0
LAKE P 045450 221024 13 F 0  64  15  15 1 1  45 12  0  64  46  33  15   0   0
LAKE P 045450 221025 13 F 0  71  22  16 1 1 270 13  0  71  49  25  14   0   0
LAKE P 045450 221026 13 F 0  66  33  30 1 1 270 17  0  72  52  41  16   0   0
LAKE P 045450 221027 13 F 0  62  25  25 1 1  45 15  0  67  46  57  25   0   0
LAKE P 045450 221028 13 F 0  66  21  18 1 1  45 13  0  66  47  35  18   0   0
Count:    21  Zone Average:  68  26  22         14  0  72  47  51  17   0   0
Zone: 520
LAS TA 044904 221022 13 F 2  64  48  56 1 1 315  8  0  87  45 100  23   0   0
LAS TA 044904 221023 13 F 0  67  31  26 1 1 360 12  0  67  43  93  26   0   0
LAS TA 044904 221024 13 F 0  74  29  19 1 1 293  3  0  74  43  62  19   0   0
LAS TA 044904 221025 13 F 1  76  38  26 1 1 315  8  0  76  47  52  17   0   0
LAS TA 044904 221026 13 F 1  71  39  32 1 1 315 12  0  78  47  86  25   0   0
LAS TA 044904 221027 13 F 0  71  37  29 1 1 338  7  0  72  43  79  29   0   0
LAS TA 044904 221028 13 F 1  73  35  25 1 1 248  6  0  73  45  62  25   0   0
Count:     7  Zone Average:  71  37  31          8  0  75  45  76  24   0   0
Zone: 525
BRANCH 044901 221022 13 F 1  61  43  53 1 1 248 13  0  80  53  60  20   0   0
BRANCH 044901 221023 13 F 0  59  27  30 1 1  23 14  0  61  43  93  30   0   0
BRANCH 044901 221024 13 F 0  66  21  18 1 1 338  7  0  66  46  43  18   0   0
BRANCH 044901 221025 13 F 0  68  27  22 1 1 338 11  0  68  51  33  18   0   0
BRANCH 044901 221026 13 F 1  62  36  39 1 1 338 11  0  68  51  54  22   0   0
BRANCH 044901 221027 13 F 0  61  30  32 1 1 360 12  0  62  47  65  32   0   0
BRANCH 044901 221028 13 F 1  67  26  22 1 1 270 10  0  67  48  54  22   0   0
LA PAN 044914 221022 13 F 1  66  49  56 1 1 270 11  0  88  45  96  18   0   0
LA PAN 044914 221023 13 F 0  65  31  28 1 1  23 13  0  67  41  89  28   0   0
LA PAN 044914 221024 13 F 0  72  24  17 1 1 360  7  0  72  37  70  17   0   0
LA PAN 044914 221025 13 F 0  74  30  20 1 1 338 11  0  74  40  50  16   0   0
LA PAN 044914 221026 13 F 1  68  40  36 1 1 338 11  0  75  42  82  19   0   0
LA PAN 044914 221027 13 F 0  67  32  28 1 1  23 11  0  69  38  79  28   0   0
LA PAN 044914 221028 13 F 1  72  28  20 1 1 293 10  0  72  39  64  20   0   0
CARRIZ 044916 221022 13 F 1  66  45  47 1 1 248 18  0  86  59  48  16   0   0
CARRIZ 044916 221023 13 F 0  58  29  33 1 1  23 11  0  66  44  86  33   0   0
CARRIZ 044916 221024 13 F 0  67  22  18 1 1  23  6  0  67  46  49  18   0   0
CARRIZ 044916 221025 13 F 0  69  23  18 1 1 360 11  0  69  50  33  17   0   0
CARRIZ 044916 221026 13 F 1  63  37  38 1 1 360 11  0  70  50  61  18   0   0
CARRIZ 044916 221027 13 F 0  62  30  30 1 1  23 10  0  64  46  60  30   0   0
CARRIZ 044916 221028 13 F 1  68  25  20 1 1 338  9  0  68  47  44  20   0   0
Count:    21  Zone Average:  66  31  30         11  0  71  46  63  22   0   0
 
 
 
End of WIMS Bulletin @ 21-OCT-22 22:45:55 GMT

