SHUS65 KMWI 212255
FWOREV
Weather Information Management System (WIMS)
USDA National Information Technology Center (KMWI)
21-OCT-22 22:55:10 GMT
 
Listing of Forecasted Observations (Reno, NV)
 
ST NME STAT'N   DATE HR T W DBT DPT  RH Y M DIR WS 10 TMX TMN HMX HMN PD1 PD2
------ ------ ------ -- - - --- --- --- - - --- -- -- --- --- --- ---  --  --
NWS Office:  REV/Zone: 450
DOYLE  040724 221022 13 F 2  50  26  40 1 1   0 14  0  76  42  89  15   0   1
DOYLE  040724 221023 13 F 0  48  19  32 1 1   0  8  0  51  26  91  29   0   0
DOYLE  040724 221024 13 F 1  56  18  23 1 1   0  5  0  56  24  80  23   0   0
DOYLE  040724 221025 13 F 1  60  32  35 1 1   0  7  0  60  35  68  19   0   0
DOYLE  040724 221026 13 F 2  49  25  39 1 1   0  9  0  61  31  89  34   0   0
DOYLE  040724 221027 13 F 1  51  24  35 1 1   0  6  0  51  25 100  35   0   0
DOYLE  040724 221028 13 F 1  57  22  26 1 1   0  5  0  57  26  78  26   0   0
DOG VA 041302 221022 13 F 2  46  25  45 1 1   0 13  0  70  39  88  17   0   1
DOG VA 041302 221023 13 F 0  39  17  41 1 1   0  5  0  46  20  97  41   1   0
DOG VA 041302 221024 13 F 1  52  15  23 1 1   0  5  0  52  21  78  23   0   0
DOG VA 041302 221025 13 F 1  55  32  42 1 1   0  6  0  55  33  74  22   0   0
DOG VA 041302 221026 13 F 2  45  26  47 1 1   0  8  0  55  29  86  41   0   0
DOG VA 041302 221027 13 F 1  45  20  38 1 1   0  5  0  45  21  95  38   0   0
DOG VA 041302 221028 13 F 1  55  22  28 1 1   0  5  0  55  24  72  28   0   0
GALENA 260108 221022 13 F 2  49  29  47 1 1   0 15  0  71  47  75  15   0   0
GALENA 260108 221023 13 F 1  41  21  46 1 1   0  6  0  49  28  76  46   1   0
GALENA 260108 221024 13 F 0  53  18  25 1 1   0  5  0  53  29  60  25   0   0
GALENA 260108 221025 13 F 1  57  34  43 1 1   0  6  0  57  41  59  23   0   0
GALENA 260108 221026 13 F 2  47  28  49 1 1   0  9  0  57  37  70  42   0   0
GALENA 260108 221027 13 F 1  45  23  42 1 1   0  5  0  47  28  73  42   0   0
GALENA 260108 221028 13 F 1  52  21  30 1 1   0  5  0  52  31  54  30   0   0
DESERT 260114 221022 13 F 2  47  28  48 1 1   0 16  0  72  47  75  16   0   1
DESERT 260114 221023 13 F 0  42  17  37 1 1   0  8  0  47  27  76  37   1   0
DESERT 260114 221024 13 F 1  52  15  23 1 1   0  5  0  52  26  68  23   0   0
DESERT 260114 221025 13 F 1  58  31  36 1 1   0  6  0  58  36  62  20   0   0
DESERT 260114 221026 13 F 2  48  26  42 1 1   0 10  0  58  33  76  35   0   0
DESERT 260114 221027 13 F 1  47  21  36 1 1   0  5  0  48  26  82  36   0   0
DESERT 260114 221028 13 F 1  53  19  26 1 1   0  5  0  53  29  65  26   0   0
LITTLE 260116 221022 13 F 2  45  33  63 1 1   0 15  0  66  44 100  26   0   1
LITTLE 260116 221023 13 F 1  38  22  54 1 1   0  6  0  45  27  85  54   1   0
LITTLE 260116 221024 13 F 0  50  20  31 1 1   0  5  0  50  26  63  31   0   0
LITTLE 260116 221025 13 F 1  52  35  53 1 1   0  5  0  54  37  69  27   0   0
LITTLE 260116 221026 13 F 2  44  32  63 1 1   0  8  0  54  34  82  51   0   0
LITTLE 260116 221027 13 F 1  43  26  51 1 1   0  5  0  44  26  84  51   0   0
LITTLE 260116 221028 13 F 1  50  24  37 1 1   0  5  0  50  29  60  37   0   0
FISH S 261204 221022 13 F 2  54  28  37 1 1   0 17  0  75  50  55  13   0   0
FISH S 261204 221023 13 F 1  44  18  35 1 1   0  8  0  54  26  75  35   0   0
FISH S 261204 221024 13 F 1  56  13  18 1 1   0  5  0  56  26  61  18   0   0
FISH S 261204 221025 13 F 2  62  31  32 1 1   0  8  0  62  38  59  16   0   0
FISH S 261204 221026 13 F 2  53  26  36 1 1   0 10  0  62  34  66  31   0   0
FISH S 261204 221027 13 F 1  50  21  32 1 1   0  5  0  53  26  75  32   0   0
FISH S 261204 221028 13 F 1  58  20  23 1 1   0  5  0  58  28  55  23   0   0
Count:    42  Zone Average:  50  24  38          8  0  56  31  75  30   0   0
Zone: 453
BLUEWI 260202 221022 13 F 1  50  17  27 1 1   0 15  0  76  43  71  11   1   1
BLUEWI 260202 221023 13 F 0  46  15  29 1 1   0 10  0  50  28  79  24   0   0
BLUEWI 260202 221024 13 F 1  54  16  22 1 1   0  5  0  54  26  69  22   0   0
BLUEWI 260202 221025 13 F 1  59  29  32 1 1   0  8  0  59  36  61  19   0   0
BLUEWI 260202 221026 13 F 2  50  22  34 1 1   0 10  0  59  33  75  31   0   0
BLUEWI 260202 221027 13 F 1  48  19  32 1 1   0  5  0  50  26  82  32   0   0
BLUEWI 260202 221028 13 F 1  53  17  24 1 1   0  5  0  53  26  69  24   0   0
MAJUBA 260208 221022 13 F 1  47  20  35 1 1   0 18  0  73  41  73  11   1   1
MAJUBA 260208 221023 13 F 1  44  18  36 1 1   0 11  0  47  29  75  30   0   0
MAJUBA 260208 221024 13 F 1  51  17  26 1 1   0  8  0  51  29  60  26   0   0
MAJUBA 260208 221025 13 F 1  55  29  37 1 1   0  9  0  55  38  55  23   0   0
MAJUBA 260208 221026 13 F 2  47  24  41 1 1   0 11  0  55  34  69  37   0   0
MAJUBA 260208 221027 13 F 1  45  20  37 1 1   0  6  0  47  27  73  37   0   0
MAJUBA 260208 221028 13 F 1  50  17  27 1 1   0  6  0  50  28  59  27   0   0
SIARD  260402 221022 13 F 2  52  23  33 1 1   0 14  0  75  43  67  11   1   1
SIARD  260402 221023 13 F 1  47  20  34 1 1   0 11  0  52  27  70  33   0   0
SIARD  260402 221024 13 F 1  52  17  25 1 1   0  7  0  52  25  68  25   0   0
SIARD  260402 221025 13 F 2  58  28  32 1 1   0  8  0  58  33  55  22   0   0
SIARD  260402 221026 13 F 2  51  26  38 1 1   0 10  0  59  32  71  32   0   0
SIARD  260402 221027 13 F 1  49  21  34 1 1   0  6  0  51  25  77  34   0   0
SIARD  260402 221028 13 F 1  55  17  23 1 1   0  5  0  55  25  67  23   0   0
DEAD C 260701 221022 13 F 2  55  29  38 1 1   0 18  0  78  53  50  11   0   1
DEAD C 260701 221023 13 F 1  47  18  32 1 1   0  9  0  55  33  57  32   0   0
DEAD C 260701 221024 13 F 0  53  17  24 1 1   0  5  0  53  31  54  24   0   0
DEAD C 260701 221025 13 F 2  62  31  32 1 1   0  6  0  62  40  43  20   0   0
DEAD C 260701 221026 13 F 2  54  24  32 1 1   0  9  0  62  38  63  30   0   0
DEAD C 260701 221027 13 F 1  50  21  32 1 1   0  5  0  54  30  62  30   0   0
DEAD C 260701 221028 13 F 1  55  17  23 1 1   0  5  0  55  31  55  23   0   0
CHERRY 261301 221022 13 F 2  37  28  72 1 1   0 16  0  63  37  86  16   0   1
CHERRY 261301 221023 13 F 1  32  19  59 1 1   0 11  0  37  21  81  59   0   0
CHERRY 261301 221024 13 F 1  39  16  40 1 1   0  6  0  39  20  83  40   0   0
CHERRY 261301 221025 13 F 2  46  27  49 1 1   0  9  0  48  26  59  37   0   0
CHERRY 261301 221026 13 F 2  37  24  60 1 1   0 11  0  46  29  86  49   0   0
CHERRY 261301 221027 13 F 1  35  20  56 1 1   0  6  0  37  20  93  56   0   0
CHERRY 261301 221028 13 F 1  45  16  32 1 1   0  6  0  45  22  77  32   0   0
Count:    35  Zone Average:  49  21  36          9  0  55  31  69  28   0   0
Zone: 458
CATNIP 260109 221022 13 F 0  40  20  45 1 1 293 15  0  65  35  85  23   0   0
CATNIP 260109 221023 13 F 1  38  18  45 1 1 338  9  0  41  25  89  38   0   0
CATNIP 260109 221024 13 F 1  48  24  40 1 1 248  8  0  49  21  84  36   0   0
CATNIP 260109 221025 13 F 1  47  26  45 1 1 248 12  0  52  30  80  38   0   0
CATNIP 260109 221026 13 F 2  40  24  53 1 1 293 11  0  50  31  86  40   0   0
CATNIP 260109 221027 13 F 1  43  21  42 1 1 270  5  0  44  24  98  41   0   0
CATNIP 260109 221028 13 F 1  50  19  30 1 1 180  6  0  50  27  66  29   0   0
FOX MO 260110 221022 13 F 1  40  15  37 1 1   0 22  0  67  38  70  16   1   1
FOX MO 260110 221023 13 F 0  40  16  38 1 1   0 12  0  40  27  77  37   0   0
FOX MO 260110 221024 13 F 1  48  16  28 1 1   0  8  0  48  28  58  28   0   0
FOX MO 260110 221025 13 F 1  51  26  39 1 1   0 11  0  51  38  56  27   0   0
FOX MO 260110 221026 13 F 2  41  22  48 1 1   0 11  0  51  34  65  38   0   0
FOX MO 260110 221027 13 F 1  41  17  39 1 1   0  6  0  41  26  72  39   0   0
FOX MO 260110 221028 13 F 1  46  17  31 1 1   0  8  0  46  29  56  31   0   0
BARREL 260111 221022 13 F 2  40  19  44 1 1   0 18  0  64  35  79  27   1   1
BARREL 260111 221023 13 F 1  39  18  43 1 1   0 11  0  41  26  77  39   1   0
BARREL 260111 221024 13 F 2  48  23  37 1 1   0  8  0  48  23  71  37   0   0
BARREL 260111 221025 13 F 1  46  29  53 1 1   0 11  0  50  35  70  37   0   0
BARREL 260111 221026 13 F 2  39  24  56 1 1   0 11  0  48  30  76  49   0   0
BARREL 260111 221027 13 F 1  42  22  45 1 1   0  6  0  42  24  79  45   0   0
BARREL 260111 221028 13 F 1  51  22  33 1 1   0  9  0  51  28  60  33   0   0
JUNIPE 260112 221022 13 F 1  46  20  36 1 1   0 18  0  72  40  68  15   1   1
JUNIPE 260112 221023 13 F 0  44  16  33 1 1   0 11  0  46  30  72  32   0   0
JUNIPE 260112 221024 13 F 1  54  19  26 1 1   0  5  0  54  26  62  26   0   0
JUNIPE 260112 221025 13 F 1  56  28  35 1 1   0  8  0  57  37  64  25   0   0
JUNIPE 260112 221026 13 F 2  44  22  43 1 1   0 10  0  56  33  74  33   0   0
JUNIPE 260112 221027 13 F 1  47  20  34 1 1   0  5  0  47  26  78  34   0   0
JUNIPE 260112 221028 13 F 1  52  19  27 1 1   0  6  0  52  27  59  27   0   0
BUFFAL 260113 221022 13 F 1  54  20  27 1 1   0 18  0  79  47  62  13   1   1
BUFFAL 260113 221023 13 F 0  51  18  27 1 1   0  8  0  54  33  67  25   0   0
BUFFAL 260113 221024 13 F 1  57  20  24 1 1   0  5  0  57  32  57  24   0   0
BUFFAL 260113 221025 13 F 1  61  29  30 1 1   0  8  0  61  41  58  21   0   0
BUFFAL 260113 221026 13 F 2  53  26  36 1 1   0 10  0  62  37  62  28   0   0
BUFFAL 260113 221027 13 F 1  52  23  33 1 1   0  5  0  53  30  69  32   0   0
BUFFAL 260113 221028 13 F 1  56  21  26 1 1   0  5  0  56  33  57  26   0   0
Count:    35  Zone Average:  47  21  37         10  0  53  31  70  31   0   0
Zone: 518
BENTON 043708 221022 13 F 1  63  31  30 1 1   0 14  0  76  45  34  11   0   0
BENTON 043708 221023 13 F 1  48  16  28 1 1   0 11  0  63  25  73  28   0   0
BENTON 043708 221024 13 F 0  59   4  11 1 1   0  6  0  59  23  62  11   0   0
BENTON 043708 221025 13 F 1  68  25  20 1 1   0  8  0  68  35  49  10   0   0
BENTON 043708 221026 13 F 1  60  18  20 1 1   0 10  0  68  32  61  19   0   0
BENTON 043708 221027 13 F 0  55  13  19 1 1   0  7  0  60  25  73  19   0   0
BENTON 043708 221028 13 F 1  61   9  13 1 1   0  5  0  61  28  45  13   0   0
CRESTV 043709 221022 13 F 2  45  31  60 1 1   0 14  0  63  35  62  20   0   0
CRESTV 043709 221023 13 F 1  38  14  38 1 1   0  8  0  45  16  90  38   1   0
CRESTV 043709 221024 13 F 0  51   6  16 1 1   0  5  0  51  17  68  15   0   0
CRESTV 043709 221025 13 F 1  56  25  31 1 1   0  6  0  56  30  65  16   0   0
CRESTV 043709 221026 13 F 1  46  19  35 1 1   0  8  0  56  24  75  31   0   0
CRESTV 043709 221027 13 F 0  44  13  28 1 1   0  5  0  46  17  84  28   0   0
CRESTV 043709 221028 13 F 1  53  14  21 1 1   0  5  0  53  23  54  21   0   0
ROCK C 043710 221022 13 F 1  53  31  43 1 1   0 14  0  65  43  50  18   0   0
ROCK C 043710 221023 13 F 0  40  14  35 1 1   0 11  0  53  25  79  35   0   0
ROCK C 043710 221024 13 F 0  52   4  14 1 1   0  7  0  52  25  50  14   0   0
ROCK C 043710 221025 13 F 1  58  25  28 1 1   0  7  0  58  36  54  14   0   0
ROCK C 043710 221026 13 F 1  50  19  29 1 1   0 10  0  58  34  65  27   0   0
ROCK C 043710 221027 13 F 0  45  10  24 1 1   0  6  0  50  24  69  24   0   0
ROCK C 043710 221028 13 F 1  50   9  19 1 1   0  5  0  50  27  49  19   0   0
DEXTER 043711 221022 13 F 2  51  29  43 1 1   0 16  0  66  42  44  16   0   0
DEXTER 043711 221023 13 F 1  38  12  34 1 1   0 11  0  51  23  70  34   1   0
DEXTER 043711 221024 13 F 0  51   3  14 1 1   0  6  0  51  22  58  14   0   0
DEXTER 043711 221025 13 F 1  58  22  25 1 1   0  9  0  58  34  47  13   0   0
DEXTER 043711 221026 13 F 1  50  16  26 1 1   0 10  0  58  31  56  24   0   0
DEXTER 043711 221027 13 F 0  45  10  24 1 1   0  6  0  50  22  63  24   0   0
DEXTER 043711 221028 13 F 1  54  10  17 1 1   0  5  0  54  26  42  17   0   0
LUNDY  043712 221022 13 F 2  50  29  45 1 1   0 16  0  66  42  67  17   0   0
LUNDY  043712 221023 13 F 1  40  13  34 1 1   0  8  0  50  23  83  34   1   0
LUNDY  043712 221024 13 F 0  54   7  15 1 1   0  5  0  54  24  52  15   0   0
LUNDY  043712 221025 13 F 1  58  25  29 1 1   0  8  0  58  38  63  15   0   0
LUNDY  043712 221026 13 F 2  49  19  31 1 1   0 10  0  58  31  67  28   0   0
LUNDY  043712 221027 13 F 0  47  13  26 1 1   0  5  0  49  22  78  26   0   0
LUNDY  043712 221028 13 F 1  56  14  19 1 1   0  5  0  56  30  52  19   0   0
Count:    35  Zone Average:  51  16  27          8  0  57  29  62  21   0   0
Zone: 541
STAMPE 041310 221022 13 F 2  47  26  44 1 1   0 14  0  70  35 100  18   1   1
STAMPE 041310 221023 13 F 0  41  16  37 1 1   0  8  0  47  16 100  37   1   0
STAMPE 041310 221024 13 F 1  54  16  22 1 1   0  5  0  54  16  98  22   0   0
STAMPE 041310 221025 13 F 1  56  31  39 1 1   0  7  0  57  28  94  20   0   0
STAMPE 041310 221026 13 F 2  46  26  46 1 1   0  8  0  56  25 100  38   0   0
STAMPE 041310 221027 13 F 1  47  20  35 1 1   0  5  0  47  18 100  35   0   0
STAMPE 041310 221028 13 F 1  56  21  26 1 1   0  5  0  56  18  94  26   0   0
RICE C 041311 221022 13 F 2  41  27  59 1 1   0 12  0  65  37  99  18   1   1
RICE C 041311 221023 13 F 0  36  15  42 1 1   0  7  0  41  19  99  42   1   0
RICE C 041311 221024 13 F 1  52  15  23 1 1   0  5  0  52  20  74  23   0   0
RICE C 041311 221025 13 F 1  50  31  48 1 1   0  6  0  53  29  74  22   0   0
RICE C 041311 221026 13 F 2  40  26  57 1 1   0  6  0  50  27  96  48   0   0
RICE C 041311 221027 13 F 1  44  20  39 1 1   0  5  0  44  19  93  39   0   0
RICE C 041311 221028 13 F 1  51  22  32 1 1   0  5  0  51  23  65  32   0   0
TAHOE  041810 221022 13 F 2  39  30  70 1 1   0 13  0  63  37 100  22   1   1
TAHOE  041810 221023 13 F 0  36  17  46 1 1   0  8  0  39  21  97  46   0   0
TAHOE  041810 221024 13 F 0  49  15  26 1 1   0  5  0  49  22  74  26   0   0
TAHOE  041810 221025 13 F 1  48  32  54 1 1   0  7  0  51  31  73  25   0   0
TAHOE  041810 221026 13 F 2  38  26  64 1 1   0  7  0  48  29  99  54   0   0
TAHOE  041810 221027 13 F 1  41  21  45 1 1   0  5  0  41  21  96  45   0   0
TAHOE  041810 221028 13 F 1  48  21  35 1 1   0  5  0  48  23  70  35   0   0
Count:    21  Zone Average:  46  23  42          7  0  52  25  90  32   0   0
Zone: 542
HOMEWO 041909 221022 13 F 2  40  34  79 1 1   0 13  0  64  39 100  22   0   1
HOMEWO 041909 221023 13 F 0  37  21  52 1 1   0  6  0  40  26  95  52   0   0
HOMEWO 041909 221024 13 F 0  49  18  29 1 1   0  5  0  49  28  75  29   0   0
HOMEWO 041909 221025 13 F 1  49  34  57 1 1   0  6  0  50  38  79  28   0   0
HOMEWO 041909 221026 13 F 2  39  31  75 1 1   0  6  0  49  34 100  57   0   0
HOMEWO 041909 221027 13 F 1  41  24  51 1 1   0  5  0  41  26  99  51   0   0
HOMEWO 041909 221028 13 F 1  49  25  39 1 1   0  5  0  49  29  73  39   0   0
BARON  042616 221022 13 F 2  46  34  64 1 1   0 14  0  68  36  96  15   0   1
BARON  042616 221023 13 F 1  42  19  40 1 1   0  6  0  46  19 100  40   0   0
BARON  042616 221024 13 F 0  58  18  21 1 1   0  5  0  58  21  80  21   0   0
BARON  042616 221025 13 F 1  59  36  43 1 1   0  6  0  59  33  77  20   0   0
BARON  042616 221026 13 F 2  45  28  52 1 1   0  7  0  59  27 100  42   0   0
BARON  042616 221027 13 F 1  49  23  37 1 1   0  5  0  49  21 100  37   0   0
BARON  042616 221028 13 F 1  56  23  28 1 1   0  5  0  56  25  70  28   0   0
KNOX # 260117 221022 13 F 2  41  30  65 1 1   0 16  0  63  40 100  26   0   1
KNOX # 260117 221023 13 F 1  37  19  48 1 1   0  5  0  41  24  82  48   1   0
KNOX # 260117 221024 13 F 0  48  17  29 1 1   0  5  0  48  26  61  29   0   0
KNOX # 260117 221025 13 F 1  51  33  51 1 1   0  5  0  51  37  62  28   0   0
KNOX # 260117 221026 13 F 2  40  27  60 1 1   0  7  0  51  34  75  51   0   0
KNOX # 260117 221027 13 F 1  42  23  47 1 1   0  5  0  42  24  74  47   0   0
KNOX # 260117 221028 13 F 1  50  22  34 1 1   0  5  0  50  28  54  34   0   0
SKYLAN 261205 221022 13 F 2  42  29  60 1 1   0 19  0  65  41  93  18   0   1
SKYLAN 261205 221023 13 F 1  36  17  47 1 1   0  8  0  42  25  85  47   0   0
SKYLAN 261205 221024 13 F 0  48  14  26 1 1   0  5  0  48  26  58  26   0   0
SKYLAN 261205 221025 13 F 1  52  31  45 1 1   0  6  0  52  36  60  24   0   0
SKYLAN 261205 221026 13 F 2  42  26  54 1 1   0  8  0  52  32  75  44   0   0
SKYLAN 261205 221027 13 F 1  41  20  43 1 1   0  5  0  42  25  76  43   0   0
SKYLAN 261205 221028 13 F 1  51  22  32 1 1   0  5  0  51  28  54  32   0   0
Count:    28  Zone Average:  46  25  47          7  0  51  30  81  35   0   0
Zone: 572
JUNIPE 040308 221022 13 F 2  44  25  48 1 1   0 17  0  70  34  91  22   1   0
JUNIPE 040308 221023 13 F 0  44  20  39 1 1   0  8  0  45  25  92  39   0   0
JUNIPE 040308 221024 13 F 1  55  24  30 1 1   0  5  0  55  23  78  30   0   0
JUNIPE 040308 221025 13 F 1  52  31  46 1 1   0  8  0  58  35  80  28   0   0
JUNIPE 040308 221026 13 F 2  44  28  55 1 1   0 10  0  55  29  91  41   0   0
JUNIPE 040308 221027 13 F 1  49  26  41 1 1   0  5  0  49  23  94  41   0   0
JUNIPE 040308 221028 13 F 1  55  24  31 1 1   0  6  0  55  28  67  31   0   0
LAUFMA 040709 221022 13 F 2  44  24  46 1 1   0 14  0  72  43  80  15   0   1
LAUFMA 040709 221023 13 F 0  42  17  37 1 1   0  8  0  45  28  79  32   0   0
LAUFMA 040709 221024 13 F 1  51  18  27 1 1   0  5  0  51  27  66  27   0   0
LAUFMA 040709 221025 13 F 1  54  30  41 1 1   0  7  0  54  38  60  24   0   0
LAUFMA 040709 221026 13 F 2  44  25  47 1 1   0  9  0  54  35  73  38   0   0
LAUFMA 040709 221027 13 F 1  44  22  42 1 1   0  6  0  44  27  75  42   0   0
LAUFMA 040709 221028 13 F 1  50  20  31 1 1   0  5  0  50  30  58  31   0   0
RAVEND 040714 221022 13 F 1  45  20  38 1 1   0 19  0  72  37  89  14   1   1
RAVEND 040714 221023 13 F 0  44  16  33 1 1   0  9  0  45  24  88  33   0   0
RAVEND 040714 221024 13 F 1  54  19  26 1 1   0  5  0  54  22  77  26   0   0
RAVEND 040714 221025 13 F 1  55  29  38 1 1   0  8  0  57  32  79  25   0   0
RAVEND 040714 221026 13 F 2  45  26  47 1 1   0 10  0  56  28  85  36   0   0
RAVEND 040714 221027 13 F 1  47  22  37 1 1   0  5  0  47  22  95  37   0   0
RAVEND 040714 221028 13 F 1  52  19  28 1 1   0  6  0  52  24  74  28   0   0
BLUE D 040725 221022 13 F 1  40  20  45 1 1   0 20  0  68  33  91  17   1   1
BLUE D 040725 221023 13 F 0  39  16  39 1 1   0 11  0  41  25  90  39   0   0
BLUE D 040725 221024 13 F 1  51  19  29 1 1   0  7  0  51  22  75  29   0   0
BLUE D 040725 221025 13 F 1  51  28  42 1 1   0  9  0  53  35  74  28   0   0
BLUE D 040725 221026 13 F 2  39  23  54 1 1   0 11  0  51  29  84  40   0   0
BLUE D 040725 221027 13 F 1  44  20  39 1 1   0  6  0  44  23  85  39   0   0
BLUE D 040725 221028 13 F 1  50  19  30 1 1   0  8  0  50  28  60  30   0   0
HORSE  040727 221022 13 F 1  47  20  35 1 1   0 17  0  73  35  89  15   1   1
HORSE  040727 221023 13 F 0  45  16  31 1 1   0  8  0  47  23  82  30   0   0
HORSE  040727 221024 13 F 1  55  19  25 1 1   0  5  0  55  21  77  25   0   0
HORSE  040727 221025 13 F 1  56  29  36 1 1   0  7  0  58  32  76  23   0   0
HORSE  040727 221026 13 F 2  46  24  43 1 1   0  9  0  56  27  85  33   0   0
HORSE  040727 221027 13 F 1  48  21  34 1 1   0  5  0  48  21  92  34   0   0
HORSE  040727 221028 13 F 1  53  20  28 1 1   0  5  0  53  23  76  28   0   0
BULL F 040728 221022 13 F 1  50  20  31 1 1   0 17  0  75  39  79  13   1   1
BULL F 040728 221023 13 F 0  49  16  27 1 1   0  8  0  50  25  87  27   0   0
BULL F 040728 221024 13 F 1  56  18  23 1 1   0  5  0  56  23  75  23   0   0
BULL F 040728 221025 13 F 1  59  28  31 1 1   0  8  0  59  33  73  21   0   0
BULL F 040728 221026 13 F 2  50  25  38 1 1   0 10  0  60  29  81  30   0   0
BULL F 040728 221027 13 F 1  50  21  32 1 1   0  5  0  50  23  90  32   0   0
BULL F 040728 221028 13 F 1  55  20  26 1 1   0  5  0  55  25  75  26   0   0
HIDDEN 040732 221022 13 F 1  52  23  33 1 1   0 14  0  76  45  71  14   1   1
HIDDEN 040732 221023 13 F 0  49  17  28 1 1   0  8  0  52  31  68  27   0   0
HIDDEN 040732 221024 13 F 1  59  21  23 1 1   0  5  0  59  28  59  23   0   0
HIDDEN 040732 221025 13 F 1  60  30  33 1 1   0  6  0  63  39  57  21   0   0
HIDDEN 040732 221026 13 F 2  50  26  40 1 1   0  7  0  61  35  70  31   0   0
HIDDEN 040732 221027 13 F 1  51  22  33 1 1   0  5  0  51  28  71  33   0   0
HIDDEN 040732 221028 13 F 1  56  22  27 1 1   0  5  0  56  30  58  27   0   0
Count:    49  Zone Average:  50  22  36          8  0  55  29  78  29   0   0
Zone: 576
MARKLE 042802 221022 13 F 2  50  34  54 1 1   0 17  0  72  39  86  14   0   1
MARKLE 042802 221023 13 F 1  42  18  39 1 1   0 10  0  50  19 100  39   0   0
MARKLE 042802 221024 13 F 0  57  13  18 1 1   0  7  0  57  20  73  18   0   0
MARKLE 042802 221025 13 F 1  59  32  36 1 1   0  9  0  60  32  77  17   0   0
MARKLE 042802 221026 13 F 2  51  27  40 1 1   0 10  0  59  28  95  36   0   0
MARKLE 042802 221027 13 F 1  50  22  34 1 1   0  6  0  51  21 100  34   0   0
MARKLE 042802 221028 13 F 1  57  21  25 1 1   0  6  0  57  24  66  25   0   0
BRIDGE 043702 221022 13 F 2  50  29  45 1 1   0 16  0  68  37  73  14   0   0
BRIDGE 043702 221023 13 F 1  40  16  38 1 1   0  8  0  50  17 100  38   0   0
BRIDGE 043702 221024 13 F 0  55   9  16 1 1   0  5  0  55  17  69  16   0   0
BRIDGE 043702 221025 13 F 1  59  27  30 1 1   0  8  0  59  29  79  15   0   0
BRIDGE 043702 221026 13 F 2  49  20  32 1 1   0  9  0  59  26  75  28   0   0
BRIDGE 043702 221027 13 F 0  47  15  28 1 1   0  5  0  49  17 100  28   0   0
BRIDGE 043702 221028 13 F 1  57  16  20 1 1   0  5  0  57  23  63  20   0   0
WALKER 043707 221022 13 F 2  55  34  45 1 1   0 18  0  78  51  59  11   0   0
WALKER 043707 221023 13 F 1  44  20  38 1 1   0  9  0  55  29  71  38   0   0
WALKER 043707 221024 13 F 0  59  12  16 1 1   0  6  0  59  28  45  16   0   0
WALKER 043707 221025 13 F 2  64  31  30 1 1   0  9  0  64  41  54  15   0   0
WALKER 043707 221026 13 F 2  55  24  31 1 1   0 10  0  64  37  57  29   0   0
WALKER 043707 221027 13 F 0  51  20  30 1 1   0  6  0  55  28  69  30   0   0
WALKER 043707 221028 13 F 1  62  20  20 1 1   0  6  0  62  32  42  20   0   0
Count:    21  Zone Average:  53  22  32          9  0  59  28  74  24   0   0
Zone: 598
BOGARD 040703 221022 13 F 1  42  19  40 1 1   0 11  0  69  24 100  16   0   0
BOGARD 040703 221023 13 F 0  40  13  33 1 1   0  8  0  42   7 100  33   0   0
BOGARD 040703 221024 13 F 1  55  20  26 1 1   0  5  0  55  13  99  24   0   0
BOGARD 040703 221025 13 F 1  51  28  41 1 1   0  6  0  57  18 100  26   0   0
BOGARD 040703 221026 13 F 2  39  23  53 1 1   0  6  0  52  12 100  39   0   0
BOGARD 040703 221027 13 F 1  46  19  34 1 1   0  5  0  46  12 100  34   0   0
BOGARD 040703 221028 13 F 1  53  20  28 1 1   0  5  0  53  14  90  28   0   0
WESTWO 040719 221022 13 F 1  44  23  44 1 1   0 12  0  67  39  94  21   0   0
WESTWO 040719 221023 13 F 0  42  16  35 1 1   0  9  0  44  26  83  35   0   0
WESTWO 040719 221024 13 F 1  53  20  28 1 1   0  5  0  53  26  68  28   0   0
WESTWO 040719 221025 13 F 1  51  31  47 1 1   0  6  0  56  35  69  27   0   0
WESTWO 040719 221026 13 F 2  43  27  53 1 1   0  7  0  51  30  91  47   0   0
WESTWO 040719 221027 13 F 1  47  22  38 1 1   0  5  0  47  25  87  38   0   0
WESTWO 040719 221028 13 F 1  51  22  33 1 1   0  5  0  51  25  70  33   0   0
GRASSH 040721 221022 13 F 2  43  21  42 1 1   0 15  0  71  32 100  14   1   1
GRASSH 040721 221023 13 F 0  42  16  35 1 1   0  8  0  44  22  98  35   0   0
GRASSH 040721 221024 13 F 1  54  21  28 1 1   0  5  0  54  21  81  27   0   0
GRASSH 040721 221025 13 F 1  53  29  41 1 1   0  6  0  57  32  83  27   0   0
GRASSH 040721 221026 13 F 2  43  27  53 1 1   0  7  0  54  27  93  38   0   0
GRASSH 040721 221027 13 F 1  46  21  37 1 1   0  5  0  46  21  96  37   0   0
GRASSH 040721 221028 13 F 1  54  22  29 1 1   0  5  0  54  24  75  29   0   0
LADDER 040723 221022 13 F 1  41  22  48 1 1   0 11  0  68  35 100  19   1   0
LADDER 040723 221023 13 F 0  40  17  40 1 1   0  8  0  42  26  92  40   0   0
LADDER 040723 221024 13 F 1  53  21  29 1 1   0  5  0  53  27  66  27   0   0
LADDER 040723 221025 13 F 1  49  33  54 1 1   0  6  0  54  37  74  29   0   0
LADDER 040723 221026 13 F 2  39  27  63 1 1   0  6  0  49  31  85  52   0   0
LADDER 040723 221027 13 F 1  46  24  42 1 1   0  5  0  46  25  86  42   0   0
LADDER 040723 221028 13 F 1  52  25  35 1 1   0  5  0  52  28  63  35   0   0
GORDON 040730 221022 13 F 1  41  21  45 1 1   0 13  0  69  32 100  16   1   1
GORDON 040730 221023 13 F 0  41  16  37 1 1   0  8  0  42  21  98  37   0   0
GORDON 040730 221024 13 F 1  53  21  29 1 1   0  5  0  53  20  79  28   0   0
GORDON 040730 221025 13 F 1  51  29  44 1 1   0  6  0  56  31  82  29   0   0
GORDON 040730 221026 13 F 2  39  24  56 1 1   0  7  0  51  26 100  42   0   0
GORDON 040730 221027 13 F 1  45  21  39 1 1   0  5  0  45  21  97  39   0   0
GORDON 040730 221028 13 F 1  50  19  30 1 1   0  5  0  50  23  75  30   0   0
BLACKS 040731 221022 13 F 1  42  21  44 1 1   0 11  0  69  29 100  18   1   0
BLACKS 040731 221023 13 F 0  42  17  36 1 1   0  8  0  42  18 100  36   0   0
BLACKS 040731 221024 13 F 1  57  22  26 1 1   0  5  0  57  20  80  24   0   0
BLACKS 040731 221025 13 F 1  51  31  47 1 1   0  6  0  58  30  91  26   0   0
BLACKS 040731 221026 13 F 2  41  27  58 1 1   0  7  0  52  24 100  46   0   0
BLACKS 040731 221027 13 F 1  48  23  37 1 1   0  5  0  48  20 100  37   0   0
BLACKS 040731 221028 13 F 1  54  23  30 1 1   0  5  0  54  22  76  30   0   0
PIERCE 040915 221022 13 F 1  41  18  40 1 1   0 15  0  64  41  75  19   1   1
PIERCE 040915 221023 13 F 0  39  13  34 1 1   0 11  0  42  30  63  32   0   0
PIERCE 040915 221024 13 F 1  50  15  25 1 1   0  5  0  50  31  50  24   0   0
PIERCE 040915 221025 13 F 1  49  26  42 1 1   0  9  0  52  41  49  24   0   0
PIERCE 040915 221026 13 F 2  39  21  48 1 1   0  9  0  49  36  65  42   0   0
PIERCE 040915 221027 13 F 1  41  17  38 1 1   0  7  0  41  28  63  38   0   0
PIERCE 040915 221028 13 F 1  47  17  30 1 1   0  6  0  47  31  48  30   0   0
COYOTE 040917 221022 13 F 2  45  22  40 1 1   0 11  0  69  39  91  17   0   0
COYOTE 040917 221023 13 F 0  42  14  32 1 1   0  8  0  45  22  81  32   0   0
COYOTE 040917 221024 13 F 1  55  14  20 1 1   0  5  0  55  23  64  20   0   0
COYOTE 040917 221025 13 F 1  53  26  36 1 1   0  7  0  56  33  60  20   0   0
COYOTE 040917 221026 13 F 2  44  22  42 1 1   0  7  0  53  30  83  36   0   0
COYOTE 040917 221027 13 F 1  47  18  32 1 1   0  6  0  47  23  81  32   0   0
COYOTE 040917 221028 13 F 1  53  17  24 1 1   0  5  0  53  25  61  24   0   0
DENTEN 040921 221022 13 F 1  47  26  45 1 1   0 10  0  69  38  99  21   0   0
DENTEN 040921 221023 13 F 0  45  19  35 1 1   0  7  0  48  21 100  35   0   0
DENTEN 040921 221024 13 F 1  56  18  23 1 1   0  5  0  56  21  82  23   0   0
DENTEN 040921 221025 13 F 1  55  32  43 1 1   0  6  0  60  29  79  21   0   0
DENTEN 040921 221026 13 F 2  46  28  50 1 1   0  5  0  56  30  99  42   0   0
DENTEN 040921 221027 13 F 1  49  23  36 1 1   0  5  0  49  23  99  36   0   0
DENTEN 040921 221028 13 F 1  57  25  30 1 1   0  5  0  57  22  79  30   0   0
Count:    63  Zone Average:  47  22  38          7  0  53  26  84  31   0   0
Zone: 450
ROCK C 353424 221022 13 F 8  41  20  43 1 1 293 17  0  64  35  84  29  11   6
Count:     1  Zone Average:  41  20  43         17  0  64  35  84  29  11   6
Zone: 458
ROCK C 353424 221022 13 F 8  41  20  43 1 1 293 17  0  64  35  84  29  11   6
ROCK C 353424 221023 13 F 1  41  22  48 1 1 315  8  0  41  27  89  41   5   0
Count:     2  Zone Average:  41  21  46         13  0  53  31  87  35   8   3
Zone: 450
ROCK C 353424 221023 13 F 1  41  22  48 1 1 315  8  0  41  27  89  41   5   0
ROCK C 353424 221024 13 F 1  49  31  51 1 1 248  8  0  49  26  75  39   0   0
Count:     2  Zone Average:  45  27  50          8  0  45  27  82  40   3   0
Zone: 458
ROCK C 353424 221024 13 F 1  49  31  51 1 1 248  8  0  49  26  75  39   0   0
Count:     1  Zone Average:  49  31  51          8  0  49  26  75  39   0   0
Zone: 450
ROCK C 353424 221025 13 F 1  48  30  51 1 1 248  9  0  51  34  79  50   0   0
Count:     1  Zone Average:  48  30  51          9  0  51  34  79  50   0   0
Zone: 458
ROCK C 353424 221025 13 F 1  48  30  51 1 1 248  9  0  51  34  79  50   0   0
ROCK C 353424 221026 13 F 2  41  26  56 1 1 293 12  0  48  35  78  45   3   0
Count:     2  Zone Average:  45  28  54         11  0  50  35  79  48   2   0
Zone: 450
ROCK C 353424 221026 13 F 2  41  26  56 1 1 293 12  0  48  35  78  45   3   0
Count:     1  Zone Average:  41  26  56         12  0  48  35  78  45   3   0
Zone: 458
ROCK C 353424 221027 13 F 1  45  26  47 1 1 248  6  0  45  29  82  47   0   0
Count:     1  Zone Average:  45  26  47          6  0  45  29  82  47   0   0
Zone: 450
ROCK C 353424 221027 13 F 1  45  26  47 1 1 248  6  0  45  29  82  47   0   0
Count:     1  Zone Average:  45  26  47          6  0  45  29  82  47   0   0
Zone: 458
ROCK C 353424 221028 13 F 1  51  22  32 1 1 180  7  0  51  31  63  32   0   0
Count:     1  Zone Average:  51  22  32          7  0  51  31  63  32   0   0
Zone: 450
ROCK C 353424 221028 13 F 1  51  22  32 1 1 180  7  0  51  31  63  32   0   0
Count:     1  Zone Average:  51  22  32          7  0  51  31  63  32   0   0
 
 
 
End of WIMS Bulletin @ 21-OCT-22 22:55:11 GMT

