SHUS66 KMWI 212245
FWOEKA
Weather Information Management System (WIMS)
USDA National Information Technology Center (KMWI)
21-OCT-22 22:45:53 GMT
 
Listing of Forecasted Observations (Eureka, CA)
 
ST NME STAT'N   DATE HR T W DBT DPT  RH Y M DIR WS 10 TMX TMN HMX HMN PD1 PD2
------ ------ ------ -- - - --- --- --- - - --- -- -- --- --- --- ---  --  --
NWS Office:  EKA/Zone: 555
BIGHIL 040402 221022 13 F 2  49  36  63 1 1 315 12  0  66  43  89  45   6   0
BIGHIL 040402 221023 13 F 0  52  29  41 1 1 360  7  0  52  39  79  41   0   0
BIGHIL 040402 221024 13 F 2  57  34  43 1 1 293  2  0  57  42  50  38   0   0
BIGHIL 040402 221025 13 F 2  51  43  74 1 1 248  5  0  59  43  96  43   0   0
BIGHIL 040402 221026 13 F 2  49  40  71 1 1 315  7  0  54  40  89  63   0   0
BIGHIL 040402 221027 13 F 1  56  36  47 1 1 360  1  0  56  40  71  47   0   0
BIGHIL 040402 221028 13 F 2  58  36  44 1 1 180  2  0  59  44  51  42   0   0
BRUSH  040404 221022 13 F 1  48  33  58 1 1 315 14  0  65  46  77  41   5   0
BRUSH  040404 221023 13 F 0  53  28  39 1 1 338  9  0  53  41  76  39   0   0
BRUSH  040404 221024 13 F 2  58  33  40 1 1 315  4  0  58  44  53  31   0   0
BRUSH  040404 221025 13 F 2  50  40  71 1 1 270  6  0  58  46  77  40   0   0
BRUSH  040404 221026 13 F 2  49  36  63 1 1 315 10  0  50  43  71  60   0   0
BRUSH  040404 221027 13 F 1  58  33  40 1 1  45  1  0  58  43  63  40   0   0
BRUSH  040404 221028 13 F 2  57  32  39 1 1 158  4  0  58  47  46  36   0   0
HOOPA  040408 221022 13 F 2  58  40  53 1 1 315 10  0  76  43 100  34   6   0
HOOPA  040408 221023 13 F 0  61  34  37 1 1 338  7  0  62  34 100  32   0   0
HOOPA  040408 221024 13 F 2  65  38  37 1 1 315  1  0  66  34  89  30   0   0
HOOPA  040408 221025 13 F 2  61  48  64 1 1 248  5  0  70  44 100  32   0   0
HOOPA  040408 221026 13 F 2  59  44  58 1 1 315  5  0  65  42 100  51   0   0
HOOPA  040408 221027 13 F 1  64  39  41 1 1  45  1  0  66  36 100  37   0   0
HOOPA  040408 221028 13 F 2  65  39  39 1 1 180  2  0  71  39  92  34   0   0
SLATE  040430 221022 13 F 2  47  33  58 1 1 315 11  0  64  42  79  41   7   0
SLATE  040430 221023 13 F 0  52  25  36 1 1 360 11  0  52  39  73  36   0   0
SLATE  040430 221024 13 F 2  55  31  40 1 1 203  3  0  55  43  45  34   0   0
SLATE  040430 221025 13 F 2  51  40  66 1 1 225  5  0  55  45  76  40   0   0
SLATE  040430 221026 13 F 2  48  35  61 1 1 315  7  0  51  41  73  56   0   0
SLATE  040430 221027 13 F 1  54  30  41 1 1  23  2  0  54  42  61  41   0   0
SLATE  040430 221028 13 F 2  55  31  40 1 1 180  2  0  55  46  46  39   0   0
MAD RI 040507 221022 13 F 1  54  34  47 1 1 315 11  0  74  38 100  35   0   0
MAD RI 040507 221023 13 F 0  57  28  33 1 1 338  8  0  57  31 100  33   0   0
MAD RI 040507 221024 13 F 1  65  32  30 1 1 315  5  0  65  29  81  29   0   0
MAD RI 040507 221025 13 F 2  58  44  60 1 1 270  5  0  66  40 100  30   0   0
MAD RI 040507 221026 13 F 2  55  38  53 1 1 315  7  0  58  37 100  53   0   0
MAD RI 040507 221027 13 F 1  61  31  33 1 1  23  3  0  61  30 100  33   0   0
MAD RI 040507 221028 13 F 2  62  31  32 1 1 180  3  0  63  32  89  31   0   0
RUTH S 040508 221022 13 F 1  55  27  35 1 1 315 12  0  76  37 100  28   0   0
RUTH S 040508 221023 13 F 0  58  23  26 1 1 338  8  0  58  29 100  26   0   0
RUTH S 040508 221024 13 F 1  67  30  25 1 1 315  3  0  67  31  62  22   0   0
RUTH S 040508 221025 13 F 2  59  38  47 1 1 270  5  0  68  38 100  25   0   0
RUTH S 040508 221026 13 F 1  55  34  45 1 1 315  7  0  60  35 100  44   0   0
RUTH S 040508 221027 13 F 1  62  26  26 1 1  23  3  0  62  28 100  26   0   0
RUTH S 040508 221028 13 F 2  62  27  27 1 1 180  3  0  65  32  72  24   0   0
UNDERW 040519 221022 13 F 1  54  34  47 1 1 315 11  0  72  39 100  33   0   0
UNDERW 040519 221023 13 F 0  57  28  33 1 1 338 10  0  57  33 100  33   0   0
UNDERW 040519 221024 13 F 2  63  32  32 1 1 315  3  0  63  34  66  27   0   0
UNDERW 040519 221025 13 F 2  58  40  53 1 1 270  4  0  66  41 100  32   0   0
UNDERW 040519 221026 13 F 2  55  37  51 1 1 315  6  0  59  38 100  49   0   0
UNDERW 040519 221027 13 F 1  61  30  32 1 1  45  2  0  61  32  96  32   0   0
UNDERW 040519 221028 13 F 2  63  31  30 1 1 158  3  0  65  35  72  28   0   0
Count:    49  Zone Average:  57  34  45          6  0  61  39  83  37   1   0
Zone: 556
CAMP S 040101 221022 13 F 2  41  37  86 1 1 293 10  0  59  41  86  53   7   0
CAMP S 040101 221023 13 F 0  47  31  54 1 1  23 11  0  47  40  89  54   0   0
CAMP S 040101 221024 13 F 2  48  36  63 1 1 203  5  0  53  43  63  40   0   0
CAMP S 040101 221025 13 F 2  46  41  83 1 1 225  6  0  51  45  83  63   0   0
CAMP S 040101 221026 13 F 2  44  37  79 1 1 293  6  0  46  42  83  65  12   0
CAMP S 040101 221027 13 F 1  51  35  56 1 1 360  2  0  51  42  79  54   0   0
CAMP S 040101 221028 13 F 2  51  35  56 1 1 180  4  0  52  47  56  46   0   0
GASQUE 040102 221022 13 F 2  54  47  79 1 1 293  7  0  72  42 100  55   5   0
GASQUE 040102 221023 13 F 0  59  42  54 1 1  23  6  0  62  35 100  52   0   0
GASQUE 040102 221024 13 F 2  61  48  63 1 1 180  3  0  63  40  82  48   0   0
GASQUE 040102 221025 13 F 2  57  51  82 1 1 225  4  0  63  45 100  62   0   0
GASQUE 040102 221026 13 F 2  55  49  82 1 1 270  4  0  59  43 100  80  12   0
GASQUE 040102 221027 13 F 1  63  48  60 1 1  23  1  0  65  37 100  58   0   0
GASQUE 040102 221028 13 F 2  61  47  60 1 1 180  3  0  65  41  89  58   0   0
SHIP M 040105 221022 13 F 2  39  36  89 1 1 315 11  0  60  36  92  55   7   0
SHIP M 040105 221023 13 F 0  44  29  56 1 1  23 10  0  47  35  96  49   0   0
SHIP M 040105 221024 13 F 2  47  35  63 1 1 203  5  0  53  41  65  31   0   0
SHIP M 040105 221025 13 F 2  44  40  86 1 1 225  6  0  51  41  86  54   0   0
SHIP M 040105 221026 13 F 2  42  36  82 1 1 293  7  0  47  39  86  53  12   0
SHIP M 040105 221027 13 F 1  50  35  58 1 1  23  1  0  53  39  85  44   0   0
SHIP M 040105 221028 13 F 2  50  34  55 1 1 180  5  0  54  45  58  37   0   0
EEL RI 040421 221022 13 F 0  63  41  45 1 1 338 11  0  79  45 100  35   0   0
EEL RI 040421 221023 13 F 0  64  37  38 1 1 338 11  0  66  35 100  35   0   0
EEL RI 040421 221024 13 F 1  71  41  34 1 1 338  2  0  72  35  85  32   0   0
EEL RI 040421 221025 13 F 2  66  50  57 1 1 338  5  0  76  47 100  29   0   0
EEL RI 040421 221026 13 F 2  64  46  52 1 1 338  7  0  68  44 100  47   0   0
EEL RI 040421 221027 13 F 1  69  43  39 1 1 360  4  0  70  35 100  38   0   0
EEL RI 040421 221028 13 F 2  69  41  37 1 1 180  2  0  74  36  89  30   0   0
ALDER  040423 221022 13 F 0  58  37  47 1 1 315 12  0  74  45 100  40   0   0
ALDER  040423 221023 13 F 0  59  32  37 1 1 315 11  0  59  36 100  37   0   0
ALDER  040423 221024 13 F 1  66  38  36 1 1 315  3  0  66  38  76  35   0   0
ALDER  040423 221025 13 F 2  59  49  72 1 1 293  4  0  68  46 100  35   0   0
ALDER  040423 221026 13 F 2  56  43  62 1 1 315  7  0  60  45 100  62   0   0
ALDER  040423 221027 13 F 1  63  38  40 1 1 360  3  0  63  38 100  40   0   0
ALDER  040423 221028 13 F 2  63  38  41 1 1 180  2  0  66  41  82  35   0   0
NOTCHK 040427 221022 13 F 2  63  46  54 1 1 315 11  0  76  45 100  40   7   0
NOTCHK 040427 221023 13 F 0  65  40  40 1 1 315  9  0  65  36 100  40   0   0
NOTCHK 040427 221024 13 F 2  70  45  41 1 1 225  0  0  70  38  79  36   0   0
NOTCHK 040427 221025 13 F 2  65  50  60 1 1 248  6  0  71  46 100  41   0   0
NOTCHK 040427 221026 13 F 2  63  48  58 1 1 293  5  0  67  43 100  54   0   0
NOTCHK 040427 221027 13 F 1  68  44  42 1 1  23  1  0  68  37 100  42   0   0
NOTCHK 040427 221028 13 F 2  70  45  42 1 1 180  2  0  71  40  85  39   0   0
Count:    42  Zone Average:  57  41  58          6  0  63  41  90  46   2   0
Zone: 557
BOONVI 041001 221022 13 F 1  64  41  43 1 1 315 15  0  77  48 100  36   0   0
BOONVI 041001 221023 13 F 0  66  36  34 1 1 315 12  0  67  37  96  34   0   0
BOONVI 041001 221024 13 F 1  73  35  25 1 1 315  3  0  74  37  79  24   0   0
BOONVI 041001 221025 13 F 1  66  48  54 1 1 315  6  0  74  48 100  24   0   0
BOONVI 041001 221026 13 F 1  63  42  47 1 1 315 10  0  68  44 100  46   0   0
BOONVI 041001 221027 13 F 1  70  39  33 1 1 315  3  0  71  36  93  33   0   0
BOONVI 041001 221028 13 F 1  69  38  33 1 1 180  2  0  72  40  79  31   0   0
EEL RI 041005 221022 13 F 0  68  29  24 1 1 293 11  0  88  41 100  19   0   0
EEL RI 041005 221023 13 F 0  69  22  17 1 1 360  8  0  69  29  96  17   0   0
EEL RI 041005 221024 13 F 1  80  29  16 1 1 293  5  0  80  36  48  14   0   0
EEL RI 041005 221025 13 F 1  71  41  34 1 1 270  5  0  82  43  93  15   0   0
EEL RI 041005 221026 13 F 1  67  35  31 1 1 315  8  0  72  38  92  30   0   0
EEL RI 041005 221027 13 F 1  74  29  19 1 1 338  4  0  74  32  78  19   0   0
EEL RI 041005 221028 13 F 2  74  27  18 1 1 180  4  0  77  35  54  16   0   0
RODEO  041015 221022 13 F 0  60  30  33 1 1 338 13  0  80  46 100  25   0   0
RODEO  041015 221023 13 F 0  64  25  23 1 1 338 11  0  64  37  89  23   0   0
RODEO  041015 221024 13 F 1  71  27  20 1 1 293  4  0  71  42  47  20   0   0
RODEO  041015 221025 13 F 2  64  39  41 1 1 270  5  0  72  48  83  20   0   0
RODEO  041015 221026 13 F 1  59  32  37 1 1 315  8  0  64  44  82  37   0   0
RODEO  041015 221027 13 F 1  67  29  24 1 1 338  3  0  67  38  70  24   0   0
RODEO  041015 221028 13 F 2  67  28  23 1 1 203  3  0  68  44  51  22   0   0
MCGUIR 041017 221022 13 F 0  62  45  54 1 1 315 12  0  71  49  96  54   0   0
MCGUIR 041017 221023 13 F 0  62  41  46 1 1 315 12  0  62  39  89  46   0   0
MCGUIR 041017 221024 13 F 1  67  41  39 1 1 315  3  0  67  38  74  39   0   0
MCGUIR 041017 221025 13 F 2  62  52  72 1 1 293  6  0  67  48 100  39   0   0
MCGUIR 041017 221026 13 F 1  59  46  64 1 1 315  8  0  62  46 100  64   0   0
MCGUIR 041017 221027 13 F 1  64  43  48 1 1 315  3  0  64  38  89  48   0   0
MCGUIR 041017 221028 13 F 1  64  43  48 1 1 203  1  0  64  40  80  48   0   0
MENDOC 041018 221022 13 F 0  47  26  44 1 1 293 15  0  67  42  80  31   0   0
MENDOC 041018 221023 13 F 0  47  18  32 1 1 360 11  0  47  33  69  32   0   0
MENDOC 041018 221024 13 F 1  57  25  30 1 1 248  8  0  57  41  37  25   0   0
MENDOC 041018 221025 13 F 1  49  36  63 1 1 270  7  0  57  45  63  30   0   0
MENDOC 041018 221026 13 F 1  43  30  60 1 1 315 12  0  49  39  65  57   0   0
MENDOC 041018 221027 13 F 1  51  24  35 1 1 338  7  0  51  38  60  35   0   0
MENDOC 041018 221028 13 F 2  52  25  36 1 1 158  5  0  53  39  37  33   0   0
LAYTON 041019 221022 13 F 0  59  34  40 1 1 338 13  0  76  44 100  32   0   0
LAYTON 041019 221023 13 F 0  63  30  29 1 1 338 10  0  63  35 100  28   0   0
LAYTON 041019 221024 13 F 1  70  32  25 1 1 293  3  0  70  33  67  24   0   0
LAYTON 041019 221025 13 F 2  62  44  52 1 1 293  4  0  71  43 100  24   0   0
LAYTON 041019 221026 13 F 1  59  37  45 1 1 315  7  0  63  40 100  44   0   0
LAYTON 041019 221027 13 F 1  67  34  30 1 1 338  2  0  67  34  92  29   0   0
LAYTON 041019 221028 13 F 2  65  32  30 1 1 180  2  0  68  36  73  28   0   0
SODA C 041406 221022 13 F 0  63  31  30 1 1 338  8  0  83  39 100  20   0   0
SODA C 041406 221023 13 F 0  66  24  21 1 1 360 10  0  66  31 100  21   0   0
SODA C 041406 221024 13 F 1  73  28  19 1 1 270  3  0  73  33  61  19   0   0
SODA C 041406 221025 13 F 1  66  42  43 1 1 270  4  0  74  42 100  19   0   0
SODA C 041406 221026 13 F 1  61  35  38 1 1 315  7  0  66  36 100  38   0   0
SODA C 041406 221027 13 F 1  69  30  24 1 1 315  2  0  69  28  96  24   0   0
SODA C 041406 221028 13 F 2  68  28  23 1 1 180  3  0  70  34  72  23   0   0
Count:    49  Zone Average:  64  34  36          7  0  68  39  82  30   0   0
Zone: 560
SCHOOL 040425 221022 13 F 1  53  41  64 1 1 315 13  0  65  48  86  48   6   0
SCHOOL 040425 221023 13 F 0  58  37  47 1 1 315 11  0  58  41  82  47   0   0
SCHOOL 040425 221024 13 F 2  61  40  46 1 1 180  0  0  61  44  61  39   0   0
SCHOOL 040425 221025 13 F 2  57  46  69 1 1 270  8  0  61  46  86  46   0   0
SCHOOL 040425 221026 13 F 2  55  43  64 1 1 315  7  0  57  44  83  64   0   0
SCHOOL 040425 221027 13 F 1  61  41  48 1 1  23  2  0  61  41  73  48   0   0
SCHOOL 040425 221028 13 F 2  61  40  46 1 1 180  3  0  61  45  60  45   0   0
WESTSI 040428 221022 13 F 2  53  46  79 1 1 315 11  0  62  46 100  64   6   0
WESTSI 040428 221023 13 F 0  56  44  66 1 1 338 12  0  57  41 100  62   0   0
WESTSI 040428 221024 13 F 2  58  45  62 1 1 248  0  0  59  40  86  57   0   0
WESTSI 040428 221025 13 F 2  54  49  85 1 1 270  8  0  59  45 100  57   0   0
WESTSI 040428 221026 13 F 2  53  47  83 1 1 315  7  0  55  43 100  77   0   0
WESTSI 040428 221027 13 F 1  57  46  68 1 1 360  3  0  58  39  96  64   0   0
WESTSI 040428 221028 13 F 2  57  46  68 1 1 180  3  0  58  42  86  62   0   0
KNEELA 040429 221022 13 F 1  51  40  68 1 1 338 13  0  65  49  80  54   6   0
KNEELA 040429 221023 13 F 0  54  38  55 1 1 338 12  0  54  44  83  54   0   0
KNEELA 040429 221024 13 F 2  59  39  49 1 1 315  3  0  59  47  71  31   0   0
KNEELA 040429 221025 13 F 2  53  47  83 1 1 293  6  0  59  49  83  49   0   0
KNEELA 040429 221026 13 F 2  52  45  77 1 1 315  9  0  53  48  83  63   0   0
KNEELA 040429 221027 13 F 1  58  40  53 1 1 360  3  0  58  44  77  49   0   0
KNEELA 040429 221028 13 F 2  59  40  51 1 1 180  2  0  59  50  54  40   0   0
Count:    21  Zone Average:  56  43  63          7  0  59  45  82  53   1   0
Zone: 591
BIG BA 040501 221022 13 F 1  61  33  35 1 1 293  9  0  80  41 100  25   0   0
BIG BA 040501 221023 13 F 0  64  27  25 1 1 315  6  0  64  32 100  25   0   0
BIG BA 040501 221024 13 F 1  73  35  25 1 1 293  2  0  73  33  69  19   0   0
BIG BA 040501 221025 13 F 2  65  41  43 1 1 270  5  0  74  42 100  24   0   0
BIG BA 040501 221026 13 F 2  61  35  39 1 1 315  7  0  66  39 100  37   0   0
BIG BA 040501 221027 13 F 1  68  30  25 1 1  45  2  0  68  33 100  25   0   0
BIG BA 040501 221028 13 F 2  69  30  24 1 1 135  3  0  71  35  79  21   0   0
HAYFOR 040503 221022 13 F 1  57  32  39 1 1 293 11  0  77  37 100  28   0   0
HAYFOR 040503 221023 13 F 0  61  27  28 1 1 338  5  0  61  31 100  28   0   0
HAYFOR 040503 221024 13 F 1  67  31  27 1 1 293  2  0  68  30  72  20   0   0
HAYFOR 040503 221025 13 F 2  60  40  49 1 1 270  3  0  71  38 100  25   0   0
HAYFOR 040503 221026 13 F 2  58  36  45 1 1 315  6  0  62  35 100  41   0   0
HAYFOR 040503 221027 13 F 1  64  30  28 1 1  45  3  0  65  28 100  27   0   0
HAYFOR 040503 221028 13 F 2  64  29  27 1 1 113  2  0  68  30  78  20   0   0
FRIEND 040512 221022 13 F 1  50  28  44 1 1 315 15  0  70  40  85  33   0   0
FRIEND 040512 221023 13 F 0  53  22  30 1 1 338  8  0  53  35  85  30   0   0
FRIEND 040512 221024 13 F 1  63  29  28 1 1 293  4  0  63  38  55  24   0   0
FRIEND 040512 221025 13 F 2  53  35  52 1 1 270  4  0  63  43  79  28   0   0
FRIEND 040512 221026 13 F 2  49  30  48 1 1 315 10  0  55  38  79  48   0   0
FRIEND 040512 221027 13 F 1  58  25  29 1 1  45  3  0  58  36  73  29   0   0
FRIEND 040512 221028 13 F 2  59  25  28 1 1 135  2  0  61  40  51  27   0   0
TRINIT 040516 221022 13 F 2  53  26  36 1 1 315 11  0  72  43  79  28   0   0
TRINIT 040516 221023 13 F 0  53  22  30 1 1  23  7  0  53  35  82  30   0   0
TRINIT 040516 221024 13 F 1  61  30  31 1 1 270  2  0  61  37  52  23   0   0
TRINIT 040516 221025 13 F 2  53  39  59 1 1 225  3  0  63  42  96  30   0   0
TRINIT 040516 221026 13 F 2  50  33  52 1 1 293  5  0  53  38  96  50   0   0
TRINIT 040516 221027 13 F 1  58  31  36 1 1  45  2  0  58  35  82  36   0   0
TRINIT 040516 221028 13 F 1  57  30  36 1 1 113  2  0  60  38  64  28   0   0
SCORPI 040517 221022 13 F 2  53  26  36 1 1 360 10  0  76  41  70  25   0   0
SCORPI 040517 221023 13 F 0  53  23  32 1 1 360 10  0  54  34  69  32   0   0
SCORPI 040517 221024 13 F 1  65  33  31 1 1 270  2  0  65  36  48  26   0   0
SCORPI 040517 221025 13 F 2  57  36  47 1 1 203  4  0  68  41  79  29   0   0
SCORPI 040517 221026 13 F 2  52  32  48 1 1 338  6  0  58  37  79  42   0   0
SCORPI 040517 221027 13 F 1  60  29  31 1 1  23  4  0  60  35  67  31   0   0
SCORPI 040517 221028 13 F 2  60  27  29 1 1 158  4  0  63  39  51  25   0   0
BACKBO 040518 221022 13 F 2  50  32  50 1 1 315 11  0  72  42  83  34   0   0
BACKBO 040518 221023 13 F 0  53  23  32 1 1 338 10  0  53  35  76  32   0   0
BACKBO 040518 221024 13 F 2  60  35  39 1 1 293  3  0  60  41  43  25   0   0
BACKBO 040518 221025 13 F 2  54  40  61 1 1 270  5  0  62  43  86  38   0   0
BACKBO 040518 221026 13 F 2  49  34  58 1 1 315  8  0  55  40  82  54   0   0
BACKBO 040518 221027 13 F 1  56  30  38 1 1 113  0  0  56  37  62  38   0   0
BACKBO 040518 221028 13 F 2  57  30  36 1 1 158  4  0  59  42  46  33   0   0
FIVE C 040520 221022 13 F 1  57  28  34 1 1 293 11  0  76  43  82  27   0   0
FIVE C 040520 221023 13 F 0  57  23  27 1 1  23  5  0  57  35  82  27   0   0
FIVE C 040520 221024 13 F 1  66  32  29 1 1 270  4  0  66  36  52  20   0   0
FIVE C 040520 221025 13 F 2  57  40  53 1 1 248  4  0  68  42  93  27   0   0
FIVE C 040520 221026 13 F 2  55  35  47 1 1 293  6  0  58  38  92  43   0   0
FIVE C 040520 221027 13 F 1  61  30  31 1 1  68  2  0  61  35  82  31   0   0
FIVE C 040520 221028 13 F 2  61  30  31 1 1 113  2  0  64  38  62  26   0   0
Count:    49  Zone Average:  58  31  37          5  0  64  37  79  30   0   0
Zone: 594
YOLLA  040511 221022 13 F 0  47  26  45 1 1 315 14  0  69  42  83  32   0   0
YOLLA  040511 221023 13 F 0  49  23  36 1 1 360 10  0  49  33  82  36   0   0
YOLLA  040511 221024 13 F 1  59  29  33 1 1 293  6  0  59  39  44  31   0   0
YOLLA  040511 221025 13 F 2  50  35  58 1 1 270  6  0  59  43  83  33   0   0
YOLLA  040511 221026 13 F 2  46  32  58 1 1 315  9  0  51  38  82  56   0   0
YOLLA  040511 221027 13 F 1  54  26  34 1 1  23  5  0  54  36  70  34   0   0
YOLLA  040511 221028 13 F 1  54  28  37 1 1 113  3  0  56  41  48  29   0   0
PATTYM 040812 221022 13 F 1  47  27  47 1 1 293 18  0  67  44  74  31   0   0
PATTYM 040812 221023 13 F 0  46  21  38 1 1 360 10  0  47  37  73  38   0   0
PATTYM 040812 221024 13 F 1  56  28  35 1 1 315  6  0  56  42  39  30   0   0
PATTYM 040812 221025 13 F 2  48  36  63 1 1 293  7  0  59  43  76  34   0   0
PATTYM 040812 221026 13 F 2  44  31  62 1 1 315 12  0  51  40  79  56   0   0
PATTYM 040812 221027 13 F 1  51  26  38 1 1  23  7  0  51  40  62  38   0   0
PATTYM 040812 221028 13 F 1  50  27  42 1 1  90  4  0  53  42  47  30   0   0
Count:    14  Zone Average:  50  28  45          8  0  56  40  67  36   0   0
 
 
 
End of WIMS Bulletin @ 21-OCT-22 22:45:53 GMT

