SHUS66 KMWI 212245
FWOMTR
Weather Information Management System (WIMS)
USDA National Information Technology Center (KMWI)
21-OCT-22 22:45:53 GMT
 
Listing of Forecasted Observations (San Francisco Bay Area, CA)
 
ST NME STAT'N   DATE HR T W DBT DPT  RH Y M DIR WS 10 TMX TMN HMX HMN PD1 PD2
------ ------ ------ -- - - --- --- --- - - --- -- -- --- --- --- ---  --  --
NWS Office:  MTR/Zone: 521
BIG SU 044302 221022 13 F 1  61  44  54 1 1 338 16  0  68  54  80  43   0   0
BIG SU 044302 221023 13 F 0  63  35  36 1 1 315 12  0  63  48  71  36   0   0
BIG SU 044302 221024 13 F 0  68  33  28 1 1 315  4  0  68  52  49  26   0   0
BIG SU 044302 221025 13 F 1  67  45  46 1 1 315  9  0  68  55  46  28   0   0
BIG SU 044302 221026 13 F 1  62  42  49 1 1 315 11  0  67  52  62  46   0   0
BIG SU 044302 221027 13 F 0  66  38  36 1 1 315  6  0  66  52  61  36   0   0
BIG SU 044302 221028 13 F 1  67  39  36 1 1 270  4  0  67  53  49  34   0   0
Count:     7  Zone Average:  65  40  41          9  0  67  52  60  36   0   0
Zone: 522
ARROYO 044301 221022 13 F 1  67  44  45 1 1 315 11  0  84  48 100  21   0   0
ARROYO 044301 221023 13 F 0  67  34  30 1 1 338 11  0  67  38 100  30   0   0
ARROYO 044301 221024 13 F 0  76  28  17 1 1 338  6  0  76  41  62  17   0   0
ARROYO 044301 221025 13 F 1  75  44  34 1 1 315  8  0  79  45  61  16   0   0
ARROYO 044301 221026 13 F 1  70  43  38 1 1 315 10  0  77  42  99  30   0   0
ARROYO 044301 221027 13 F 0  73  36  26 1 1 338  5  0  73  41  91  26   0   0
ARROYO 044301 221028 13 F 1  77  37  24 1 1 225  4  0  77  42  71  23   0   0
HUNTER 044317 221022 13 F 1  70  45  41 1 1 315  9  0  86  46  96  17   0   0
HUNTER 044317 221023 13 F 0  68  27  22 1 1 338 11  0  71  39  81  22   0   0
HUNTER 044317 221024 13 F 0  75  22  14 1 1 338  4  0  75  41  49  14   0   0
HUNTER 044317 221025 13 F 0  77  38  25 1 1 315  6  0  79  45  52  12   0   0
HUNTER 044317 221026 13 F 0  70  36  29 1 1 315 10  0  79  44  89  22   0   0
HUNTER 044317 221027 13 F 0  73  30  21 1 1 338  5  0  73  41  75  21   0   0
HUNTER 044317 221028 13 F 1  76  30  19 1 1 225  4  0  76  43  58  17   0   0
HASTIN 044319 221022 13 F 1  61  44  55 1 1 293 11  0  79  52  82  23   0   0
HASTIN 044319 221023 13 F 0  63  31  31 1 1 315  9  0  63  42  84  31   0   0
HASTIN 044319 221024 13 F 0  72  23  16 1 1 338  4  0  72  48  53  15   0   0
HASTIN 044319 221025 13 F 1  70  42  37 1 1 315  6  0  72  52  39  16   0   0
HASTIN 044319 221026 13 F 1  64  39  40 1 1 315  9  0  70  50  74  37   0   0
HASTIN 044319 221027 13 F 0  68  31  26 1 1 338  5  0  68  48  74  25   0   0
HASTIN 044319 221028 13 F 1  72  33  24 1 1 293  4  0  72  49  53  21   0   0
Count:    21  Zone Average:  71  35  29          7  0  75  45  74  22   0   0
Zone: 523
BRADLE 044303 221022 13 F 1  69  52  55 1 1 315  8  0  86  47 100  21   0   0
BRADLE 044303 221023 13 F 0  67  32  28 1 1 338  9  0  71  40  99  28   0   0
BRADLE 044303 221024 13 F 0  71  25  18 1 1 360  2  0  71  36  72  18   0   0
BRADLE 044303 221025 13 F 1  74  38  28 1 1 315  5  0  75  41  67  13   0   0
BRADLE 044303 221026 13 F 1  67  40  38 1 1 315  9  0  78  44 100  24   0   0
BRADLE 044303 221027 13 F 0  69  36  30 1 1 360  3  0  71  39 100  30   0   0
BRADLE 044303 221028 13 F 1  73  34  24 1 1 203  3  0  73  40  83  22   0   0
HOLLIS 044406 221022 13 F 1  64  49  60 1 1 270 10  0  73  53 100  40   0   0
HOLLIS 044406 221023 13 F 0  64  34  33 1 1 315 11  0  65  43  95  33   0   0
HOLLIS 044406 221024 13 F 0  68  29  24 1 1 360  5  0  68  42  60  24   0   0
HOLLIS 044406 221025 13 F 1  65  46  52 1 1 270  8  0  69  47  69  22   0   0
HOLLIS 044406 221026 13 F 1  60  46  60 1 1 293 10  0  66  48  99  52   0   0
HOLLIS 044406 221027 13 F 1  64  38  39 1 1 338  5  0  64  44  90  39   0   0
HOLLIS 044406 221028 13 F 1  67  38  35 1 1 270  5  0  67  45  70  35   0   0
Count:    14  Zone Average:  67  38  38          7  0  71  44  86  29   0   0
Zone: 524
PARKFI 044310 221022 13 F 1  67  47  50 1 1 270 12  0  85  46  92  18   0   0
PARKFI 044310 221023 13 F 0  66  27  23 1 1 360 10  0  69  38  74  23   0   0
PARKFI 044310 221024 13 F 0  68  21  17 1 1  68  4  0  68  38  50  17   0   0
PARKFI 044310 221025 13 F 1  73  31  22 1 1 338  6  0  73  42  44  15   0   0
PARKFI 044310 221026 13 F 1  66  38  36 1 1 338  9  0  75  43  82  21   0   0
PARKFI 044310 221027 13 F 0  66  31  27 1 1  45  6  0  68  39  76  27   0   0
PARKFI 044310 221028 13 F 1  70  29  22 1 1 180  6  0  70  41  61  22   0   0
SANTA  044408 221022 13 F 1  57  40  53 1 1 293 11  0  74  54  59  18   0   0
SANTA  044408 221023 13 F 0  52  22  31 1 1 338 14  0  57  41  78  31   0   0
SANTA  044408 221024 13 F 0  57  18  22 1 1  23  4  0  57  42  39  20   0   0
SANTA  044408 221025 13 F 1  61  30  31 1 1 360  5  0  62  47  34  21   0   0
SANTA  044408 221026 13 F 1  55  34  45 1 1 338 10  0  61  49  54  31   0   0
SANTA  044408 221027 13 F 0  55  25  32 1 1 338  6  0  55  43  70  32   0   0
SANTA  044408 221028 13 F 1  59  24  26 1 1 225  5  0  60  44  47  23   0   0
HERNAN 044409 221022 13 F 1  57  42  58 1 1 293 12  0  76  51  88  16   0   0
HERNAN 044409 221023 13 F 0  56  22  27 1 1 338 14  0  57  42  78  27   0   0
HERNAN 044409 221024 13 F 0  62  16  17 1 1 360  6  0  62  44  36  17   0   0
HERNAN 044409 221025 13 F 1  64  33  32 1 1 315 10  0  64  50  32  16   0   0
HERNAN 044409 221026 13 F 1  56  34  44 1 1 315 11  0  64  48  67  32   0   0
HERNAN 044409 221027 13 F 0  58  25  28 1 1 360  9  0  58  46  67  28   0   0
HERNAN 044409 221028 13 F 1  63  24  23 1 1 203  8  0  63  48  41  23   0   0
PINNAC 044410 221022 13 F 1  61  47  60 1 1 293 12  0  83  48 100  18   0   0
PINNAC 044410 221023 13 F 0  62  30  30 1 1 338 12  0  62  36 100  30   0   0
PINNAC 044410 221024 13 F 0  68  22  18 1 1 338  6  0  68  37  57  18   0   0
PINNAC 044410 221025 13 F 1  69  41  37 1 1 315 10  0  71  42  61  15   0   0
PINNAC 044410 221026 13 F 1  62  40  45 1 1 315 11  0  70  43 100  36   0   0
PINNAC 044410 221027 13 F 0  65  31  28 1 1 338  8  0  65  39  92  28   0   0
PINNAC 044410 221028 13 F 1  69  30  24 1 1 203  8  0  69  40  70  23   0   0
PANOCH 044514 221022 13 F 1  62  47  60 1 1 293 12  0  82  61  75  22   0   0
PANOCH 044514 221023 13 F 0  59  29  32 1 1 338 14  0  62  52  62  32   0   0
PANOCH 044514 221024 13 F 0  62  26  26 1 1 360  5  0  62  53  32  25   0   0
PANOCH 044514 221025 13 F 1  66  38  36 1 1 360  6  0  66  56  37  23   0   0
PANOCH 044514 221026 13 F 1  59  42  54 1 1 315 11  0  66  56  68  36   0   0
PANOCH 044514 221027 13 F 0  61  34  37 1 1 360  8  0  61  53  57  37   0   0
PANOCH 044514 221028 13 F 1  66  33  30 1 1  90  4  0  66  54  40  30   0   0
Count:    35  Zone Average:  62  32  34          9  0  67  46  64  24   0   0
Zone: 546
DIABLO 043502 221022 13 F 1  65  43  46 1 1 338 12  0  84  58  70  20   0   0
DIABLO 043502 221023 13 F 0  61  23  24 1 1 338 17  0  65  50  51  24   0   0
DIABLO 043502 221024 13 F 0  66  21  18 1 1 360  8  0  66  50  27  18   0   0
DIABLO 043502 221025 13 F 1  68  40  36 1 1 338  8  0  68  54  36  16   0   0
DIABLO 043502 221026 13 F 1  62  37  40 1 1 315 11  0  68  53  59  36   0   0
DIABLO 043502 221027 13 F 0  63  29  28 1 1 338  9  0  63  51  45  28   0   0
DIABLO 043502 221028 13 F 1  67  30  25 1 1 158  6  0  67  53  33  23   0   0
Count:     7  Zone Average:  65  32  31         10  0  69  53  46  24   0   0
Zone: 547
BLACK  043008 221022 13 F 1  63  41  46 1 1 270 12  0  71  57  78  40   0   0
BLACK  043008 221023 13 F 0  61  25  26 1 1 338 18  0  64  49  53  26   0   0
BLACK  043008 221024 13 F 0  65  25  22 1 1 360  9  0  65  52  31  21   0   0
BLACK  043008 221025 13 F 1  63  46  55 1 1 270 10  0  66  54  57  20   0   0
BLACK  043008 221026 13 F 1  59  39  49 1 1 315 11  0  63  53  64  49   0   0
BLACK  043008 221027 13 F 0  62  31  32 1 1 360 11  0  62  51  49  32   0   0
BLACK  043008 221028 13 F 1  63  34  34 1 1 338  8  0  63  50  45  27   0   0
LAS TR 043009 221022 13 F 1  67  43  42 1 1 293 12  0  67  54  93  42   0   0
LAS TR 043009 221023 13 F 0  66  28  24 1 1 338 14  0  67  46  71  24   0   0
LAS TR 043009 221024 13 F 0  69  28  22 1 1 338  5  0  69  49  42  21   0   0
LAS TR 043009 221025 13 F 1  65  48  56 1 1 270  5  0  71  51  73  20   0   0
LAS TR 043009 221026 13 F 1  63  41  46 1 1 293  9  0  66  50  84  46   0   0
LAS TR 043009 221027 13 F 1  66  36  33 1 1 338  5  0  66  48  64  33   0   0
LAS TR 043009 221028 13 F 1  67  38  35 1 1 293  4  0  68  46  66  29   0   0
BRIONE 043010 221022 13 F 1  72  45  38 1 1 293 10  0  72  57  87  38   0   0
BRIONE 043010 221023 13 F 0  70  29  22 1 1 360 12  0  73  49  64  22   0   0
BRIONE 043010 221024 13 F 0  74  30  20 1 1 338  4  0  74  51  39  18   0   0
BRIONE 043010 221025 13 F 1  71  51  50 1 1 248  5  0  76  52  72  17   0   0
BRIONE 043010 221026 13 F 1  69  43  40 1 1 293  9  0  72  52  76  40   0   0
BRIONE 043010 221027 13 F 0  71  37  29 1 1 338  5  0  71  50  61  29   0   0
BRIONE 043010 221028 13 F 1  71  39  32 1 1 315  4  0  73  48  65  24   0   0
MALLOR 043011 221022 13 F 1  64  42  46 1 1 293 10  0  74  62  60  32   0   0
MALLOR 043011 221023 13 F 0  61  22  23 1 1 338 16  0  64  54  48  23   0   0
MALLOR 043011 221024 13 F 0  63  22  21 1 1 360  6  0  63  59  24  18   0   0
MALLOR 043011 221025 13 F 1  62  45  54 1 1 270  8  0  64  60  54  20   0   0
MALLOR 043011 221026 13 F 1  58  36  45 1 1 315  9  0  62  58  60  43   0   0
MALLOR 043011 221027 13 F 1  61  29  30 1 1 338  8  0  61  57  45  30   0   0
MALLOR 043011 221028 13 F 1  63  31  30 1 1 315  4  0  63  58  34  27   0   0
LOS VA 043013 221022 13 F 1  66  45  47 1 1 270 11  0  76  58  89  31   0   0
LOS VA 043013 221023 13 F 0  63  26  25 1 1 338 18  0  67  48  64  25   0   0
LOS VA 043013 221024 13 F 0  67  25  21 1 1 360  6  0  67  49  41  21   0   0
LOS VA 043013 221025 13 F 1  66  47  51 1 1 270  8  0  69  52  60  18   0   0
LOS VA 043013 221026 13 F 1  63  41  45 1 1 315 11  0  67  51  82  45   0   0
LOS VA 043013 221027 13 F 0  65  32  30 1 1 338  9  0  65  49  62  30   0   0
LOS VA 043013 221028 13 F 1  66  33  30 1 1 315  5  0  66  48  58  26   0   0
ROSE P 043404 221022 13 F 1  63  44  50 1 1 293 10  0  78  57  67  25   0   0
ROSE P 043404 221023 13 F 0  62  24  24 1 1 338 12  0  63  47  67  24   0   0
ROSE P 043404 221024 13 F 0  66  22  19 1 1 338  5  0  66  51  28  19   0   0
ROSE P 043404 221025 13 F 1  66  46  49 1 1 293  6  0  68  57  49  18   0   0
ROSE P 043404 221026 13 F 1  61  40  46 1 1 293  9  0  66  54  65  44   0   0
ROSE P 043404 221027 13 F 1  63  30  29 1 1 338  6  0  63  52  55  29   0   0
ROSE P 043404 221028 13 F 1  67  31  27 1 1 270  4  0  67  53  36  24   0   0
CALAVE 043405 221022 13 F 1  61  44  55 1 1 270 12  0  74  56  91  39   0   0
CALAVE 043405 221023 13 F 0  60  26  28 1 1 338 14  0  61  47  69  28   0   0
CALAVE 043405 221024 13 F 0  64  25  23 1 1 338  6  0  64  49  39  23   0   0
CALAVE 043405 221025 13 F 1  62  48  61 1 1 293  8  0  65  53  61  22   0   0
CALAVE 043405 221026 13 F 1  58  41  54 1 1 293 11  0  62  51  82  54   0   0
CALAVE 043405 221027 13 F 1  60  33  37 1 1 338  8  0  60  49  62  37   0   0
CALAVE 043405 221028 13 F 1  64  35  34 1 1 293  5  0  64  50  51  34   0   0
ALTAMO 043407 221022 13 F 1  64  45  51 1 1 270 12  0  77  57  89  30   0   0
ALTAMO 043407 221023 13 F 0  61  26  27 1 1 338 18  0  65  47  64  27   0   0
ALTAMO 043407 221024 13 F 0  65  26  23 1 1 360  9  0  65  48  39  23   0   0
ALTAMO 043407 221025 13 F 1  65  47  53 1 1 270 11  0  67  52  56  19   0   0
ALTAMO 043407 221026 13 F 1  60  40  48 1 1 315 13  0  65  51  80  48   0   0
ALTAMO 043407 221027 13 F 0  62  33  34 1 1 338 11  0  62  49  57  34   0   0
ALTAMO 043407 221028 13 F 1  65  33  31 1 1 315  8  0  65  49  49  28   0   0
SAN JO 043915 221022 13 F 1  61  49  65 1 1 293 10  0  72  55 100  45   0   0
SAN JO 043915 221023 13 F 0  60  33  36 1 1 338 11  0  61  45  79  36   0   0
SAN JO 043915 221024 13 F 0  64  30  28 1 1 338  5  0  64  47  46  28   0   0
SAN JO 043915 221025 13 F 1  62  49  64 1 1 293  6  0  66  51  69  26   0   0
SAN JO 043915 221026 13 F 1  57  44  63 1 1 293  9  0  62  49  91  63   0   0
SAN JO 043915 221027 13 F 0  61  38  44 1 1 338  6  0  61  47  69  44   0   0
SAN JO 043915 221028 13 F 1  64  39  40 1 1 270  4  0  64  49  58  39   0   0
CORDOZ 043916 221022 13 F 1  61  44  55 1 1 293 12  0  74  51  96  28   0   0
CORDOZ 043916 221023 13 F 0  60  25  26 1 1 338 14  0  62  42  71  26   0   0
CORDOZ 043916 221024 13 F 0  66  22  19 1 1 338  6  0  66  43  39  19   0   0
CORDOZ 043916 221025 13 F 1  65  44  47 1 1 270  8  0  68  47  49  18   0   0
CORDOZ 043916 221026 13 F 1  59  39  48 1 1 293 11  0  65  46  81  47   0   0
CORDOZ 043916 221027 13 F 0  63  31  30 1 1 315  8  0  63  43  65  30   0   0
CORDOZ 043916 221028 13 F 1  67  31  27 1 1 225  6  0  67  45  48  27   0   0
Count:    70  Zone Average:  64  36  38          9  0  67  51  62  30   0   0
Zone: 549
LA HON 043304 221022 13 F 1  63  50  63 1 1 293 13  0  67  53  94  63   0   0
LA HON 043304 221023 13 F 0  65  39  39 1 1 338 12  0  65  47  80  39   0   0
LA HON 043304 221024 13 F 0  67  36  32 1 1 338  5  0  67  48  65  32   0   0
LA HON 043304 221025 13 F 1  63  52  68 1 1 315  6  0  67  50  82  32   0   0
LA HON 043304 221026 13 F 1  60  46  62 1 1 315 11  0  63  49  93  62   0   0
LA HON 043304 221027 13 F 0  64  43  47 1 1 338  5  0  64  47  84  47   0   0
LA HON 043304 221028 13 F 1  66  44  45 1 1 270  3  0  66  47  74  45   0   0
SPRING 043308 221022 13 F 1  63  50  63 1 1 293 25  0  64  54  92  63   0   0
SPRING 043308 221023 13 F 0  65  40  40 1 1 315 16  0  65  50  71  40   0   0
SPRING 043308 221024 13 F 0  69  37  32 1 1 315  6  0  69  52  60  32   0   0
SPRING 043308 221025 13 F 1  65  52  65 1 1 293 10  0  69  52  85  32   0   0
SPRING 043308 221026 13 F 1  62  47  59 1 1 315 16  0  65  52  81  59   0   0
SPRING 043308 221027 13 F 0  66  43  44 1 1 315  8  0  66  50  74  44   0   0
SPRING 043308 221028 13 F 1  67  44  45 1 1 293  5  0  67  49  70  44   0   0
PULGAS 043309 221022 13 F 1  67  50  56 1 1 293 16  0  69  56  92  56   0   0
PULGAS 043309 221023 13 F 0  69  40  35 1 1 338 12  0  69  50  72  35   0   0
PULGAS 043309 221024 13 F 0  73  38  28 1 1 338  5  0  73  51  52  28   0   0
PULGAS 043309 221025 13 F 1  69  55  62 1 1 293  8  0  74  52  84  28   0   0
PULGAS 043309 221026 13 F 1  66  49  56 1 1 293 12  0  69  52  84  56   0   0
PULGAS 043309 221027 13 F 0  70  45  42 1 1 338  6  0  70  50  70  42   0   0
PULGAS 043309 221028 13 F 1  72  47  42 1 1 293  4  0  72  49  71  40   0   0
BEN LO 043809 221022 13 F 1  64  45  51 1 1 315 16  0  72  56  78  41   0   0
BEN LO 043809 221023 13 F 0  65  33  31 1 1 338 12  0  65  49  64  31   0   0
BEN LO 043809 221024 13 F 0  71  30  22 1 1 338  4  0  71  51  44  22   0   0
BEN LO 043809 221025 13 F 1  67  47  50 1 1 315  5  0  71  53  54  22   0   0
BEN LO 043809 221026 13 F 1  64  41  43 1 1 315 10  0  67  52  63  43   0   0
BEN LO 043809 221027 13 F 0  68  37  33 1 1 315  4  0  68  50  60  33   0   0
BEN LO 043809 221028 13 F 1  69  36  30 1 1 248  2  0  69  51  48  30   0   0
LOS AL 043912 221022 13 F 1  67  50  56 1 1 293 13  0  71  56  94  54   0   0
LOS AL 043912 221023 13 F 0  69  39  34 1 1 338 11  0  69  48  77  34   0   0
LOS AL 043912 221024 13 F 0  73  37  27 1 1 338  4  0  73  50  54  27   0   0
LOS AL 043912 221025 13 F 1  69  55  62 1 1 293  6  0  74  52  80  26   0   0
LOS AL 043912 221026 13 F 1  66  49  56 1 1 293 11  0  70  50  89  56   0   0
LOS AL 043912 221027 13 F 0  70  45  42 1 1 338  5  0  70  49  75  42   0   0
LOS AL 043912 221028 13 F 1  72  47  41 1 1 293  4  0  72  49  71  39   0   0
LOS GA 043913 221022 13 F 1  63  46  54 1 1 315 12  0  74  56  89  43   0   0
LOS GA 043913 221023 13 F 0  62  32  33 1 1 338 12  0  63  48  73  33   0   0
LOS GA 043913 221024 13 F 0  68  30  25 1 1 338  5  0  68  49  47  25   0   0
LOS GA 043913 221025 13 F 1  65  49  58 1 1 315  6  0  70  52  67  23   0   0
LOS GA 043913 221026 13 F 1  62  43  51 1 1 315  9  0  66  50  82  51   0   0
LOS GA 043913 221027 13 F 1  64  38  39 1 1 315  5  0  64  48  73  39   0   0
LOS GA 043913 221028 13 F 1  69  40  35 1 1 248  4  0  69  49  59  35   0   0
Count:    42  Zone Average:  67  43  45          9  0  69  51  73  40   0   0
Zone: 550
OAKLAN 043402 221022 13 F 1  65  45  50 1 1 293 14  0  65  55  90  50   0   0
OAKLAN 043402 221023 13 F 0  64  31  30 1 1 338 13  0  65  49  69  30   0   0
OAKLAN 043402 221024 13 F 0  65  33  31 1 1 338  5  0  66  51  43  26   0   0
OAKLAN 043402 221025 13 F 1  62  51  69 1 1 270  8  0  66  52  80  30   0   0
OAKLAN 043402 221026 13 F 1  60  45  59 1 1 293 10  0  62  51  82  59   0   0
OAKLAN 043402 221027 13 F 1  63  39  42 1 1 315  6  0  63  49  66  42   0   0
OAKLAN 043402 221028 13 F 1  62  41  46 1 1 293  4  0  64  48  71  41   0   0
OAKLAN 043403 221022 13 F 1  64  52  65 1 1 270 12  0  69  54  95  56   0   0
OAKLAN 043403 221023 13 F 0  66  41  41 1 1 338 14  0  66  50  71  41   0   0
OAKLAN 043403 221024 13 F 1  66  44  46 1 1 270  9  0  68  51  73  38   0   0
CORRAL 043802 221022 13 F 1  66  49  56 1 1 293 10  0  66  53 100  56   0   0
CORRAL 043802 221023 13 F 0  64  39  40 1 1 315 10  0  66  45  86  40   0   0
CORRAL 043802 221024 13 F 0  67  37  34 1 1 293  4  0  67  44  63  32   0   0
CORRAL 043802 221025 13 F 1  63  52  68 1 1 270  5  0  67  48  80  33   0   0
CORRAL 043802 221026 13 F 1  61  47  62 1 1 293  9  0  64  48 100  62   0   0
CORRAL 043802 221027 13 F 1  63  44  51 1 1 293  5  0  63  45  92  51   0   0
CORRAL 043802 221028 13 F 1  65  43  45 1 1 248  4  0  65  46  78  45   0   0
POVERT 043914 221022 13 F 1  61  47  60 1 1 293 10  0  76  58  77  34   0   0
POVERT 043914 221023 13 F 0  60  27  29 1 1 338 12  0  61  47  69  29   0   0
POVERT 043914 221024 13 F 0  64  25  23 1 1 338  5  0  64  52  33  23   0   0
POVERT 043914 221025 13 F 1  63  48  59 1 1 293  6  0  66  56  59  22   0   0
POVERT 043914 221026 13 F 1  58  41  55 1 1 293  9  0  63  53  69  55   0   0
POVERT 043914 221027 13 F 0  62  35  37 1 1 338  6  0  62  51  61  37   0   0
POVERT 043914 221028 13 F 1  66  36  33 1 1 270  4  0  66  54  43  33   0   0
Count:    24  Zone Average:  63  41  47          8  0  66  51  73  40   0   0
Zone: 559
SANTA  042009 221022 13 F 0  68  41  38 1 1 315 12  0  69  54  93  38   0   0
SANTA  042009 221023 13 F 0  66  32  28 1 1 360  9  0  68  44  76  28   0   0
SANTA  042009 221024 13 F 0  71  33  25 1 1 270  4  0  71  44  52  23   0   0
SANTA  042009 221025 13 F 1  68  52  57 1 1 270  5  0  72  47  89  24   0   0
SANTA  042009 221026 13 F 1  64  44  49 1 1 315  9  0  68  46  94  49   0   0
SANTA  042009 221027 13 F 1  68  40  36 1 1 293  4  0  68  44  78  36   0   0
SANTA  042009 221028 13 F 1  67  41  40 1 1 203  4  0  69  43  75  34   0   0
HAWKEY 042010 221022 13 F 1  59  37  44 1 1 315 16  0  70  58  56  43   0   0
HAWKEY 042010 221023 13 F 0  58  29  33 1 1 360 10  0  59  51  54  33   0   0
HAWKEY 042010 221024 13 F 1  64  31  29 1 1 270  4  0  64  57  35  18   0   0
HAWKEY 042010 221025 13 F 1  61  49  66 1 1 270  6  0  66  59  67  29   0   0
HAWKEY 042010 221026 13 F 1  56  40  56 1 1 315 10  0  62  56  66  37   0   0
HAWKEY 042010 221027 13 F 1  62  35  37 1 1 293  4  0  62  55  56  29   0   0
HAWKEY 042010 221028 13 F 1  62  38  41 1 1 180  4  0  62  56  44  24   0   0
OAK RI 042012 221022 13 F 1  65  43  45 1 1 315 13  0  69  53  83  44   0   0
OAK RI 042012 221023 13 F 0  65  38  38 1 1 338  9  0  65  45  71  38   0   0
OAK RI 042012 221024 13 F 0  72  38  29 1 1 293  4  0  72  47  57  29   0   0
OAK RI 042012 221025 13 F 1  67  51  57 1 1 293  8  0  72  52  78  29   0   0
OAK RI 042012 221026 13 F 1  63  44  50 1 1 315 10  0  67  48  75  50   0   0
OAK RI 042012 221027 13 F 1  68  42  39 1 1 293  4  0  68  46  68  39   0   0
OAK RI 042012 221028 13 F 1  69  43  39 1 1 203  4  0  69  47  58  38   0   0
ATLAS  042108 221022 13 F 1  64  37  38 1 1 315  9  0  72  56  79  38   0   0
ATLAS  042108 221023 13 F 0  60  25  27 1 1 360 13  0  65  48  54  27   0   0
ATLAS  042108 221024 13 F 0  66  24  21 1 1 338  4  0  66  53  31  21   0   0
ATLAS  042108 221025 13 F 1  63  43  49 1 1 270  5  0  68  53  57  21   0   0
ATLAS  042108 221026 13 F 1  60  39  46 1 1 315  8  0  64  51  68  46   0   0
ATLAS  042108 221027 13 F 1  62  31  32 1 1 360  8  0  62  52  47  32   0   0
ATLAS  042108 221028 13 F 1  63  34  35 1 1 135  4  0  63  50  46  29   0   0
BARNAB 042308 221022 13 F 1  66  48  53 1 1 293 17  0  66  53  94  53   0   0
BARNAB 042308 221023 13 F 0  67  36  33 1 1 338 12  0  67  48  73  33   0   0
BARNAB 042308 221024 13 F 0  70  38  31 1 1 270  6  0  70  49  57  31   0   0
BARNAB 042308 221025 13 F 1  67  52  60 1 1 293  9  0  70  51  85  31   0   0
BARNAB 042308 221026 13 F 1  65  47  53 1 1 293 13  0  67  50  86  53   0   0
BARNAB 042308 221027 13 F 0  68  43  41 1 1 293  6  0  68  48  74  41   0   0
BARNAB 042308 221028 13 F 1  68  44  43 1 1 203  4  0  68  46  82  41   0   0
WOODAC 042309 221022 13 F 1  67  47  49 1 1 293 18  0  67  54  87  49   0   0
WOODAC 042309 221023 13 F 0  69  33  27 1 1 338 12  0  69  48  66  27   0   0
WOODAC 042309 221024 13 F 0  71  35  27 1 1 270  5  0  71  50  46  26   0   0
WOODAC 042309 221025 13 F 1  68  50  54 1 1 270  8  0  71  51  76  27   0   0
WOODAC 042309 221026 13 F 1  66  44  45 1 1 293 11  0  68  51  75  45   0   0
WOODAC 042309 221027 13 F 0  69  40  35 1 1 293  5  0  69  49  63  35   0   0
WOODAC 042309 221028 13 F 1  69  41  37 1 1 225  3  0  69  47  71  35   0   0
BIG RO 042310 221022 13 F 0  68  44  43 1 1 293 16  0  68  56  86  43   0   0
BIG RO 042310 221023 13 F 0  69  31  25 1 1 338 12  0  69  48  64  25   0   0
BIG RO 042310 221024 13 F 0  73  34  24 1 1 270  4  0  73  50  44  22   0   0
BIG RO 042310 221025 13 F 1  70  50  50 1 1 270  5  0  73  52  76  23   0   0
BIG RO 042310 221026 13 F 1  68  44  42 1 1 293 10  0  70  51  78  42   0   0
BIG RO 042310 221027 13 F 0  71  39  32 1 1 293  3  0  71  49  63  32   0   0
BIG RO 042310 221028 13 F 1  70  41  35 1 1 180  2  0  71  47  73  31   0   0
MIDDLE 042312 221022 13 F 1  64  43  47 1 1 315 18  0  64  59  64  41   0   0
MIDDLE 042312 221023 13 F 0  67  30  25 1 1 338 12  0  67  55  48  25   0   0
MIDDLE 042312 221024 13 F 0  70  32  25 1 1 293  4  0  70  59  29  23   0   0
MIDDLE 042312 221025 13 F 1  67  46  48 1 1 270  8  0  71  59  51  25   0   0
MIDDLE 042312 221026 13 F 1  65  40  40 1 1 293 11  0  67  58  49  39   0   0
MIDDLE 042312 221027 13 F 0  67  36  32 1 1 293  5  0  67  57  40  32   0   0
MIDDLE 042312 221028 13 F 1  67  36  32 1 1 248  2  0  69  55  46  30   0   0
ROBINH 042313 221022 13 F 1  71  44  39 1 1 293 13  0  71  57  87  39   0   0
ROBINH 042313 221023 13 F 0  71  32  24 1 1 338 10  0  71  48  65  24   0   0
ROBINH 042313 221024 13 F 0  75  34  23 1 1 270  4  0  75  49  47  20   0   0
ROBINH 042313 221025 13 F 1  72  52  50 1 1 270  6  0  76  51  81  22   0   0
ROBINH 042313 221026 13 F 1  70  45  41 1 1 293 10  0  72  51  81  41   0   0
ROBINH 042313 221027 13 F 0  73  40  31 1 1 315  5  0  73  48  67  31   0   0
ROBINH 042313 221028 13 F 1  71  42  35 1 1 180  4  0  74  47  75  30   0   0
Count:    63  Zone Average:  67  40  39          8  0  69  51  66  33   0   0
Zone: 562
POLE_M 042008 221022 13 F 1  65  48  55 1 1 315 16  0  66  56  76  55   0   0
POLE_M 042008 221023 13 F 0  65  42  44 1 1 315  9  0  65  50  64  44   0   0
POLE_M 042008 221024 13 F 1  66  46  50 1 1 293  9  0  68  53  57  41   0   0
Count:     3  Zone Average:  65  45  50         11  0  66  53  66  47   0   0
 
 
 
End of WIMS Bulletin @ 21-OCT-22 22:45:53 GMT

