SHUS66 KMWI 212245
FWOOTX
Weather Information Management System (WIMS)
USDA National Information Technology Center (KMWI)
21-OCT-22 22:45:54 GMT
 
Listing of Forecasted Observations (Spokane, WA)
 
ST NME STAT'N   DATE HR T W DBT DPT  RH Y M DIR WS 10 TMX TMN HMX HMN PD1 PD2
------ ------ ------ -- - - --- --- --- - - --- -- -- --- --- --- ---  --  --
NWS Office:  OTX/Zone: 101
BONNER 100101 221022 13 F 6  38  30  75 1 1 338  7  0  46  33 100  75  16   8
BONNER 100101 221023 13 F 1  45  27  50 1 1 338  9  0  45  31 100  50   5   0
BONNER 100101 221024 13 F 6  42  34  74 1 1 203 11  0  45  33 100  49   0   4
BONNER 100101 221025 13 F 2  43  33  69 1 1 203  7  0  43  35  98  69   9   0
BONNER 100101 221026 13 F 2  43  36  77 1 1 203  9  0  43  34  99  69   7   0
BONNER 100101 221027 13 F 2  43  35  76 1 1 203  9  0  43  31  98  76   0   0
BONNER 100101 221028 13 F 2  46  36  70 1 1 180  9  0  46  35  92  70   0   0
SADDLE 100107 221022 13 F 7  34  26  75 1 1  45  1  0  40  26 100  75  16   6
SADDLE 100107 221023 13 F 1  39  22  52 1 1 360  1  0  40  22 100  51   8   0
SADDLE 100107 221024 13 F 7  35  29  81 1 1 203  1  0  39  26  97  52   1   7
SADDLE 100107 221025 13 F 2  36  29  78 1 1 203  1  0  37  26 100  76   9   0
SADDLE 100107 221026 13 F 2  36  30  79 1 1 225  1  0  37  26 100  78  10   0
SADDLE 100107 221027 13 F 2  37  31  79 1 1 203  1  0  37  23 100  79   0   0
SADDLE 100107 221028 13 F 2  39  32  77 1 1 203  1  0  39  27 100  77   0   0
PRIEST 100204 221022 13 F 2  41  27  58 1 1  90  1  0  46  28 100  58  16   0
PRIEST 100204 221023 13 F 1  48  27  44 1 1 293  1  0  48  22 100  44   0   0
PRIEST 100204 221024 13 F 6  42  33  73 1 1 203  3  0  49  30 100  42   1   7
PRIEST 100204 221025 13 F 2  43  34  72 1 1 203  1  0  43  27 100  72   9   0
PRIEST 100204 221026 13 F 2  43  35  76 1 1 225  1  0  45  28 100  72  10   0
PRIEST 100204 221027 13 F 2  42  35  77 1 1 180  1  0  44  24 100  76   0   0
PRIEST 100204 221028 13 F 2  47  37  68 1 1 180  1  0  47  29 100  68   0   0
HOODOO 100208 221022 13 F 2  41  33  75 1 1 248  3  0  45  31 100  75  16   0
HOODOO 100208 221023 13 F 1  48  31  52 1 1 338  3  0  48  24 100  52   0   0
HOODOO 100208 221024 13 F 6  45  40  83 1 1 203  3  0  49  33 100  49   0   3
HOODOO 100208 221025 13 F 2  46  40  80 1 1 203  3  0  46  31 100  80   8   0
HOODOO 100208 221026 13 F 2  44  40  88 1 1 225  3  0  47  31 100  78  10   0
HOODOO 100208 221027 13 F 2  44  39  84 1 1 203  3  0  45  29 100  84   0   0
HOODOO 100208 221028 13 F 2  49  41  75 1 1 203  3  0  49  30 100  75   0   0
FISHHO 100421 221022 13 F 6  37  34  89 1 1 270  4  0  41  29 100  89  16   8
FISHHO 100421 221023 13 F 2  40  31  71 1 1 338  4  0  40  27 100  71   9   0
FISHHO 100421 221024 13 F 2  38  33  82 1 1 203  4  0  40  29 100  71   0   3
FISHHO 100421 221025 13 F 2  39  37  95 1 1 225  4  0  39  31 100  82  13   0
FISHHO 100421 221026 13 F 2  38  35  92 1 1 248  4  0  39  29 100  92   7   6
FISHHO 100421 221027 13 F 2  40  34  82 1 1 203  4  0  40  28 100  82   0   0
FISHHO 100421 221028 13 F 2  44  37  77 1 1 203  4  0  44  27  95  77   0   0
NUCKOL 100423 221022 13 F 6  36  31  83 1 1 293  2  0  43  32  96  81  16   6
NUCKOL 100423 221023 13 F 1  42  28  58 1 1 338  2  0  42  33  86  58   8   0
NUCKOL 100423 221024 13 F 2  39  32  77 1 1 203  2  0  42  33  80  58   0   3
NUCKOL 100423 221025 13 F 2  41  35  80 1 1 225  2  0  45  37  89  74  13   0
NUCKOL 100423 221026 13 F 2  40  35  83 1 1 248  2  0  41  37  87  71   9   4
NUCKOL 100423 221027 13 F 2  43  35  74 1 1 225  2  0  43  36  83  70   0   0
NUCKOL 100423 221028 13 F 2  48  37  68 1 1 203  2  0  48  37  76  66   0   0
LINES  100424 221022 13 F 7  30  29 100 1 1 270  6  0  35  29 100  93  16   8
LINES  100424 221023 13 F 1  33  29  87 1 1 315  2  0  34  29 100  81   6   0
LINES  100424 221024 13 F 2  33  33 100 1 1 203  6  0  34  30 100  83   0   3
LINES  100424 221025 13 F 2  34  33  99 1 1 225  7  0  41  33 100  85  13   0
LINES  100424 221026 13 F 2  34  34 100 1 1 248  2  0  36  31 100  84   9   6
LINES  100424 221027 13 F 2  35  34  99 1 1 203  2  0  35  32 100  82   0   0
LINES  100424 221028 13 F 2  38  34  87 1 1 180  2  0  38  31  99  75   0   0
MAGEE  100425 221022 13 F 2  33  30  90 1 1 270  6  0  37  30  99  83  16   6
MAGEE  100425 221023 13 F 1  38  24  59 1 1 338  9  0  38  30  90  59   5   0
MAGEE  100425 221024 13 F 6  33  31  95 1 1 203 15  0  38  30  95  58   0   3
MAGEE  100425 221025 13 F 2  35  32  91 1 1 225  7  0  42  32  95  76   8   0
MAGEE  100425 221026 13 F 2  35  33  95 1 1 248  9  0  38  32  95  73   7   0
MAGEE  100425 221027 13 F 2  37  33  86 1 1 225  9  0  37  31  95  74   0   0
MAGEE  100425 221028 13 F 2  40  32  75 1 1 203  9  0  40  33  86  70   0   0
Count:    56  Zone Average:  40  33  79          4  0  42  30  97  71   6   2
Zone: 696
CAMP 4 452132 221022 13 F 1  46  21  38 1 1 270  3  0  51  33  68  38   5   0
CAMP 4 452132 221023 13 F 1  50  22  34 1 1 180  3  0  50  37  57  34   0   0
CAMP 4 452132 221024 13 F 6  45  32  62 1 1 225  3  0  50  36  74  32   1   6
CAMP 4 452132 221025 13 F 2  46  33  62 1 1 203  3  0  46  36  68  56   5   0
CAMP 4 452132 221026 13 F 1  45  30  57 1 1 270  3  0  46  36  72  57   7   0
CAMP 4 452132 221027 13 F 2  48  34  60 1 1 203  3  0  48  36  72  57   0   0
CAMP 4 452132 221028 13 F 2  49  37  65 1 1 180  3  0  49  39  74  57   0   0
DRY CR 452134 221022 13 F 2  40  25  56 1 1 293  5  0  46  31  78  53   5   0
DRY CR 452134 221023 13 F 1  45  22  41 1 1 248  5  0  49  31  73  40   0   0
DRY CR 452134 221024 13 F 6  41  34  76 1 1 270 18  0  49  34  84  40   2   7
DRY CR 452134 221025 13 F 2  39  31  75 1 1 248  1  0  45  33  90  58   6   0
DRY CR 452134 221026 13 F 2  41  30  67 1 1 293  9  0  45  33  77  63  11   0
DRY CR 452134 221027 13 F 2  43  34  72 1 1 248  9  0  48  33  80  61   0   0
DRY CR 452134 221028 13 F 2  45  37  75 1 1 180  9  0  49  36  80  63   0   0
Count:    14  Zone Average:  45  30  60          6  0  48  35  75  51   3   1
Zone: 697
STEHEK 452121 221022 13 F 2  47  27  46 1 1 293  4  0  51  30  93  46   6   0
STEHEK 452121 221023 13 F 1  53  27  37 1 1 270  0  0  53  29  88  36   0   0
STEHEK 452121 221024 13 F 6  49  36  62 1 1 248  4  0  53  32  83  37   2   8
STEHEK 452121 221025 13 F 2  49  36  62 1 1 203  4  0  49  33  85  62   9   0
STEHEK 452121 221026 13 F 2  49  35  60 1 1 270  4  0  49  32  87  60  11   0
STEHEK 452121 221027 13 F 2  52  39  63 1 1 225  4  0  52  30  87  60   0   0
STEHEK 452121 221028 13 F 2  53  40  63 1 1 203  4  0  53  35  86  63   0   0
Count:     7  Zone Average:  50  34  56          4  0  52  32  87  52   4   1
Zone: 698
FIRST  452006 221022 13 F 1  35  12  39 1 1 315  2  0  38  27  70  39   5   0
FIRST  452006 221023 13 F 1  40  15  36 1 1 203  2  0  40  29  61  36   0   0
FIRST  452006 221024 13 F 7  35  22  59 1 1 225  2  0  40  31  66  36   2   6
FIRST  452006 221025 13 F 2  35  24  64 1 1 203  2  0  35  31  76  59   5   0
FIRST  452006 221026 13 F 1  35  23  63 1 1 270  2  0  35  31  70  63  10   0
FIRST  452006 221027 13 F 2  37  27  68 1 1 180  2  0  37  29  68  61   0   0
FIRST  452006 221028 13 F 2  37  28  72 1 1 180  2  0  37  32  72  62   0   0
LEECHE 452020 221022 13 F 1  37  14  40 1 1 338  2  0  40  29  79  40   5   0
LEECHE 452020 221023 13 F 1  41  17  39 1 1 135  2  0  41  29  67  39   0   0
LEECHE 452020 221024 13 F 2  34  24  67 1 1 180  5  0  41  31  73  39   0   6
LEECHE 452020 221025 13 F 2  35  27  75 1 1 180  5  0  35  30  82  66   4   0
LEECHE 452020 221026 13 F 1  37  28  71 1 1 270  2  0  37  30  82  71  10   0
LEECHE 452020 221027 13 F 2  36  27  70 1 1 180  2  0  37  29  72  69   0   0
LEECHE 452020 221028 13 F 2  37  30  77 1 1 158  2  0  37  32  77  70   0   0
DOUGLA 452035 221022 13 F 1  44  19  37 1 1  45  1  0  48  33  69  37   5   0
DOUGLA 452035 221023 13 F 1  49  21  34 1 1 158  1  0  49  35  57  34   0   0
DOUGLA 452035 221024 13 F 6  42  30  64 1 1 203  1  0  49  36  71  34   1   6
DOUGLA 452035 221025 13 F 2  43  31  64 1 1 180  1  0  43  36  72  59   4   0
DOUGLA 452035 221026 13 F 1  46  32  60 1 1 270  1  0  46  37  70  60   7   0
DOUGLA 452035 221027 13 F 2  46  33  61 1 1 180  1  0  46  35  64  60   0   0
DOUGLA 452035 221028 13 F 2  47  37  69 1 1 180  1  0  47  39  69  61   0   0
Count:    21  Zone Average:  40  25  59          2  0  41  32  71  52   3   1
Zone: 699
LOST L 452029 221022 13 F 1  39  17  42 1 1 338  0  0  41  27  89  42   5   0
LOST L 452029 221023 13 F 1  44  20  38 1 1 315  0  0  44  27  80  38   0   0
LOST L 452029 221024 13 F 2  38  28  68 1 1 180  0  0  44  32  82  36   1   6
LOST L 452029 221025 13 F 2  40  26  59 1 1 203  0  0  40  28  85  59   4   0
LOST L 452029 221026 13 F 2  41  29  64 1 1 270  0  0  41  30  91  59  10   0
LOST L 452029 221027 13 F 2  41  28  61 1 1 180  0  0  41  28  84  61   0   0
LOST L 452029 221028 13 F 2  42  30  64 1 1 180  0  0  42  32  85  61   0   0
PEONY_ 452038 221022 13 F 1  39  20  47 1 1 315  0  0  41  26 100  47   5   0
PEONY_ 452038 221023 13 F 1  44  20  39 1 1 315  0  0  44  24  95  39   0   0
PEONY_ 452038 221024 13 F 2  39  29  68 1 1 180  0  0  44  29  91  39   0   0
PEONY_ 452038 221025 13 F 2  41  28  60 1 1 203  0  0  42  26 100  60   0   0
PEONY_ 452038 221026 13 F 1  41  29  64 1 1 270  0  0  41  28 100  60  10   0
PEONY_ 452038 221027 13 F 2  43  30  62 1 1 180  0  0  43  24 100  62   0   0
PEONY_ 452038 221028 13 F 2  44  32  63 1 1 180  0  0  44  30  99  62   0   0
LANE C 452511 221022 13 F 1  38  21  50 1 1 360  0  0  42  30  87  50   5   0
LANE C 452511 221023 13 F 1  43  24  48 1 1 293  0  0  43  33  68  48   0   0
LANE C 452511 221024 13 F 6  35  32  89 1 1 180  0  0  44  33  89  46   1   6
LANE C 452511 221025 13 F 2  38  32  79 1 1 180  0  0  38  33  89  64   4   0
LANE C 452511 221026 13 F 2  39  33  80 1 1 248  0  0  39  34  80  67  10   0
LANE C 452511 221027 13 F 2  39  34  84 1 1 180  0  0  40  31  84  65   0   0
LANE C 452511 221028 13 F 2  41  34  78 1 1 180  0  0  41  36  84  67   0   0
IRON M 452512 221022 13 F 1  38  18  45 1 1 338  0  0  40  28  90  45   5   0
IRON M 452512 221023 13 F 1  44  22  42 1 1 315  0  0  44  30  74  42   0   0
IRON M 452512 221024 13 F 2  36  27  71 1 1 180  2  0  44  32  92  40   1   6
IRON M 452512 221025 13 F 2  38  27  66 1 1 180  0  0  38  31  77  66   4   0
IRON M 452512 221026 13 F 1  38  28  68 1 1 270  0  0  38  31  85  66  10   0
IRON M 452512 221027 13 F 2  38  29  70 1 1 180  0  0  39  30  82  68   0   0
IRON M 452512 221028 13 F 2  42  31  66 1 1 180  0  0  42  35  87  66   0   0
OWL MO 452513 221022 13 F 1  40  21  47 1 1 315  1  0  44  30  85  47   6   0
OWL MO 452513 221023 13 F 1  47  25  43 1 1 293  1  0  47  31  74  43   0   0
OWL MO 452513 221024 13 F 6  38  31  78 1 1 180  1  0  47  34  82  42   1   7
OWL MO 452513 221025 13 F 2  40  30  69 1 1 158  1  0  40  32  78  66   5   0
OWL MO 452513 221026 13 F 2  41  31  70 1 1 270  1  0  41  33  82  69  10   0
OWL MO 452513 221027 13 F 2  41  31  69 1 1 158  1  0  41  29  79  68   0   0
OWL MO 452513 221028 13 F 2  43  33  68 1 1 158  1  0  43  34  80  68   0   0
Count:    35  Zone Average:  40  28  62          0  0  42  30  86  55   3   1
Zone: 700
PAL MO 452915 221022 13 F 2  42  26  53 1 1 293  1  0  45  28 100  53  12   0
PAL MO 452915 221023 13 F 1  49  26  41 1 1 293  1  0  49  25 100  41   0   0
PAL MO 452915 221024 13 F 6  41  31  70 1 1 180  1  0  49  31 100  40   1   6
PAL MO 452915 221025 13 F 2  45  34  66 1 1 180  1  0  45  29 100  66   5   0
PAL MO 452915 221026 13 F 2  43  34  72 1 1 225  1  0  45  31 100  66  10   0
PAL MO 452915 221027 13 F 2  44  35  71 1 1 180  1  0  44  25 100  71   0   0
PAL MO 452915 221028 13 F 2  46  34  63 1 1 180  1  0  46  30 100  63   0   0
DEER M 453412 221022 13 F 2  39  26  61 1 1 338  3  0  44  30  93  61  12   0
DEER M 453412 221023 13 F 1  46  27  48 1 1 293  3  0  46  30  81  48   0   0
DEER M 453412 221024 13 F 6  38  35  89 1 1 180  3  0  46  33  92  47   1   7
DEER M 453412 221025 13 F 2  40  34  81 1 1 180  3  0  40  33  89  77   6   0
DEER M 453412 221026 13 F 2  40  35  83 1 1 225  3  0  41  34  90  75  10   0
DEER M 453412 221027 13 F 2  41  35  81 1 1 180  3  0  41  29  87  74   0   0
DEER M 453412 221028 13 F 2  44  37  77 1 1 180  3  0  44  35  85  76   0   0
TACOMA 453413 221022 13 F 2  40  27  60 1 1 315  1  0  45  29 100  60  12   0
TACOMA 453413 221023 13 F 1  48  28  47 1 1 293  1  0  48  27 100  47   0   0
TACOMA 453413 221024 13 F 6  41  35  81 1 1 180  3  0  48  30  98  46   1   6
TACOMA 453413 221025 13 F 2  43  35  76 1 1 180  1  0  43  30 100  76   5   0
TACOMA 453413 221026 13 F 2  43  37  81 1 1 225  1  0  43  31 100  76  10   0
TACOMA 453413 221027 13 F 2  42  36  82 1 1 180  1  0  43  25 100  81   0   0
TACOMA 453413 221028 13 F 2  46  38  75 1 1 180  1  0  46  32 100  75   0   0
LITTLE 453416 221022 13 F 1  46  27  49 1 1 315  0  0  49  29 100  49  12   0
LITTLE 453416 221023 13 F 1  51  27  40 1 1 293  0  0  51  24 100  40   0   0
LITTLE 453416 221024 13 F 6  45  35  68 1 1 180  0  0  52  33 100  40   1   6
LITTLE 453416 221025 13 F 2  48  35  62 1 1 180  0  0  48  28 100  62   5   0
LITTLE 453416 221026 13 F 2  47  36  67 1 1 225  0  0  48  30 100  62  10   0
LITTLE 453416 221027 13 F 2  47  36  66 1 1 180  0  0  47  27 100  66   0   0
LITTLE 453416 221028 13 F 2  50  36  59 1 1 180  0  0  50  30  99  59   0   0
Count:    28  Zone Average:  44  33  67          1  0  46  30  97  61   4   1
Zone: 701
KETTLE 452916 221022 13 F 1  49  28  45 1 1  23  2  0  52  31 100  45   6   0
KETTLE 452916 221023 13 F 1  53  30  42 1 1 293  2  0  53  28  99  42   0   0
KETTLE 452916 221024 13 F 6  47  38  71 1 1 180  2  0  54  34 100  40   0   6
KETTLE 452916 221025 13 F 2  49  37  65 1 1 180  2  0  49  30 100  65   4   0
KETTLE 452916 221026 13 F 2  48  38  70 1 1 203  2  0  50  30 100  65  10   0
KETTLE 452916 221027 13 F 2  48  37  67 1 1 180  2  0  51  28 100  67   0   0
KETTLE 452916 221028 13 F 2  52  40  65 1 1 180  2  0  52  33 100  65   0   0
WELLPI 452918 221022 13 F 1  46  25  45 1 1 293  1  0  47  32  99  45  12   0
WELLPI 452918 221023 13 F 1  50  26  39 1 1 270  3  0  50  32  85  39   0   0
WELLPI 452918 221024 13 F 2  46  36  69 1 1 203  8  0  51  36  92  36   0   6
WELLPI 452918 221025 13 F 2  48  33  57 1 1 203  3  0  48  33  92  57   4   0
WELLPI 452918 221026 13 F 2  47  34  62 1 1 248  1  0  49  34  99  55  10   0
WELLPI 452918 221027 13 F 2  48  34  59 1 1 203  6  0  49  32  91  57   0   0
WELLPI 452918 221028 13 F 2  51  34  54 1 1 180  3  0  51  35  83  54   0   0
BIG BL 452919 221022 13 F 1  38  22  53 1 1 315  9  0  39  32  96  53  12   0
BIG BL 452919 221023 13 F 1  43  22  44 1 1 293  9  0  43  34  67  44   0   0
BIG BL 452919 221024 13 F 2  38  34  87 1 1 203 12  0  43  36  87  43   0   6
BIG BL 452919 221025 13 F 2  40  30  69 1 1 203  9  0  45  37  87  64   4   0
BIG BL 452919 221026 13 F 2  37  31  80 1 1 248  9  0  43  37  80  66  10   0
BIG BL 452919 221027 13 F 2  39  31  74 1 1 203  9  0  39  36  80  65   0   0
BIG BL 452919 221028 13 F 2  41  29  62 1 1 180  9  0  43  39  74  62   0   0
Count:    21  Zone Average:  46  32  61          5  0  48  33  91  54   4   1
Zone: 702
NESPEL 452009 221022 13 F 1  50  23  35 1 1 338  8  0  52  32  86  35   5   0
NESPEL 452009 221023 13 F 1  53  26  35 1 1 270  5  0  53  31  73  34   0   0
NESPEL 452009 221024 13 F 2  48  36  65 1 1 180  8  0  55  36  79  32   0   0
NESPEL 452009 221025 13 F 2  50  34  56 1 1 180  2  0  50  34  82  56   0   0
NESPEL 452009 221026 13 F 1  49  34  56 1 1 270  1  0  50  34  86  56   0   0
NESPEL 452009 221027 13 F 2  49  33  54 1 1 180  7  0  52  31  81  53   0   0
NESPEL 452009 221028 13 F 2  52  35  54 1 1 180  4  0  52  37  78  52   0   0
GOLD M 452510 221022 13 F 1  35  20  55 1 1 315 10  0  38  31  99  55   5   0
GOLD M 452510 221023 13 F 1  40  21  48 1 1 270 10  0  40  33  63  48   0   0
GOLD M 452510 221024 13 F 3  34  34 100 1 1 180 13  0  40  33 100  47   0   6
GOLD M 452510 221025 13 F 2  35  30  83 1 1 203  8  0  39  33 100  66   4   0
GOLD M 452510 221026 13 F 2  35  32  90 1 1 248 10  0  39  34  90  66  10   0
GOLD M 452510 221027 13 F 2  36  33  89 1 1 180 10  0  38  34  90  64   0   0
GOLD M 452510 221028 13 F 2  39  31  75 1 1 180 10  0  41  36  89  65   0   0
Count:    14  Zone Average:  43  30  64          8  0  46  34  86  52   2   1
Zone: 703
AENEAS 452001 221022 13 F 1  31  17  56 1 1 360 11  0  34  29 100  56   5   0
AENEAS 452001 221023 13 F 1  36  20  53 1 1  23  6  0  36  28  64  53   0   0
AENEAS 452001 221024 13 F 2  31  28  89 1 1 180 11  0  37  29  89  53   0   3
AENEAS 452001 221025 13 F 2  32  26  79 1 1 180  7  0  35  31  92  60   3   0
AENEAS 452001 221026 13 F 1  32  27  84 1 1 225  4  0  36  30  84  67   6   0
AENEAS 452001 221027 13 F 2  32  28  88 1 1 180  8  0  34  30  88  66   0   0
AENEAS 452001 221028 13 F 2  33  30  90 1 1 180  3  0  38  32  90  68   0   0
OROVIL 452039 221022 13 F 1  48  24  40 1 1 360  8  0  50  34  77  40   5   0
OROVIL 452039 221023 13 F 1  52  28  40 1 1 338  5  0  52  36  66  39   0   0
OROVIL 452039 221024 13 F 2  47  34  62 1 1 180  2  0  54  36  73  39   0   0
OROVIL 452039 221025 13 F 2  49  34  58 1 1 158  2  0  49  36  75  58   0   0
OROVIL 452039 221026 13 F 1  49  35  59 1 1 225  2  0  49  37  82  58   6   0
OROVIL 452039 221027 13 F 2  48  33  58 1 1 158  5  0  50  35  75  58   0   0
OROVIL 452039 221028 13 F 2  51  38  62 1 1 180  2  0  51  39  73  58   0   0
KRAMER 452040 221022 13 F 1  45  20  37 1 1 360  7  0  48  32  84  36   5   0
KRAMER 452040 221023 13 F 1  49  21  34 1 1 315  8  0  49  32  67  34   0   0
KRAMER 452040 221024 13 F 2  43  32  66 1 1 180  2  0  50  35  73  31   0   0
KRAMER 452040 221025 13 F 2  45  30  56 1 1 180  7  0  45  35  75  55   0   0
KRAMER 452040 221026 13 F 1  45  30  57 1 1 270  0  0  45  36  82  55   6   0
KRAMER 452040 221027 13 F 2  45  29  54 1 1 180  6  0  46  32  72  54   0   0
KRAMER 452040 221028 13 F 2  47  32  57 1 1 180  0  0  47  39  74  54   0   0
Count:    21  Zone Average:  42  28  61          5  0  45  34  79  52   2   0
Zone: 704
NCSB   452030 221022 13 F 1  50  20  31 1 1 315  6  0  54  28 100  31   5   0
NCSB   452030 221023 13 F 1  54  23  30 1 1 180  4  0  54  23  97  30   0   0
NCSB   452030 221024 13 F 2  49  35  59 1 1 203  6  0  56  31 100  27   1   6
NCSB   452030 221025 13 F 2  49  34  56 1 1 180  6  0  49  24 100  56   5   0
NCSB   452030 221026 13 F 1  50  33  52 1 1 270  6  0  50  27 100  52   7   0
NCSB   452030 221027 13 F 2  50  34  55 1 1 180  6  0  51  24 100  52   0   0
NCSB   452030 221028 13 F 2  50  36  60 1 1 158  6  0  51  30 100  55   0   0
Count:     7  Zone Average:  50  31  49          6  0  52  27 100  43   3   1
Zone: 705
ENTIAT 452138 221022 13 F 1  51  28  42 1 1 270 17  0  56  37  72  42   0   0
ENTIAT 452138 221023 13 F 1  55  28  36 1 1 225 17  0  55  36  65  36   0   0
ENTIAT 452138 221024 13 F 2  51  40  66 1 1 225 17  0  56  40  76  34   0   6
ENTIAT 452138 221025 13 F 2  51  38  63 1 1 225 17  0  52  40  73  60   3   0
ENTIAT 452138 221026 13 F 1  52  36  55 1 1 270 17  0  52  40  77  55   7   0
ENTIAT 452138 221027 13 F 2  53  38  57 1 1 203 17  0  53  39  76  55   0   0
ENTIAT 452138 221028 13 F 2  54  40  61 1 1 180 17  0  54  43  76  57   0   0
Count:     7  Zone Average:  53  36  54         17  0  54  39  74  49   2   1
Zone: 706
DOUGLA 452601 221022 13 F 1  46  22  39 1 1 293 22  0  50  32  86  39   0   0
DOUGLA 452601 221023 13 F 1  50  22  34 1 1 270 22  0  50  29  76  34   0   0
DOUGLA 452601 221024 13 F 2  47  35  63 1 1 203 22  0  51  35  78  32   0   0
DOUGLA 452601 221025 13 F 2  46  31  56 1 1 203 22  0  47  34  81  56   0   0
DOUGLA 452601 221026 13 F 1  47  31  54 1 1 270 22  0  47  34  88  54   7   0
DOUGLA 452601 221027 13 F 1  47  30  53 1 1 203 22  0  48  30  85  53   0   0
DOUGLA 452601 221028 13 F 2  49  33  55 1 1 180 22  0  49  34  84  53   0   0
Count:     7  Zone Average:  48  29  51         22  0  49  33  83  46   1   0
Zone: 707
COLUMB 453102 221022 13 F 2  54  38  56 1 1 270  4  0  54  37 100  56  11   0
COLUMB 453102 221023 13 F 0  54  36  51 1 1 270  5  0  54  31  96  51   0   0
COLUMB 453102 221024 13 F 2  52  46  81 1 1 180 15  0  56  40 100  48   0   0
COLUMB 453102 221025 13 F 2  52  43  72 1 1 203  5  0  52  39  98  72   0   0
COLUMB 453102 221026 13 F 1  52  43  72 1 1 270  4  0  53  38 100  72   0   0
COLUMB 453102 221027 13 F 1  51  41  71 1 1 203 10  0  55  35 100  71   0   0
COLUMB 453102 221028 13 F 2  54  44  69 1 1 180  7  0  54  39  98  69   0   0
Count:     7  Zone Average:  53  42  68          7  0  54  37  99  63   2   0
Zone: 708
SPRING 453002 221022 13 F 1  50  26  39 1 1 315  8  0  51  35  86  39   5   0
SPRING 453002 221023 13 F 1  53  28  38 1 1 270  5  0  53  34  76  35   0   0
SPRING 453002 221024 13 F 2  48  37  66 1 1 180  8  0  55  37  83  34   0   0
SPRING 453002 221025 13 F 2  49  35  59 1 1 203  3  0  49  37  85  59   0   0
SPRING 453002 221026 13 F 1  49  36  61 1 1 270  6  0  50  37  91  56   0   0
SPRING 453002 221027 13 F 2  49  34  57 1 1 180  7  0  51  34  85  54   0   0
SPRING 453002 221028 13 F 2  52  36  55 1 1 180  3  0  52  40  81  52   0   0
SPOKAN 453505 221022 13 F 2  47  32  56 1 1  23  0  0  58  42  79  42  10   0
SPOKAN 453505 221023 13 F 2  47  31  54 1 1  23  0  0  47  36  83  52   0   0
SPOKAN 453505 221024 13 F 2  46  32  58 1 1  23  0  0  48  40  85  50   0   0
TURNBU 453506 221022 13 F 2  45  28  53 1 1 270  7  0  47  35 100  53  15   0
TURNBU 453506 221023 13 F 1  49  29  47 1 1 293  2  0  49  31 100  47   0   0
TURNBU 453506 221024 13 F 2  45  35  69 1 1 203 20  0  50  36  92  42   0   3
TURNBU 453506 221025 13 F 2  49  36  62 1 1 225  6  0  49  37  97  62   5   0
TURNBU 453506 221026 13 F 2  47  37  68 1 1 248  6  0  49  36 100  62  10   0
TURNBU 453506 221027 13 F 2  48  35  62 1 1 203 11  0  49  34 100  61   0   0
TURNBU 453506 221028 13 F 2  52  36  55 1 1 180  9  0  52  35  89  54   0   0
ESCURE 453601 221022 13 F 2  49  29  47 1 1 270 12  0  51  36 100  47  15   0
ESCURE 453601 221023 13 F 1  51  32  49 1 1 248  9  0  51  31 100  42   0   0
ESCURE 453601 221024 13 F 2  50  35  58 1 1 203 28  0  52  36  93  43   0   3
ESCURE 453601 221025 13 F 2  53  38  57 1 1 203 12  0  53  37  96  57   4   0
ESCURE 453601 221026 13 F 2  49  35  59 1 1 248 13  0  54  36 100  56  10   0
ESCURE 453601 221027 13 F 2  53  35  52 1 1 203 15  0  53  34  99  52   0   0
ESCURE 453601 221028 13 F 2  54  35  49 1 1 180 13  0  54  35  89  49   0   0
Count:    24  Zone Average:  49  34  56          9  0  51  36  91  50   3   0
 
 
 
End of WIMS Bulletin @ 21-OCT-22 22:45:54 GMT

