SHUS65 KMWI 212245
FWOLKN
Weather Information Management System (WIMS)
USDA National Information Technology Center (KMWI)
21-OCT-22 22:45:52 GMT
 
Listing of Forecasted Observations (Elko, NV)
 
ST NME STAT'N   DATE HR T W DBT DPT  RH Y M DIR WS 10 TMX TMN HMX HMN PD1 PD2
------ ------ ------ -- - - --- --- --- - - --- -- -- --- --- --- ---  --  --
NWS Office:  LKN/Zone: 454
RED BU 260504 221022 13 F 8  48  27  45 1 1   0 11  0  73  46  65  12   1   1
RED BU 260504 221023 13 F 1  42  18  38 1 1   0 10  0  49  25  83  36   1   0
RED BU 260504 221024 13 F 0  49  20  32 1 1   0  6  0  50  20  83  31   0   0
RED BU 260504 221025 13 F 1  55  24  30 1 1   0  7  0  56  27  72  28   0   0
RED BU 260504 221026 13 F 2  53  28  38 1 1   0 11  0  58  35  61  27   0   0
RED BU 260504 221027 13 F 1  50  22  34 1 1   0  8  0  54  28  87  33   0   0
BEACON 260505 221022 13 F 8  49  25  39 1 1   0 13  0  75  48  61  10   1   1
BEACON 260505 221023 13 F 1  46  21  37 1 1   0 11  0  49  31  66  34   1   0
BEACON 260505 221024 13 F 1  52  20  29 1 1   0  7  0  52  26  62  28   0   0
BEACON 260505 221025 13 F 1  57  25  29 1 1   0  7  0  57  33  54  25   0   0
BEACON 260505 221026 13 F 2  55  27  35 1 1   0 12  0  60  40  47  26   0   0
BEACON 260505 221027 13 F 1  52  23  32 1 1   0  9  0  55  34  60  30   0   0
COILS  260603 221022 13 F 8  41  29  62 1 1   0 13  0  67  40  70  12   1   1
COILS  260603 221023 13 F 1  34  16  48 1 1   0 13  0  41  23  72  40   1   0
COILS  260603 221024 13 F 1  42  17  36 1 1   0  8  0  43  23  69  35   0   0
COILS  260603 221025 13 F 1  49  21  33 1 1   0  9  0  49  29  56  32   0   0
COILS  260603 221026 13 F 2  48  23  38 1 1   0 14  0  51  34  57  31   0   0
COILS  260603 221027 13 F 1  43  20  40 1 1   0 10  0  48  30  68  37   0   0
Count:    18  Zone Average:  48  23  38         10  0  55  32  66  28   0   0
Zone: 455
ALLIGA 260804 221022 13 F 8  46  27  49 1 1   0 13  0  69  44  51  11   1   1
ALLIGA 260804 221023 13 F 2  36  17  46 1 1   0 15  0  48  25  79  45   1   0
ALLIGA 260804 221024 13 F 1  43  17  35 1 1   0  8  0  44  22  82  34   0   0
ALLIGA 260804 221025 13 F 1  51  21  31 1 1   0  8  0  52  29  60  30   0   0
ALLIGA 260804 221026 13 F 2  51  19  29 1 1   0 14  0  53  34  62  28   0   0
ALLIGA 260804 221027 13 F 1  44  20  38 1 1   0 11  0  52  30  75  27   0   0
CEDAR  260805 221022 13 F 8  49  28  45 1 1   0 14  0  66  45  45  11   0   1
CEDAR  260805 221023 13 F 2  35  17  49 1 1   0 13  0  49  29  87  44   1   0
CEDAR  260805 221024 13 F 0  41  17  39 1 1   0  8  0  41  24  75  36   0   0
CEDAR  260805 221025 13 F 1  47  24  41 1 1   0  7  0  47  29  55  37   0   0
CEDAR  260805 221026 13 F 2  49  21  33 1 1   0 13  0  49  34  61  32   0   0
CEDAR  260805 221027 13 F 1  40  21  48 1 1   0 11  0  49  32  63  32   0   0
CATTLE 260807 221022 13 F 3  50  29  45 1 1   0 15  0  65  38  54  13   0   1
CATTLE 260807 221023 13 F 1  36  15  42 1 1   0 14  0  50  20  88  42   1   0
CATTLE 260807 221024 13 F 0  43  15  32 1 1   0 10  0  43  18  84  32   0   0
CATTLE 260807 221025 13 F 1  51  22  32 1 1   0  7  0  51  23  64  29   0   0
CATTLE 260807 221026 13 F 1  51  18  27 1 1   0 12  0  52  28  65  25   0   0
CATTLE 260807 221027 13 F 1  42  23  47 1 1   0 11  0  51  25  81  26   0   0
MATHER 260809 221022 13 F 3  44  24  45 1 1   0 17  0  59  44  45  15   0   1
MATHER 260809 221023 13 F 2  29   9  44 1 1   0 11  0  44  28  84  42   1   0
MATHER 260809 221024 13 F 0  35  14  42 1 1   0  6  0  35  21  58  41   0   0
MATHER 260809 221025 13 F 1  44  20  39 1 1   0  6  0  44  26  48  38   0   0
MATHER 260809 221026 13 F 1  44  16  33 1 1   0 11  0  45  32  51  32   0   0
MATHER 260809 221027 13 F 1  34  19  56 1 1   0  8  0  44  33  57  33   0   0
Count:    24  Zone Average:  43  20  40         11  0  50  30  66  31   0   0
Zone: 457
AUSTIN 260501 221022 13 F 8  43  34  72 1 1   0 13  0  69  43  72  13   1   1
AUSTIN 260501 221023 13 F 1  36  19  51 1 1   0 12  0  43  25  78  51   1   0
AUSTIN 260501 221024 13 F 0  46  19  34 1 1   0  7  0  46  23  64  34   0   0
AUSTIN 260501 221025 13 F 1  52  23  33 1 1   0  7  0  52  31  56  32   0   0
AUSTIN 260501 221026 13 F 1  50  26  39 1 1   0 13  0  54  37  55  32   0   0
AUSTIN 260501 221027 13 F 1  46  23  40 1 1   0  9  0  50  29  71  39   0   0
DESATO 260503 221022 13 F 8  48  28  47 1 1   0 12  0  70  43  52  12   0   1
DESATO 260503 221023 13 F 1  40  17  40 1 1   0 11  0  48  21  97  39   1   0
DESATO 260503 221024 13 F 0  50  16  26 1 1   0  6  0  50  18  82  25   0   0
DESATO 260503 221025 13 F 1  55  21  27 1 1   0  9  0  55  26  67  22   0   0
DESATO 260503 221026 13 F 2  52  23  33 1 1   0 12  0  57  34  54  25   0   0
DESATO 260503 221027 13 F 1  48  18  31 1 1   0  8  0  52  25  92  31   0   0
COMBS  260601 221022 13 F 8  48  27  44 1 1   0 15  0  69  45  46  10   0   1
COMBS  260601 221023 13 F 1  36  14  41 1 1   0 15  0  49  25  71  39   1   0
COMBS  260601 221024 13 F 1  45  15  30 1 1   0  9  0  46  23  68  30   0   0
COMBS  260601 221025 13 F 1  53  19  27 1 1   0  8  0  54  29  51  26   0   0
COMBS  260601 221026 13 F 1  52  19  27 1 1   0 13  0  55  35  52  25   0   0
COMBS  260601 221027 13 F 1  45  18  34 1 1   0 11  0  53  32  63  26   0   0
QUIMA  260810 221022 13 F 2  46  26  46 1 1   0 17  0  62  44  47  13   0   1
QUIMA  260810 221023 13 F 1  35   9  34 1 1   0 14  0  46  26  66  33   1   0
QUIMA  260810 221024 13 F 0  43   7  23 1 1   0  9  0  44  22  56  22   0   0
QUIMA  260810 221025 13 F 1  48  13  25 1 1   0  9  0  49  31  40  20   0   0
QUIMA  260810 221026 13 F 1  48  13  25 1 1   0 13  0  50  37  41  23   0   0
QUIMA  260810 221027 13 F 1  42  14  32 1 1   0  9  0  49  32  55  23   0   0
PANCAK 261404 221022 13 F 2  64  27  25 1 1   0 14  0  76  39  59  10   0   0
PANCAK 261404 221023 13 F 1  50  12  22 1 1   0 11  0  64  28  72  22   1   0
PANCAK 261404 221024 13 F 0  54  13  20 1 1   0  6  0  54  23  75  20   0   0
PANCAK 261404 221025 13 F 1  61  15  17 1 1   0  5  0  61  28  57  16   0   0
PANCAK 261404 221026 13 F 1  62  15  16 1 1   0 11  0  65  32  59  15   0   0
PANCAK 261404 221027 13 F 0  54  18  24 1 1   0  9  0  63  30  59  15   0   0
CURRAN 261406 221022 13 F 3  56  28  35 1 1   0 14  0  72  49  40  11   0   1
CURRAN 261406 221023 13 F 1  44  16  32 1 1   0 15  0  57  32  62  30   1   0
CURRAN 261406 221024 13 F 0  50  16  26 1 1   0  8  0  51  29  56  25   0   0
CURRAN 261406 221025 13 F 1  56  20  25 1 1   0  7  0  57  36  42  22   0   0
CURRAN 261406 221026 13 F 1  57  17  21 1 1   0 11  0  58  40  45  20   0   0
CURRAN 261406 221027 13 F 1  50  22  34 1 1   0 10  0  59  38  46  19   0   0
Count:    36  Zone Average:  49  19  32         11  0  56  32  60  24   0   0
Zone: 467
DRY CA 260203 221022 13 F 2  44  15  31 1 1   0 19  0  71  39  74  17   1   1
DRY CA 260203 221023 13 F 1  40  15  36 1 1   0 14  0  46  26  71  27   0   0
DRY CA 260203 221024 13 F 1  50  18  28 1 1   0 10  0  52  27  62  27   0   0
DRY CA 260203 221025 13 F 1  51  24  35 1 1   0 11  0  55  33  74  27   0   0
DRY CA 260203 221026 13 F 2  46  21  38 1 1   0 14  0  55  38  71  32   0   0
DRY CA 260203 221027 13 F 1  45  23  43 1 1   0  9  0  49  28  73  37   0   0
TEXAS  260206 221022 13 F 2  40  19  43 1 1   0 19  0  66  38  67  20   1   1
TEXAS  260206 221023 13 F 1  37  18  47 1 1   0 14  0  42  31  59  36   0   0
TEXAS  260206 221024 13 F 1  45  20  38 1 1   0 10  0  46  31  57  37   0   0
TEXAS  260206 221025 13 F 1  46  22  39 1 1   0 11  0  48  36  61  36   0   0
TEXAS  260206 221026 13 F 2  44  26  49 1 1   0 14  0  49  40  58  36   0   0
TEXAS  260206 221027 13 F 1  43  26  51 1 1   0 10  0  45  35  62  47   0   0
DOUBLE 260207 221022 13 F 2  39  15  38 1 1   0 19  0  63  39  64  17   1   1
DOUBLE 260207 221023 13 F 1  37  16  43 1 1   0 13  0  39  32  59  35   0   0
DOUBLE 260207 221024 13 F 1  43  17  35 1 1   0 10  0  43  31  60  35   0   0
DOUBLE 260207 221025 13 F 1  45  19  36 1 1   0 10  0  45  36  53  33   0   0
DOUBLE 260207 221026 13 F 2  43  23  46 1 1   0 15  0  47  41  57  36   0   0
DOUBLE 260207 221027 13 F 1  40  20  45 1 1   0  9  0  43  35  60  45   0   0
Count:    18  Zone Average:  43  20  40         13  0  50  34  64  32   0   0
Zone: 468
MOREY_ 260204 221022 13 F 2  45  23  43 1 1   0 17  0  70  44  66  12   1   1
MOREY_ 260204 221023 13 F 1  39  17  41 1 1   0 11  0  45  31  67  37   1   0
MOREY_ 260204 221024 13 F 1  47  18  32 1 1   0  6  0  47  29  67  31   0   0
MOREY_ 260204 221025 13 F 1  51  24  35 1 1   0  6  0  51  35  56  28   0   0
MOREY_ 260204 221026 13 F 2  49  28  44 1 1   0 11  0  53  39  58  33   0   0
MOREY_ 260204 221027 13 F 1  46  24  42 1 1   0  8  0  49  34  71  41   0   0
LONG H 260305 221022 13 F 8  40  23  52 1 1   0 14  0  69  38  72  13   1   1
LONG H 260305 221023 13 F 2  36  20  53 1 1   0 16  0  42  28  75  49   1   0
LONG H 260305 221024 13 F 1  43  22  43 1 1   0 10  0  44  23  70  42   0   0
LONG H 260305 221025 13 F 1  46  23  41 1 1   0 11  0  47  33  66  40   0   0
LONG H 260305 221026 13 F 2  44  26  50 1 1   0 13  0  49  37  57  39   1   1
LONG H 260305 221027 13 F 1  42  24  49 1 1   0 11  0  46  32  70  47   1   0
ANTELO 260310 221022 13 F 2  44  22  43 1 1   0 17  0  69  42  77  14   1   1
ANTELO 260310 221023 13 F 2  41  21  45 1 1   0 16  0  44  26  85  39   1   0
ANTELO 260310 221024 13 F 1  48  21  35 1 1   0 12  0  48  23  84  34   0   0
ANTELO 260310 221025 13 F 1  51  25  36 1 1   0 11  0  51  30  78  32   0   0
ANTELO 260310 221026 13 F 2  47  27  47 1 1   0 13  0  53  36  70  34   1   1
ANTELO 260310 221027 13 F 1  46  24  43 1 1   0 11  0  47  29  89  43   1   0
Count:    18  Zone Average:  45  23  43         12  0  51  33  71  34   1   0
Zone: 469
POLE C 260302 221022 13 F 8  29  22  77 1 1   0 16  0  54  29  87  20   1   1
POLE C 260302 221023 13 F 2  24  20  86 1 1   0 17  0  29  21  89  70   1   1
POLE C 260302 221024 13 F 1  31  22  70 1 1   0 10  0  31  19  86  69   0   0
POLE C 260302 221025 13 F 1  33  24  72 1 1   0 10  0  33  23  74  64   0   0
POLE C 260302 221026 13 F 2  31  25  80 1 1   0 15  0  34  30  80  61   1   1
POLE C 260302 221027 13 F 1  28  20  73 1 1   0 12  0  31  25  80  71   1   0
CRANE  260314 221022 13 F 8  42  27  55 1 1   0 12  0  68  42  74  12   1   1
CRANE  260314 221023 13 F 2  35  18  51 1 1   0 13  0  42  30  72  46   1   0
CRANE  260314 221024 13 F 1  43  20  40 1 1   0  7  0  43  26  71  40   0   0
CRANE  260314 221025 13 F 1  49  23  36 1 1   0  8  0  49  32  53  36   0   0
CRANE  260314 221026 13 F 2  47  25  43 1 1   0 13  0  51  37  53  35   0   0
CRANE  260314 221027 13 F 1  44  21  41 1 1   0 11  0  47  32  71  41   0   0
STAG M 260315 221022 13 F 8  39  23  53 1 1   0 15  0  65  38  74  13   1   1
STAG M 260315 221023 13 F 2  33  18  54 1 1   0 17  0  40  23  79  49   1   0
STAG M 260315 221024 13 F 1  42  18  39 1 1   0 11  0  42  21  78  37   0   0
STAG M 260315 221025 13 F 1  44  21  40 1 1   0 11  0  44  29  76  34   0   0
STAG M 260315 221026 13 F 2  42  26  54 1 1   0 14  0  46  33  64  38   1   1
STAG M 260315 221027 13 F 1  39  22  51 1 1   0 11  0  42  27  78  49   1   0
Count:    18  Zone Average:  38  22  56         12  0  44  29  74  44   1   0
Zone: 470
SPRUCE 260306 221022 13 F 8  42  23  47 1 1   0 12  0  67  42  55  12   1   1
SPRUCE 260306 221023 13 F 2  36  15  43 1 1   0 14  0  42  26  76  43   1   0
SPRUCE 260306 221024 13 F 1  43  16  34 1 1   0 10  0  43  22  75  34   0   0
SPRUCE 260306 221025 13 F 1  49  21  33 1 1   0  8  0  49  29  59  32   0   0
SPRUCE 260306 221026 13 F 2  48  22  36 1 1   0 13  0  50  33  58  31   0   0
SPRUCE 260306 221027 13 F 1  42  20  41 1 1   0 11  0  48  30  69  36   0   0
SPRING 260308 221022 13 F 8  48  31  53 1 1   0 11  0  71  48  53  12   1   1
SPRING 260308 221023 13 F 2  41  20  44 1 1   0 14  0  48  34  63  44   1   0
SPRING 260308 221024 13 F 1  46  21  38 1 1   0  8  0  46  32  60  38   0   0
SPRING 260308 221025 13 F 1  49  24  38 1 1   0  7  0  49  36  47  34   0   0
SPRING 260308 221026 13 F 2  51  26  38 1 1   0 11  0  51  39  52  37   0   0
SPRING 260308 221027 13 F 1  45  24  45 1 1   0 11  0  51  37  55  38   0   0
ROCK S 260309 221022 13 F 8  44  26  49 1 1   0 12  0  70  42  70  12   1   1
ROCK S 260309 221023 13 F 2  38  21  51 1 1   0 17  0  44  24  89  47   1   0
ROCK S 260309 221024 13 F 1  45  19  36 1 1   0 11  0  45  21  90  36   0   0
ROCK S 260309 221025 13 F 1  49  24  38 1 1   0 11  0  49  28  86  33   0   0
ROCK S 260309 221026 13 F 2  47  29  50 1 1   0 13  0  50  30  72  36   0   0
ROCK S 260309 221027 13 F 1  45  23  43 1 1   0 12  0  47  27  86  43   0   0
RUBY L 260312 221022 13 F 8  44  30  59 1 1   0 13  0  70  43  67  12   1   1
RUBY L 260312 221023 13 F 2  38  23  55 1 1   0 14  0  44  23 100  50   1   0
RUBY L 260312 221024 13 F 1  45  24  44 1 1   0  9  0  45  19 100  42   0   0
RUBY L 260312 221025 13 F 1  51  26  39 1 1   0  9  0  51  25  93  38   0   0
RUBY L 260312 221026 13 F 2  50  27  41 1 1   0 13  0  52  30  83  37   0   0
RUBY L 260312 221027 13 F 1  45  24  45 1 1   0 11  0  50  26 100  40   0   0
RUBY V 260317 221022 13 F 8  40  26  57 1 1   0 12  0  68  37  81  11   1   1
RUBY V 260317 221023 13 F 2  35  18  50 1 1   0 13  0  42  24  76  45   1   0
RUBY V 260317 221024 13 F 1  41  20  44 1 1   0  9  0  43  20  72  41   0   0
RUBY V 260317 221025 13 F 1  45  23  43 1 1   0  8  0  47  28  65  37   0   0
RUBY V 260317 221026 13 F 2  45  27  50 1 1   0 12  0  49  33  60  36   0   0
RUBY V 260317 221027 13 F 1  40  21  48 1 1   0 11  0  46  28  77  43   0   0
Count:    30  Zone Average:  44  23  45         11  0  51  31  73  34   0   0
 
 
 
End of WIMS Bulletin @ 21-OCT-22 22:45:52 GMT

