NOAA 15                 
1 25338U 98030A   22294.77460921  .00000127  00000+0  71254-4 0  9998
2 25338  98.6345 322.6031 0009321 291.4219  68.5966 14.26185288271272
DMSP 5D-3 F15 (USA 147) 
1 25991U 99067A   22294.50302662  .00000139  00000+0  92986-4 0  9990
2 25991  99.0629 288.2928 0009891 186.1897 333.3188 14.16585763181611
DMSP 5D-3 F16 (USA 172) 
1 28054U 03048A   22294.80367222  .00000126  00000+0  90936-4 0  9992
2 28054  98.9996 286.3274 0006843 327.7934 160.8959 14.13696903980871
NOAA 18                 
1 28654U 05018A   22294.76595785  .00000181  00000+0  12174-3 0  9997
2 28654  98.9378   5.0335 0013713 338.2396  21.8192 14.12793681897904
METEOSAT-9 (MSG-2)      
1 28912U 05049B   22294.50232444  .00000139  00000+0  00000+0 0  9994
2 28912   6.2995  65.4395 0001781 190.4623   0.5465  1.00270688 61693
EWS-G1 (GOES 13)        
1 29155U 06018A   22294.43369771  .00000044  00000+0  00000+0 0  9992
2 29155   0.8934  94.8114 0006608 128.3765  24.2651  1.00270753 29991
DMSP 5D-3 F17 (USA 191) 
1 29522U 06050A   22294.80049408  .00000125  00000+0  88578-4 0  9990
2 29522  98.7653 307.4795 0008813 260.6247  99.3930 14.14126808823766
FENGYUN 3A              
1 32958U 08026A   22294.84905357  .00000112  00000+0  74102-4 0  9994
2 32958  98.5199 252.4071 0009261  24.6829 335.4789 14.18751907746256
FENGYUN 2E              
1 33463U 08066A   22294.43866813 -.00000192  00000+0  00000+0 0  9998
2 33463   6.1821  64.5245 0000573  48.9064 160.9176  1.00269692 50708
NOAA 19                 
1 33591U 09005A   22294.78164195  .00000149  00000+0  10564-3 0  9997
2 33591  99.1359 331.5037 0013791 189.5545 170.5366 14.12625572706285
GOES 14                 
1 35491U 09033A   22294.54998766 -.00000088  00000+0  00000+0 0  9995
2 35491   0.3092 266.2896 0018224 311.4445 265.9682  1.00273287 48725
METEOR-M 1              
1 35865U 09049A   22294.66716395  .00000093  00000+0  60828-4 0  9990
2 35865  98.5455 261.1600 0001705 190.3014 169.8130 14.22368924679621
DMSP 5D-3 F18 (USA 210) 
1 35951U 09057A   22294.82467348  .00000185  00000+0  12075-3 0  9996
2 35951  98.7380 271.1838 0012260  86.6525 273.6050 14.13574017670967
GOES 15                 
1 36411U 10008A   22294.32427125  .00000061  00000+0  00000+0 0  9994
2 36411   0.2695 278.7747 0003934 263.2006 196.1317  1.00270766 46286
COMS 1                  
1 36744U 10032A   22294.50990531 -.00000337  00000+0  00000+0 0  9993
2 36744   1.3972  91.8554 0000974 138.6813 111.1451  1.00270853 37707
FENGYUN 3B              
1 37214U 10059A   22294.77729167  .00000018  00000+0  33418-4 0  9998
2 37214  99.0950 303.0079 0022134   1.7457 358.3791 14.14269977618819
SUOMI NPP               
1 37849U 11061A   22294.78477606  .00000067  00000+0  52722-4 0  9998
2 37849  98.7416 231.6251 0000987  82.3057 307.3717 14.19553411569100
FENGYUN 2F              
1 38049U 12002A   22294.79803572 -.00000346  00000+0  00000+0 0  9991
2 38049   4.0957  78.6477 0000671 328.2478  22.6417  1.00265018 39500
METEOSAT-10 (MSG-3)     
1 38552U 12035B   22294.27978900  .00000068  00000+0  00000+0 0  9997
2 38552   1.7209  47.5423 0001234 159.8286 292.3314  1.00275672 37473
METOP-B                 
1 38771U 12049A   22294.77887278  .00000083  00000+0  57991-4 0  9990
2 38771  98.7151 352.7093 0001438  69.4871  75.7247 14.21484689523671
FENGYUN 3C              
1 39260U 13052A   22294.83037673  .00000087  00000+0  64879-4 0  9999
2 39260  98.4469 316.5025 0009912 270.9478  89.0554 14.15951956469806
METEOR-M 2              
1 40069U 14037A   22294.45812586  .00000011  00000+0  24328-4 0  9996
2 40069  98.4301 306.5030 0005027 326.9764  33.1102 14.20722686429759
HIMAWARI-8              
1 40267U 14060A   22294.30603632 -.00000270  00000+0  00000+0 0  9990
2 40267   0.0271 151.3815 0001226  79.8882  49.3026  1.00273650 29377
FENGYUN 2G              
1 40367U 14090A   22294.51305007 -.00000292  00000+0  00000+0 0  9996
2 40367   2.2472  88.1366 0002964 202.2154  23.7804  1.00264488 28612
METEOSAT-11 (MSG-4)     
1 40732U 15034A   22294.32549331  .00000005  00000+0  00000+0 0  9991
2 40732   0.5647  74.5691 0000445  87.3352 345.1538  1.00279699 26643
ELEKTRO-L 2             
1 41105U 15074A   22294.52984604 -.00000106  00000+0  00000+0 0  9991
2 41105   3.3002  86.6170 0002930 128.5651 351.1118  1.00272525 25136
HIMAWARI-9              
1 41836U 16064A   22294.52625630 -.00000270  00000+0  00000+0 0  9995
2 41836   0.0189 120.4336 0000649 111.4958 128.2329  1.00268695 21804
GOES 16                 
1 41866U 16071A   22294.39692476 -.00000243  00000+0  00000+0 0  9993
2 41866   0.0566 281.5240 0000828 338.3799 197.6446  1.00271177 21732
FENGYUN 4A              
1 41882U 16077A   22294.61230882 -.00000325  00000+0  00000+0 0  9992
2 41882   0.1676 286.8059 0004358 114.9960 313.3194  1.00276406 21590
CYGFM05                 
1 41884U 16078A   22294.83086220  .00003056  00000+0  15207-3 0  9996
2 41884  34.9549 134.3843 0013826 146.3758 213.7833 15.17077197324080
CYGFM04                 
1 41885U 16078B   22294.24591214  .00003860  00000+0  18872-3 0  9990
2 41885  34.9479 126.5501 0012436 160.1494 199.9703 15.17619003323947
CYGFM02                 
1 41886U 16078C   22294.23355704  .00003506  00000+0  17134-3 0  9999
2 41886  34.9570 128.8770 0013010 153.4660 206.6720 15.17658205324024
CYGFM01                 
1 41887U 16078D   22294.25668950  .00003216  00000+0  16086-3 0  9995
2 41887  34.9516 140.5596 0014158 140.2260 219.9492 15.16874475323846
CYGFM08                 
1 41888U 16078E   22294.26768780  .00003792  00000+0  18673-3 0  9992
2 41888  34.9485 132.5426 0013516 153.5431 206.5973 15.17360478323984
CYGFM06                 
1 41889U 16078F   22293.94946093  .00003855  00000+0  18822-3 0  9998
2 41889  34.9567 129.3072 0011997 150.9064 209.2319 15.17673706323920
CYGFM07                 
1 41890U 16078G   22293.93942745  .00003996  00000+0  19544-3 0  9997
2 41890  34.9505 128.2290 0011897 155.6291 204.4985 15.17604144323901
CYGFM03                 
1 41891U 16078H   22294.79328593  .00003280  00000+0  16069-3 0  9997
2 41891  34.9536 123.4036 0011490 161.5558 198.5573 15.17612183324170
FENGYUN 3D              
1 43010U 17072A   22294.83080406  .00000107  00000+0  72261-4 0  9992
2 43010  98.8274 238.8647 0000838 253.5930 106.5156 14.19233252255695
NOAA 20                 
1 43013U 17073A   22294.81350270  .00000042  00000+0  40863-4 0  9994
2 43013  98.7255 231.4303 0001596  74.9665 285.1688 14.19552327255158
GOES 17                 
1 43226U 18022A   22294.50881878  .00000104  00000+0  00000+0 0  9997
2 43226   0.0629 280.4948 0000425 324.7779 190.5266  1.00273024 17030
FENGYUN 2H              
1 43491U 18050A   22294.50895167 -.00000120  00000+0  00000+0 0  9997
2 43491   1.4616  94.7013 0003588  70.4563 127.1337  1.00272162 16051
METOP-C                 
1 43689U 18087A   22294.78706780  .00000076  00000+0  54737-4 0  9998
2 43689  98.7197 352.7327 0003790  47.4161 312.7336 14.21478457205256
GEO-KOMPSAT-2A          
1 43823U 18100A   22293.72961108 -.00000340  00000+0  00000+0 0  9998
2 43823   0.0298  51.9674 0001011  84.2983 283.8401  1.00270350 14223
METEOR-M2 2             
1 44387U 19038A   22294.79350575  .00000051  00000+0  41912-4 0  9993
2 44387  98.7390 254.6484 0000249 304.5110  55.6049 14.23725953171386
FENGYUN 3E              
1 49008U 21062A   22294.80447243  .00000023  00000+0  31532-4 0  9995
2 49008  98.7170 294.8010 0001841  21.9976 338.1281 14.19742635 67244
GOES 18                 
1 51850U 22021A   22294.75250512  .00000102  00000+0  00000+0 0  9993
2 51850   0.0256  85.9849 0002602 141.8910 296.2690  1.00273548  2423
